chemical_id,kappa,gamma,delta,Dataset
DTXSID0047872,0.43333333333333335,0.4078021978021978,3.1811947441173736,Train
DTXSID5020948,0.6666666666666666,0.6371865480482148,4.6604720790924175,Train
DTXSID2047064,0.4782608695652174,0.4281642512077295,2.227105745132009,Train
DTXSID3025253,0.7570093457943925,0.6280930857437121,6.474565622495458,Train
DTXSID8047189,0.0,0.0,0.0,Train
DTXSID9057686,0.7586206896551724,0.7402347501258572,3.594440151122286,Train
DTXSID2020391,0.7631578947368421,0.6668057032614358,3.815756805667783,Train
DTXSID6038875,0.53125,0.3992980884109916,2.2181073012818833,Train
DTXSID2022549,0.48484848484848486,0.40439821521491215,2.32379000772445,Train
DTXSID3038696,0.3448275862068966,0.3230965713724334,1.854723699099141,Train
DTXSID8038855,0.6538461538461539,0.6274498046237176,3.1622776601683795,Train
DTXSID3020384,0.24242424242424243,0.16372650453754853,1.61245154965971,Train
DTXSID6021371,0.36231884057971014,0.3190768565200752,3.0133038346638727,Train
DTXSID0025864,0.5,0.44935587761674717,1.886796226411321,Train
DTXSID5045889,0.6341463414634146,0.5891369606003753,3.934463114581201,Train
DTXSID7049398,0.7428571428571429,0.7276919404125287,3.8314488121336034,Train
DTXSID5033674,0.6727272727272727,0.5708009903710984,4.069397989875161,Train
DTXSID3020966,0.4375,0.40212675255778707,1.876166303929372,Train
DTXSID4033390,0.625,0.5330213903743315,3.124099870362662,Train
DTXSID3026984,0.4,0.3691954022988505,2.23606797749979,Train
DTXSID3030056,0.6086956521739131,0.4733408620365142,2.209072203437452,Train
DTXSID1020063,0.46875,0.3842579084389429,2.4,Train
DTXSID6024597,0.34615384615384615,0.3310534293292914,1.854723699099141,Train
DTXSID5021590,0.0,0.0,0.0,Train
DTXSID6020430,0.5,0.4246428571428572,1.42828568570857,Train
DTXSID4020119,0.7586206896551724,0.7460261322330288,5.2115256883181535,Train
DTXSID6023737,0.6792452830188679,0.6545203386800578,4.1182520563948,Train
DTXSID7020504,0.5882352941176471,0.46908850026497084,3.1811947441173736,Train
DTXSID6045323,0.5609756097560976,0.48194532562645787,3.5327043465311387,Train
DTXSID2026652,0.42857142857142855,0.35242481203007514,1.0954451150103324,Train
DTXSID2044894,0.38461538461538464,0.38461538461538464,2.23606797749979,Train
DTXSID2047272,0.7752808988764045,0.7673172342789092,6.092618484691127,Train
DTXSID0046513,0.6086956521739131,0.48872477636779693,2.0976176963403033,Train
DTXSID2022543,0.391304347826087,0.37018840579710144,1.5874507866387546,Train
DTXSID3029607,0.3333333333333333,0.16333333333333333,1.3711309200802089,Train
DTXSID8047137,0.29333333333333333,0.19975401069518717,2.7928480087537886,Train
DTXSID4024018,0.6363636363636364,0.577016317016317,3.340658617698013,Train
DTXSID6040795,0.5666666666666667,0.5103333333333333,2.891366458960192,Train
DTXSID9027443,0.5714285714285714,0.5237647410061204,3.1496031496047245,Train
DTXSID9048695,0.6666666666666666,0.612086112086112,3.6,Train
DTXSID4044400,0.46153846153846156,0.445970695970696,2.1071307505705477,Train
DTXSID8027537,0.5,0.4746031746031746,2.227105745132009,Train
DTXSID6045117,0.6938775510204082,0.6607593811718235,3.7523326078587433,Train
DTXSID5033468,0.5,0.4666666666666666,3.5327043465311387,Train
DTXSID7029534,0.7037037037037037,0.6545502645502645,3.2310988842807027,Train
DTXSID9048859,0.5416666666666666,0.3886184236184236,2.7129319932501073,Train
DTXSID0037237,0.53125,0.4886439881910897,4.749736834815167,Train
DTXSID0045709,0.5645161290322581,0.5215552329523112,4.28485705712571,Train
DTXSID2026997,0.4444444444444444,0.40509941520467835,2.1633307652783933,Train
DTXSID4035592,0.2962962962962963,0.2844444444444444,2.262741699796952,Train
DTXSID7022043,0.5909090909090909,0.49145383601905335,2.209072203437452,Train
DTXSID4057766,0.625,0.5237804417119172,3.9648455203198023,Train
DTXSID9041237,0.7575757575757576,0.7181818181818181,3.5832945734337835,Train
DTXSID4047705,0.2857142857142857,0.1871428571428571,1.7776388834631178,Train
DTXSID1020510,0.5925925925925926,0.537425731578655,3.1622776601683795,Train
DTXSID9046100,0.7058823529411765,0.6814162592490767,3.773592452822642,Train
DTXSID4040767,0.525,0.5021623445307656,3.7894590642992836,Train
DTXSID2032392,0.6323529411764706,0.5653063139131251,4.94368283772331,Train
DTXSID1025148,0.5294117647058824,0.4685197155785391,1.7435595774162693,Train
DTXSID8020830,0.6923076923076923,0.5499914719426915,3.2124756808418025,Train
DTXSID3021803,0.46153846153846156,0.44517094017094017,2.6305892875931813,Train
DTXSID6044852,0.6190476190476191,0.4700751879699248,1.9183326093250879,Train
DTXSID2024660,0.6086956521739131,0.5652639751552795,2.4000000000000004,Train
DTXSID9033058,0.8387096774193549,0.823035087227327,3.2434549480453714,Train
DTXSID7022174,0.5121951219512195,0.43572214323774167,3.54400902933387,Train
DTXSID7025217,0.631578947368421,0.630844553243574,4.404543109109048,Train
DTXSID6026797,0.5333333333333333,0.43487179487179484,1.2489995996796797,Train
DTXSID1026667,0.6428571428571429,0.6066149068322981,2.9933259094191533,Train
DTXSID4022315,0.74,0.6775821281975466,4.409081537009721,Train
DTXSID2023016,0.3958333333333333,0.3394316075714763,2.8000000000000003,Train
DTXSID9027233,0.5,0.45809523809523806,2.039607805437114,Train
DTXSID0041985,0.5818181818181818,0.5134142131505114,3.5213633723318023,Train
DTXSID4041230,0.72,0.6413886328725038,2.939387691339814,Train
DTXSID2020507,0.5238095238095238,0.4909279126670431,1.7088007490635064,Train
DTXSID8022872,0.7,0.5487782805429864,3.2619012860600183,Train
DTXSID6047529,0.6296296296296297,0.5782415499879349,2.7856776554368237,Train
DTXSID3032591,0.7096774193548387,0.5436021505376344,2.821347195933177,Train
DTXSID8020545,0.6818181818181818,0.6072427572427572,2.08806130178211,Train
DTXSID9048778,0.6666666666666666,0.653986013986014,4.47213595499958,Train
DTXSID5021598,0.0,0.0,0.0,Train
DTXSID2045527,0.5694444444444444,0.5191059757236228,4.4810713004816165,Train
DTXSID4021636,0.46153846153846156,0.4175824175824176,1.6248076809271923,Train
DTXSID7040948,0.5416666666666666,0.4968042493904563,3.006659275674582,Train
DTXSID8046450,0.7931034482758621,0.789602276413396,7.219418259112018,Train
DTXSID1044774,0.2222222222222222,0.14444444444444443,1.4000000000000001,Train
DTXSID7034250,0.6326530612244898,0.561000309214595,3.6166282640050245,Train
DTXSID6020355,0.675,0.5760984848484849,2.973213749463701,Train
DTXSID5032654,0.7916666666666666,0.7729868578255674,3.682390527904394,Train
DTXSID1027920,0.47368421052631576,0.34067669172932324,1.7663521732655694,Train
DTXSID8046161,0.6,0.5198305637015315,3.1304951684997055,Train
DTXSID1044431,0.65,0.6046783625730995,2.5219040425836985,Train
DTXSID5047611,0.27586206896551724,0.2492337164750958,2.08806130178211,Train
DTXSID3027241,0.5909090909090909,0.5281197063805759,2.3065125189341593,Train
DTXSID1023021,0.6491228070175439,0.5666500883622596,4.069397989875161,Train
DTXSID1046891,0.7,0.6020560396163731,3.9089640571384128,Train
DTXSID8041743,0.5,0.4532967032967033,3.2310988842807027,Train
DTXSID9044790,0.5,0.46401204159824855,2.1725560982400434,Train
DTXSID5023792,0.44,0.4368695652173913,2.280350850198276,Train
DTXSID7048794,0.6190476190476191,0.5458788550393769,3.458323293158117,Train
DTXSID9044459,0.6379310344827587,0.5089755722481811,3.4813790371058424,Train
DTXSID1048706,0.6818181818181818,0.6371333472019971,3.0528675044947495,Train
DTXSID3047346,0.7951807228915663,0.7819162531066841,6.26418390534633,Train
DTXSID0045383,0.5925925925925926,0.5693503071227042,4.409081537009721,Train
DTXSID0044367,0.3333333333333333,0.18666666666666668,1.0583005244258363,Train
DTXSID7022598,0.6296296296296297,0.5361151719007505,3.6932370625238775,Train
DTXSID4045262,0.7307692307692307,0.688493384840134,3.5213633723318014,Train
DTXSID3020912,0.6229508196721312,0.528469284813547,3.964845520319802,Train
DTXSID7021100,0.42857142857142855,0.3463962752409479,2.4166091947189146,Train
DTXSID8046400,0.47619047619047616,0.39576441102756893,1.969771560359221,Train
DTXSID9032581,0.7358490566037735,0.7266301087543273,4.824935232725927,Train
DTXSID3049255,0.0,0.0,0.0,Train
DTXSID5045174,0.78125,0.7124242424242424,3.370459909270543,Train
DTXSID6020303,0.65,0.5966176470588235,2.8000000000000003,Train
DTXSID3037250,0.6122448979591837,0.5980433851862423,4.039801975344831,Train
DTXSID3023685,0.5789473684210527,0.5331065468549423,3.789459064299283,Train
DTXSID7042146,0.5,0.44705820105820104,2.2715633383201097,Train
DTXSID9026130,0.6111111111111112,0.569047619047619,2.545584412271571,Train
DTXSID2044395,0.0,0.0,0.0,Train
DTXSID0046305,0.7105263157894737,0.7018612907757449,5.87196730236128,Train
DTXSID1034973,0.7704918032786885,0.6862722190817159,4.494441010848846,Train
DTXSID7031290,0.7090909090909091,0.6820904699165569,5.1884487084291395,Train
DTXSID5021334,0.6818181818181818,0.6135858585858586,2.521904042583698,Train
DTXSID7041461,0.8181818181818182,0.7687825624667731,3.0854497241083028,Train
DTXSID9049324,0.6333333333333333,0.5086243386243386,2.5219040425836985,Train
DTXSID0025604,0.6818181818181818,0.6572746094485225,2.340939982143925,Train
DTXSID9047203,0.4375,0.3818521018829368,2.04939015319192,Train
DTXSID6046349,0.5483870967741935,0.5117428328394762,2.814249455894058,Train
DTXSID9044821,0.6,0.5285958485958486,3.4058772731852804,Train
DTXSID6047311,0.7647058823529411,0.7549095119434166,7.127411872482185,Train
DTXSID6048672,0.5483870967741935,0.4648528365302559,2.85657137141714,Train
DTXSID6022715,0.6521739130434783,0.6141573743800679,3.5832945734337835,Train
DTXSID7047435,0.527027027027027,0.5021459647032213,4.728636167014756,Train
DTXSID5025730,0.5666666666666667,0.49131874922753677,2.4979991993593593,Train
DTXSID2041468,0.40625,0.3920794930875576,2.349468024894146,Train
DTXSID1047655,0.375,0.12205882352941178,0.7483314773547883,Train
DTXSID5048506,0.7611940298507462,0.6429516177017967,5.035871324805669,Train
DTXSID9048190,0.746268656716418,0.6264515669992851,4.591296113299599,Train
DTXSID7023221,0.7297297297297297,0.6895244248995894,4.440720662234903,Train
DTXSID4044747,0.6666666666666666,0.6364968364968364,3.2924155266308657,Train
DTXSID9023388,0.6774193548387096,0.5848326897902449,4.58257569495584,Train
DTXSID1022138,0.5652173913043478,0.37227743271221525,1.949358868961793,Train
DTXSID5037498,0.6415094339622641,0.6087801444158836,4.09878030638384,Train
DTXSID0041274,0.6666666666666666,0.6106478494623656,2.814249455894058,Train
DTXSID7047196,0.7586206896551724,0.6995855437665783,3.5327043465311387,Train
DTXSID0023587,0.7540983606557377,0.7386675385504425,4.560701700396552,Train
DTXSID3042633,0.5161290322580645,0.4090824343811981,2.7422618401604177,Train
DTXSID6048919,0.6753246753246753,0.6456458789120079,5.071488933242387,Train
DTXSID3044837,0.7560975609756098,0.7238034848903293,3.435112807463534,Train
DTXSID4026765,0.7058823529411765,0.6796335046974433,2.6608269391300143,Train
DTXSID4048854,0.6888888888888889,0.6662358846516495,4.931531202375181,Train
DTXSID1022217,0.6428571428571429,0.5910714285714286,3.286335345030997,Train
DTXSID6027131,0.8181818181818182,0.783486260116695,3.111269837220809,Train
DTXSID3049413,0.6153846153846154,0.5355439318745769,2.4083189157584592,Train
DTXSID7041910,0.6571428571428571,0.6037130541871921,3.1622776601683795,Train
DTXSID4020321,0.65,0.5177101449275362,3.286335345030997,Train
DTXSID8022113,0.7142857142857143,0.6852785558667912,2.877498913987632,Train
DTXSID4026214,0.4411764705882353,0.40325455695474677,2.8425340807103794,Train
DTXSID1025807,0.48717948717948717,0.4097540933747831,2.181742422927143,Train
DTXSID2026991,0.6875,0.6410087719298245,2.2627416997969525,Train
DTXSID1027899,0.4583333333333333,0.4173057644110275,1.788854381999832,Train
DTXSID7025138,0.5833333333333334,0.5540691192865106,2.513961017995307,Train
DTXSID6045292,0.6081081081081081,0.5911067661067662,4.1521078984053394,Train
DTXSID1024124,0.5384615384615384,0.48311755524713423,3.7576588456111875,Train
DTXSID9046152,0.5675675675675675,0.5220822143162569,3.4467375879228177,Train
DTXSID1021118,0.6428571428571429,0.5555700465644848,3.2434549480453714,Train
DTXSID2031956,0.6595744680851063,0.5880776843146956,3.6000000000000005,Train
DTXSID0020367,0.56,0.4290289855072464,2.2,Train
DTXSID4045187,0.5625,0.40741508940296,3.4756294393965534,Train
DTXSID5024976,0.52,0.45572670807453414,2.3664319132398464,Train
DTXSID1046263,0.71875,0.6157957984408206,4.24735211631906,Train
DTXSID8037750,0.5,0.44596941070625284,3.3763886032268267,Train
DTXSID8020969,0.6363636363636364,0.5536616161616161,2.12602916254693,Train
DTXSID7046461,0.5813953488372093,0.5024726316403516,3.509985754956849,Train
DTXSID7042279,0.5151515151515151,0.40941919191919196,2.3409399821439254,Train
DTXSID4047333,0.7733333333333333,0.7670962082057973,5.949789912257407,Train
DTXSID8041117,0.7777777777777778,0.38556773227142366,4.79583152331272,Train
DTXSID3021770,0.6,0.5112898550724638,2.340939982143925,Train
DTXSID4025080,0.5652173913043478,0.4685793768308238,1.886796226411321,Train
DTXSID6029250,0.78125,0.7547348484848484,3.627671429443411,Train
DTXSID0023298,0.5087719298245614,0.45963942032053495,3.6441734316577197,Train
DTXSID6048208,0.37037037037037035,0.34098140185096704,2.0688160865577205,Train
DTXSID8024286,0.8,0.7407635467980296,2.5219040425836985,Train
DTXSID7042065,0.5333333333333333,0.42344827586206896,2.489979919597747,Train
DTXSID9026558,0.4864864864864865,0.4253352900411723,2.764054992217051,Train
DTXSID3044629,0.68,0.6443011583011583,3.1622776601683795,Train
DTXSID7025768,0.5483870967741935,0.5116555338329531,3.3346664001066135,Train
DTXSID5025447,0.5,0.43249999999999994,2.2,Train
DTXSID1044489,0.6666666666666666,0.619367816091954,2.8071337695236402,Train
DTXSID2048793,0.5492957746478874,0.4401696752736748,4.084115571332427,Train
DTXSID3026190,0.5945945945945946,0.5846788167477823,3.4467375879228173,Train
DTXSID0057702,0.7790697674418605,0.7045944961520983,5.8753723286273525,Train
DTXSID5044998,0.7333333333333333,0.7272415795586528,4.991993589739474,Train
DTXSID6023656,0.6153846153846154,0.5337023025547616,4.298837052040936,Train
DTXSID6044642,0.7068965517241379,0.660066897821362,5.2345009313209605,Train
DTXSID0023901,0.6756756756756757,0.6580613388508125,4.069397989875161,Train
DTXSID2021995,0.6111111111111112,0.5853757353757354,3.2,Train
DTXSID4045474,0.5,0.47171168369862404,4.445222154178574,Train
DTXSID3047716,0.6923076923076923,0.5907414424655804,2.6229754097208002,Train
DTXSID0049238,0.7,0.5482815734989648,3.2557641192199416,Train
DTXSID4041280,0.6785714285714286,0.58991341991342,2.785677655436824,Train
DTXSID5046485,0.6610169491525424,0.5643154546782291,4.656178690729127,Train
DTXSID1034769,0.5714285714285714,0.39591189541355654,2.925747767665559,Train
DTXSID1024702,0.4444444444444444,0.35934343434343435,2.5219040425836985,Train
DTXSID9034365,0.7528089887640449,0.7403792267006727,6.0332412515993425,Train
DTXSID8042210,0.7142857142857143,0.6370336134453782,2.0099751242241783,Train
DTXSID6041684,0.5135135135135135,0.4469462383711421,2.7712812921102037,Train
DTXSID9022079,0.7391304347826086,0.6756521739130434,2.4979991993593593,Train
DTXSID9022607,0.6938775510204082,0.6539801885666547,4.669047011971501,Train
DTXSID4041995,0.6808510638297872,0.6385570871774557,4.084115571332427,Train
DTXSID3021196,0.5384615384615384,0.40215384615384614,1.7435595774162695,Train
DTXSID9026059,0.5333333333333333,0.4717016317016317,1.4966629547095767,Train
DTXSID2041416,0.5714285714285714,0.5297754189395055,2.253885533916929,Train
DTXSID7047277,0.7323943661971831,0.7155478362527645,5.871967302361279,Train
DTXSID2032637,0.7291666666666666,0.6965078181938648,4.582575694955841,Train
DTXSID7046384,0.6538461538461539,0.6069827544300612,4.354308211415448,Train
DTXSID2020634,0.7441860465116279,0.6918121196965908,3.168595903550972,Train
DTXSID8027402,0.46153846153846156,0.3686785837850306,2.0,Train
DTXSID4021341,0.5483870967741935,0.47841816009557947,2.9933259094191533,Train
DTXSID9042203,0.5306122448979592,0.41586084121798417,3.1811947441173736,Train
DTXSID1041681,0.6382978723404256,0.6032067203020024,4.64327470649756,Train
DTXSID4027026,0.3333333333333333,0.06666666666666667,0.48989794855663565,Train
DTXSID6044355,0.5,0.40444444444444444,1.8973665961010278,Train
DTXSID2040608,0.6,0.36365248226950364,3.104834939252005,Train
DTXSID5025572,0.375,0.3421936758893281,1.5874507866387546,Train
DTXSID7023227,0.6705882352941176,0.5586345552713838,4.613025037868319,Train
DTXSID7047645,0.4,0.36,2.2891046284519194,Train
DTXSID8024658,0.48,0.46318266253869966,1.7549928774784245,Train
DTXSID4044743,0.4838709677419355,0.3884613856666137,2.2715633383201093,Train
DTXSID1021031,0.5517241379310345,0.5027257799671594,2.9597297173897488,Train
DTXSID9022780,0.5675675675675675,0.4096674495003333,3.22490309931942,Train
DTXSID4042335,0.4482758620689655,0.3097778034059893,1.6492422502470643,Train
DTXSID6023652,0.7222222222222222,0.6778898541398541,3.5608987629529714,Train
DTXSID2047436,0.7323943661971831,0.5105889511848856,4.68187996428785,Train
DTXSID6032647,0.5945945945945946,0.5869061608192043,3.9698866482558417,Train
DTXSID9045849,0.5833333333333334,0.5295970827355332,3.3105890714493698,Train
DTXSID0024000,0.5862068965517241,0.5646162266851922,2.383275057562597,Train
DTXSID4040343,0.3870967741935484,0.36216401527858705,2.5377155080899043,Train
DTXSID9027021,0.3793103448275862,0.34583609493954326,1.8439088914585775,Train
DTXSID7024241,0.49056603773584906,0.3909850958288941,3.6441734316577197,Train
DTXSID4046151,0.66,0.6033157894736842,4.1521078984053394,Train
DTXSID9045342,0.6507936507936508,0.5796961595372612,4.634652090502587,Train
DTXSID6022137,0.5652173913043478,0.37227743271221525,1.949358868961793,Train
DTXSID9021639,0.0,0.0,0.0,Train
DTXSID0045462,0.7014925373134329,0.5345842217484009,3.7841775856849003,Train
DTXSID7046041,0.53125,0.46092980295566505,2.23606797749979,Train
DTXSID4025749,0.5333333333333333,0.4955469396195203,2.821347195933177,Train
DTXSID9036438,0.6590909090909091,0.6036166906379672,4.113392760240627,Train
DTXSID3040693,0.6666666666666666,0.5679051459293395,3.2496153618543846,Train
DTXSID3047895,0.6136363636363636,0.5984681935174204,4.1952353926806065,Train
DTXSID4021688,0.0,0.0,0.0,Train
DTXSID8023262,0.6545454545454545,0.6453624506879105,4.608687448721165,Train
DTXSID3044465,0.5161290322580645,0.44867383512544806,2.4166091947189146,Train
DTXSID3040271,0.6296296296296297,0.6086701918020376,2.727636339397171,Train
DTXSID7022968,0.48717948717948717,0.42520399654546,3.54400902933387,Train
DTXSID9021346,0.5833333333333334,0.5298534798534799,1.7320508075688776,Train
DTXSID3036288,0.391304347826087,0.1915144580819638,1.0392304845413265,Train
DTXSID0048185,0.7142857142857143,0.702303976760944,4.737087712930805,Train
DTXSID7047647,0.42105263157894735,0.37722639933166247,2.32379000772445,Train
DTXSID0025991,0.5789473684210527,0.5438552484891157,2.1071307505705477,Train
DTXSID0040707,0.4074074074074074,0.2762496762496763,1.8110770276274835,Train
DTXSID1021372,0.6153846153846154,0.5045054945054945,2.6832815729997477,Train
DTXSID2020268,0.6666666666666666,0.650595238095238,3.5042830935870466,Train
DTXSID8042187,0.5555555555555556,0.512020202020202,2.349468024894146,Train
DTXSID6024911,0.5,0.3709308807134894,2.2538855339169293,Train
DTXSID7023437,0.6078431372549019,0.4551982049311028,3.492849839314596,Train
DTXSID6020690,0.5909090909090909,0.5293807641633729,2.918903903865285,Train
DTXSID5044815,0.13043478260869565,0.11387163561076605,1.4000000000000001,Train
DTXSID6057821,0.7971014492753623,0.7113277919863598,4.6173585522460785,Train
DTXSID5027227,0.7222222222222222,0.704841694253459,2.863564212655271,Train
DTXSID6048591,0.6464646464646465,0.5374195163491253,5.184592558726288,Train
DTXSID5046724,0.7142857142857143,0.6725814536340853,4.829078587059854,Train
DTXSID5027772,0.6666666666666666,0.6469218500797448,2.7129319932501077,Train
DTXSID4041440,0.5517241379310345,0.4707161803713529,2.489979919597747,Train
DTXSID4047173,0.7142857142857143,0.5636904761904762,3.065941943351178,Train
DTXSID4024270,0.7222222222222222,0.6833990222049924,5.2421369688324635,Train
DTXSID7044926,0.7272727272727273,0.6776143676143676,3.5383612025908264,Train
DTXSID1025722,0.34615384615384615,0.3182630272952854,2.4248711305964283,Train
DTXSID6046638,0.6862745098039216,0.6634771241830066,4.586937976471886,Train
DTXSID2022967,0.6666666666666666,0.592199963808598,4.1085277168348275,Train
DTXSID3029869,0.5961538461538461,0.5326911785210384,4.298837052040936,Train
DTXSID2027830,0.675,0.6274547803617571,3.423448553724738,Train
DTXSID6025068,0.0,0.0,0.0,Train
DTXSID1038822,0.45161290322580644,0.37227783957483623,2.4819347291981715,Train
DTXSID2020262,0.625,0.5774675324675325,3.0463092423455636,Train
DTXSID7045497,0.6376811594202898,0.5791804285827011,4.123105625617661,Train
DTXSID6043913,0.7321428571428571,0.7253385503385503,4.8207883172775805,Train
DTXSID9027314,0.5909090909090909,0.5527733214497921,2.4248711305964283,Train
DTXSID4020375,0.5769230769230769,0.4635172798216276,1.854723699099141,Train
DTXSID3047681,0.5294117647058824,0.49638009049773757,1.876166303929372,Train
DTXSID2046882,0.5769230769230769,0.5331899984073896,2.7129319932501077,Train
DTXSID7048796,0.6792452830188679,0.6651093201497514,5.095095681142799,Train
DTXSID4045343,0.5818181818181818,0.417116506681724,3.566510900025402,Train
DTXSID1024621,0.3125,0.24204545454545454,1.3856406460551018,Train
DTXSID7024299,0.7068965517241379,0.6973289206789793,5.458937625582473,Train
DTXSID7021788,0.5135135135135135,0.4534061659061659,2.8495613697550017,Train
DTXSID7026441,0.7142857142857143,0.5956083390293917,2.2715633383201093,Train
DTXSID9040718,0.5517241379310345,0.49211822660098525,2.6981475126464085,Train
DTXSID7048900,0.6041666666666666,0.5443841924121428,3.994996871087636,Train
DTXSID5034355,0.6515151515151515,0.6190192766377496,4.1856899072912706,Train
DTXSID6045662,0.7375,0.7104313002842415,6.0,Train
DTXSID7021027,0.6086956521739131,0.5468300395256918,2.6832815729997477,Train
DTXSID8057647,0.5609756097560976,0.4486469491937445,3.124099870362662,Train
DTXSID9047041,0.7586206896551724,0.7562091964014291,5.653317610041028,Train
DTXSID0026830,0.6111111111111112,0.5427117327117327,2.0591260281974,Train
DTXSID8027581,0.75,0.592822966507177,1.7204650534085255,Train
DTXSID3042394,0.5833333333333334,0.4983029453015428,2.4413111231467406,Train
DTXSID7046912,0.4117647058823529,0.3289496139295645,3.1811947441173736,Train
DTXSID0044363,0.047619047619047616,0.009523809523809523,0.2,Train
DTXSID9021976,0.5,0.37086956521739134,1.7888543819998317,Train
DTXSID5041356,0.4772727272727273,0.37685699832758657,2.821347195933177,Train
DTXSID0046276,0.6724137931034483,0.6020654109688407,4.758150901348127,Train
DTXSID7044217,0.7294117647058823,0.7187678013167631,5.782732917920384,Train
DTXSID4027529,0.5882352941176471,0.5412581699346405,2.1633307652783937,Train
DTXSID1044801,0.6363636363636364,0.5820346320346321,2.4979991993593593,Train
DTXSID6045828,0.6206896551724138,0.5602668170793822,4.551922670696417,Train
DTXSID3046162,0.6,0.5733333333333335,3.452535300326414,Train
DTXSID9044823,0.631578947368421,0.5897243107769423,2.553429066960741,Train
DTXSID3022667,0.24242424242424243,0.16372650453754853,1.61245154965971,Train
DTXSID4049298,0.15384615384615385,0.03076923076923077,0.4,Train
DTXSID4024012,0.4666666666666667,0.42622710622710624,1.0954451150103324,Train
DTXSID5045380,0.6507936507936508,0.6028775671522346,5.355371135598354,Train
DTXSID9024483,0.6060606060606061,0.5767808086425995,3.0,Train
DTXSID8031077,0.5555555555555556,0.5111828814460393,3.1937438845342627,Train
DTXSID1020809,0.6785714285714286,0.6031206144478457,2.749545416973504,Train
DTXSID2030695,0.6153846153846154,0.5281421502474134,3.4871191548325386,Train
DTXSID0044868,0.5675675675675675,0.5234059866317932,2.5768197453450252,Train
DTXSID9057761,0.6415094339622641,0.5390171202542586,3.3105890714493698,Train
DTXSID3048815,0.5833333333333334,0.5116710397695118,4.27551166528639,Train
DTXSID0046721,0.7333333333333333,0.5115346269898798,4.586937976471886,Train
DTXSID9021053,0.6153846153846154,0.5387055702917772,2.4413111231467406,Train
DTXSID0047408,0.5,0.4628596338273757,3.174901573277509,Train
DTXSID8020206,0.2857142857142857,0.2857142857142857,2.0,Train
DTXSID1021160,0.68,0.6478627450980392,3.1749015732775088,Train
DTXSID9020112,0.40625,0.3343968531468532,1.7320508075688776,Train
DTXSID2046127,0.6612903225806451,0.6282034555754885,4.787483681434329,Train
DTXSID2049349,0.0,0.0,0.0,Train
DTXSID5034303,0.696969696969697,0.6109131701631701,4.651881339845203,Train
DTXSID0044658,0.6538461538461539,0.582014652014652,2.734958866235469,Train
DTXSID0020818,0.6666666666666666,0.5027591912045912,3.5721142198983507,Train
DTXSID3048522,0.717948717948718,0.7100739648358696,5.973273809227232,Train
DTXSID7022912,0.6829268292682927,0.5438137085658722,3.286335345030997,Train
DTXSID0047084,0.6785714285714286,0.6547589507266925,3.655133376499413,Train
DTXSID0047454,0.7857142857142857,0.6255882012724118,3.730951621235526,Train
DTXSID5021126,0.6785714285714286,0.5687619047619048,2.433105012119288,Train
DTXSID1045669,0.5416666666666666,0.39140843214756255,2.842534080710379,Train
DTXSID0046563,0.55,0.44626262626262625,2.349468024894146,Train
DTXSID5045417,0.7702702702702703,0.7453678206508394,5.366563145999495,Train
DTXSID6040745,0.6415094339622641,0.595967092651062,4.17612260356422,Train
DTXSID3044411,0.6923076923076923,0.5999898652072565,2.8844410203711917,Train
DTXSID3044702,0.5652173913043478,0.5287144739318652,2.7129319932501073,Train
DTXSID4044456,0.7307692307692307,0.6988333505574886,3.3346664001066135,Train
DTXSID2025478,0.5416666666666666,0.5070289855072463,2.1908902300206647,Train
DTXSID7045572,0.7263157894736842,0.5548656896138089,4.829078587059854,Train
DTXSID3024362,0.7142857142857143,0.6456166056166056,1.9078784028338915,Train
DTXSID5029186,0.68,0.5994920634920635,2.3151673805580453,Train
DTXSID9032537,0.3333333333333333,0.2444444444444444,1.4422205101855958,Train
DTXSID4021395,0.4,0.357394896651845,2.078460969082653,Train
DTXSID3045647,0.4605263157894737,0.40786743525809505,4.6,Train
DTXSID1033161,0.7419354838709677,0.6476622402353837,3.8418745424597094,Train
DTXSID4047410,0.4897959183673469,0.44895442418518083,3.8781438859330635,Train
DTXSID4047258,0.7763157894736842,0.596853524296515,4.935585071701227,Train
DTXSID0027515,0.7857142857142857,0.7594220594220593,3.4698703145794947,Train
DTXSID3031492,0.631578947368421,0.5715818959162613,2.4819347291981715,Train
DTXSID0025812,0.53125,0.44699074074074063,3.1176914536239795,Train
DTXSID9045182,0.6153846153846154,0.522947052947053,4.427188724235731,Train
DTXSID7029611,0.32142857142857145,0.23994708994708996,1.8220867158288598,Train
DTXSID4047121,0.6764705882352942,0.6419607843137255,3.2557641192199416,Train
DTXSID9048518,0.7692307692307693,0.7586663220432012,5.574943945906542,Train
DTXSID2025765,0.42857142857142855,0.4037267080745342,2.6457513110645907,Train
DTXSID1021902,0.5384615384615384,0.42435897435897435,1.3856406460551018,Train
DTXSID5041726,0.5915492957746479,0.5494352646723579,4.485532298401161,Train
DTXSID8049208,0.5789473684210527,0.4624561403508771,2.6832815729997477,Train
DTXSID2044268,0.509090909090909,0.3788413315035879,3.0199337741083,Train
DTXSID8024448,0.6666666666666666,0.5577075098814229,2.5768197453450252,Train
DTXSID4023460,0.6818181818181818,0.6557785674078243,3.5777087639996634,Train
DTXSID4057689,0.5142857142857142,0.4616307311633661,4.28485705712571,Train
DTXSID2025634,0.4827586206896552,0.3821124000211876,2.181742422927143,Train
DTXSID6041420,0.625,0.5331418581418581,2.3916521486202797,Train
DTXSID5044948,0.5526315789473685,0.4781342892114006,2.7202941017470885,Train
DTXSID9021217,0.7073170731707317,0.6985489761314726,4.029888335921977,Train
DTXSID4020959,0.4,0.3640671971706454,2.227105745132009,Train
DTXSID9033979,0.7121212121212122,0.5044576776377276,4.363484845854286,Train
DTXSID5047168,0.74,0.6996806327087844,4.280186911806539,Train
DTXSID8021856,0.48148148148148145,0.3183516322646757,1.9798989873223332,Train
DTXSID0021121,0.6071428571428571,0.5627348732362216,2.8495613697550017,Train
DTXSID7023011,0.59375,0.5448872021927051,3.4698703145794947,Train
DTXSID7057816,0.7358490566037735,0.6561375584420057,5.019960159204453,Train
DTXSID6020933,0.43333333333333335,0.41376026272578,2.2978250586152114,Train
DTXSID3026851,0.6111111111111112,0.5573436797121007,2.3065125189341593,Train
DTXSID4044587,0.6153846153846154,0.557033894754483,3.0331501776206204,Train
DTXSID8029072,0.7027027027027027,0.6284619808024063,3.538361202590827,Train
DTXSID9026219,0.4090909090909091,0.32727272727272727,2.1908902300206647,Train
DTXSID6044517,0.6842105263157895,0.6526051061156728,3.704051835490427,Train
DTXSID4046109,0.6935483870967742,0.5932476815743802,4.363484845854286,Train
DTXSID5027198,0.5454545454545454,0.520053872053872,2.253885533916929,Train
DTXSID5023035,0.7777777777777778,0.7667370008383834,7.255342858886822,Train
DTXSID8026519,0.3409090909090909,0.254929785661493,2.0688160865577205,Train
DTXSID0044575,0.7857142857142857,0.7642978345184227,4.24735211631906,Train
DTXSID3022247,0.5,0.3938112305854241,2.3065125189341593,Train
DTXSID8020674,0.7710843373493976,0.7690110147640269,5.607138307550475,Train
DTXSID9022366,0.4838709677419355,0.36305624483043836,3.1368774282716245,Train
DTXSID1022051,0.625,0.5270242914979757,2.4166091947189146,Train
DTXSID6034972,0.5357142857142857,0.4980279146141215,2.2627416997969525,Train
DTXSID2046385,0.65,0.5551394218064585,4.190465367951393,Train
DTXSID8020593,0.6666666666666666,0.637543728135932,3.1304951684997055,Train
DTXSID0033332,0.65,0.6079403794037941,3.622154055254967,Train
DTXSID9022817,0.7368421052631579,0.7323245590605073,5.524490926773253,Train
DTXSID2040236,0.7142857142857143,0.6876795044036423,3.3763886032268267,Train
DTXSID7024166,0.7368421052631579,0.6994129709299988,2.4979991993593593,Train
DTXSID7021237,0.7228915662650602,0.49884595280549293,4.294182110716778,Train
DTXSID3020889,0.5714285714285714,0.5171948051948052,2.1166010488516727,Train
DTXSID8026698,0.6388888888888888,0.62538543328017,2.545584412271571,Train
DTXSID7046332,0.7878787878787878,0.7692789968652038,4.6690470119715,Train
DTXSID0027270,0.0,0.0,0.0,Train
DTXSID7041708,0.6041666666666666,0.49742632988901647,3.6166282640050254,Train
DTXSID6046420,0.5555555555555556,0.5185185185185185,2.8495613697550017,Train
DTXSID4044909,0.6666666666666666,0.6299516908212561,2.898275349237888,Train
DTXSID1026740,0.2,0.1552941176470588,1.2489995996796797,Train
DTXSID0044604,0.7037037037037037,0.5830648514126775,2.8495613697550017,Train
DTXSID3022904,0.3717948717948718,0.3088724319159102,3.5383612025908264,Train
DTXSID4048727,0.7428571428571429,0.621131698761009,2.85657137141714,Train
DTXSID0047086,0.43478260869565216,0.2901185770750988,1.5874507866387546,Train
DTXSID8026725,0.2916666666666667,0.2916666666666667,2.6457513110645907,Train
DTXSID6032356,0.6944444444444444,0.6621311638553017,3.2680269276736382,Train
DTXSID2047648,0.47058823529411764,0.37109243697478994,2.4413111231467406,Train
DTXSID6023523,0.5909090909090909,0.483999333999334,2.2627416997969525,Train
DTXSID5025607,0.5757575757575758,0.5253346653346653,2.5298221281347035,Train
DTXSID8021199,0.6,0.5237407819387798,2.7712812921102037,Train
DTXSID4024488,0.5185185185185185,0.45543492900014637,2.1633307652783937,Train
DTXSID7021104,0.75,0.6933333333333332,2.04939015319192,Train
DTXSID8020179,0.5882352941176471,0.5551470588235294,2.3065125189341593,Train
DTXSID7024873,0.7692307692307693,0.7429003401139623,2.2978250586152114,Train
DTXSID5047035,0.43478260869565216,0.2901185770750988,1.5874507866387546,Train
DTXSID8047898,0.7027027027027027,0.6850814981080469,6.337191807101943,Train
DTXSID0041436,0.6111111111111112,0.5444444444444445,1.8220867158288598,Train
DTXSID8029105,0.48,0.4425928853754941,1.9183326093250879,Train
DTXSID1025306,0.825,0.7862322099114551,4.0,Train
DTXSID6049224,0.5384615384615384,0.4894700854700854,2.244994432064365,Train
DTXSID9034232,0.5675675675675675,0.49194488606253317,3.03315017762062,Train
DTXSID8029604,0.5416666666666666,0.44868421052631574,1.7088007490635064,Train
DTXSID0025527,0.5303030303030303,0.4460164339761191,3.3346664001066135,Train
DTXSID5023871,0.6666666666666666,0.5622032537355117,3.0854497241083028,Train
DTXSID3042261,0.64,0.6232026265051476,4.458699361921591,Train
DTXSID9047885,0.25806451612903225,0.05850945494994438,0.66332495807108,Train
DTXSID5045964,0.6521739130434783,0.46185968633141705,3.1368774282716245,Train
DTXSID6057611,0.5211267605633803,0.3859198136561219,4.09878030638384,Train
DTXSID5023114,0.5714285714285714,0.5097272150760522,2.877498913987632,Train
DTXSID6022131,0.6470588235294118,0.5544117647058824,2.2715633383201093,Train
DTXSID1020358,0.6333333333333333,0.38,2.3579652245103193,Train
DTXSID8024739,0.7317073170731707,0.7241986062717769,4.358898943540674,Train
DTXSID0048890,0.66,0.6018979591836735,4.409081537009721,Train
DTXSID7021362,0.5925925925925926,0.5176119251119251,2.3151673805580453,Train
DTXSID8049383,0.4666666666666667,0.4377142857142857,2.705549851693737,Train
DTXSID6025725,0.42857142857142855,0.3949354992833254,2.4413111231467406,Train
DTXSID7048740,0.5625,0.47272267206477736,1.8973665961010275,Train
DTXSID3024077,0.8823529411764706,0.8713622291021672,2.513961017995307,Train
DTXSID4032374,0.7692307692307693,0.7576055652670635,5.639148871948674,Train
DTXSID8032675,0.6458333333333334,0.594041105420305,3.8574603043971822,Train
DTXSID1047285,0.7272727272727273,0.6257097568319075,3.924283374069717,Train
DTXSID4027579,0.3125,0.1431818181818182,0.7211102550927979,Train
DTXSID5044360,0.5384615384615384,0.4511578947368421,1.9183326093250879,Train
DTXSID2044000,0.6666666666666666,0.5589090909090909,4.069397989875161,Train
DTXSID4024272,0.5,0.43321678321678325,2.227105745132009,Train
DTXSID9044619,0.4666666666666667,0.44666666666666666,2.3664319132398464,Train
DTXSID6044981,0.5416666666666666,0.415491118077325,2.04939015319192,Train
DTXSID3023265,0.6153846153846154,0.5327685957387018,4.525483399593904,Train
DTXSID8022325,0.5714285714285714,0.5055095468138946,2.227105745132009,Train
DTXSID8045935,0.5,0.4351550140286612,3.532704346531139,Train
DTXSID0020020,0.4827586206896552,0.46745119503740196,2.6907248094147422,Train
DTXSID2049214,0.6,0.5687762001352266,2.95296461204668,Train
DTXSID1046681,0.6947368421052632,0.6780537941238639,5.789645930452052,Train
DTXSID1045536,0.6885245901639344,0.6025352946278694,4.113392760240627,Train
DTXSID4021929,0.0,0.0,0.0,Train
DTXSID3020205,0.3142857142857143,0.2951785714285714,3.0919249667480617,Train
DTXSID3027798,0.7391304347826086,0.6903830951657038,2.90516780926679,Train
DTXSID0024979,0.5,0.42594466403162057,2.0,Train
DTXSID4026713,0.4482758620689655,0.4118656056587091,2.918903903865285,Train
DTXSID8048860,0.5714285714285714,0.44634071810542403,2.863564212655271,Train
DTXSID3044758,0.7380952380952381,0.5470608339029391,4.280186911806539,Train
DTXSID2044715,0.65625,0.5640531136069211,3.452535300326414,Train
DTXSID5032573,0.7457627118644068,0.7252731091576037,4.791659420284375,Train
DTXSID1032359,0.6666666666666666,0.5536757815827584,3.7202150475476548,Train
DTXSID8057643,0.6363636363636364,0.6283216783216783,5.681549084536717,Train
DTXSID6027975,0.16666666666666666,0.06533333333333333,0.6324555320336759,Train
DTXSID0037495,0.5,0.4176935483870968,2.6076809620810595,Train
DTXSID7044689,0.4864864864864865,0.40211807953743445,2.4819347291981715,Train
DTXSID0034855,0.6323529411764706,0.45684635915030436,3.9140771581561857,Train
DTXSID1044932,0.48,0.4392380952380952,2.029778313018444,Train
DTXSID6047319,0.7384615384615385,0.7165958083987284,4.874423042781577,Train
DTXSID1020275,0.5882352941176471,0.42976986584107324,1.928730152198591,Train
DTXSID2034095,0.7192982456140351,0.5515684525855991,3.9446165846632044,Train
DTXSID8022901,0.22058823529411764,0.20587810881928528,2.383275057562597,Train
DTXSID8048810,0.5625,0.4861791990964006,3.5156791662493894,Train
DTXSID1047158,0.5217391304347826,0.411764705882353,2.0591260281974,Train
DTXSID4026000,0.6,0.4855119122683382,2.7422618401604177,Train
DTXSID8025464,0.7,0.5810262725779968,2.349468024894146,Train
DTXSID1024912,0.6428571428571429,0.5200244200244201,1.6733200530681513,Train
DTXSID7023019,0.696969696969697,0.6796182069594048,3.4292856398964497,Train
DTXSID2032398,0.7719298245614035,0.7587199452977208,5.0,Train
DTXSID0048929,0.46,0.4245252525252526,3.5777087639996634,Train
DTXSID1046267,0.5789473684210527,0.4644525752884886,3.458323293158117,Train
DTXSID6023490,0.7073170731707317,0.5309327688093829,3.3286633954186478,Train
DTXSID4020161,0.4,0.31296703296703293,1.1661903789690602,Train
DTXSID6020066,0.6875,0.6280212463830244,3.3704599092705436,Train
DTXSID1047574,0.45652173913043476,0.3516423948514405,2.6608269391300143,Train
DTXSID7044762,0.6388888888888888,0.6342568542568542,3.8366652186501757,Train
DTXSID1046687,0.6986301369863014,0.569880035223182,4.516635916254486,Train
DTXSID8044591,0.5897435897435898,0.524015129187543,2.918903903865285,Train
DTXSID4047591,0.7,0.5039344574277775,3.5832945734337835,Train
DTXSID4044450,0.6666666666666666,0.6025839054157132,2.4979991993593593,Train
DTXSID0044490,0.6388888888888888,0.6111843711843712,3.8574603043971822,Train
DTXSID2020137,0.5,0.4333333333333334,1.6,Train
DTXSID4048773,0.6753246753246753,0.670962370962371,4.987985565335971,Train
DTXSID5057626,0.6949152542372882,0.6821390490457461,4.975942121849892,Train
DTXSID6027262,0.6956521739130435,0.6421607378129116,2.039607805437114,Train
DTXSID8020044,0.6153846153846154,0.5786324786324787,1.8220867158288598,Train
DTXSID4057716,0.6274509803921569,0.6152214885954381,5.059644256269407,Train
DTXSID2021232,0.5471698113207547,0.4716157804459692,3.6166282640050254,Train
DTXSID2046599,0.546875,0.41754695554900473,3.566510900025402,Train
DTXSID0044945,0.7333333333333333,0.6,2.4413111231467406,Train
DTXSID5027356,0.6363636363636364,0.5631898993455058,2.505992817228334,Train
DTXSID4047202,0.5625,0.5151346734466868,3.3406586176980135,Train
DTXSID1041891,0.47368421052631576,0.45708978328173383,1.9078784028338915,Train
DTXSID9046495,0.7192982456140351,0.6949686001659108,5.314132102234569,Train
DTXSID6024836,0.48,0.44745299145299144,2.6229754097208002,Train
DTXSID5027358,0.55,0.5177141382868937,2.3748684174075834,Train
DTXSID1022479,0.5217391304347826,0.4657287784679089,2.1633307652783937,Train
DTXSID0049313,0.65625,0.6210015135086293,3.3105890714493698,Train
DTXSID4025612,0.6111111111111112,0.5748270544609217,2.764054992217051,Train
DTXSID4046523,0.5714285714285714,0.5346017943409247,2.6832815729997477,Train
DTXSID3057858,0.68,0.5500589569160999,3.8418745424597094,Train
DTXSID8035180,0.6567164179104478,0.5593923359789681,4.849742261192857,Train
DTXSID1032646,0.71875,0.5977729885057471,3.4698703145794947,Train
DTXSID1048912,0.6744186046511628,0.565176360726657,3.111269837220809,Train
DTXSID0024341,0.5384615384615384,0.49345868945868937,2.340939982143925,Train
DTXSID3023716,0.7142857142857143,0.689578437727899,4.190465367951393,Train
DTXSID1022009,0.42857142857142855,0.2837426900584795,1.148912529307606,Train
DTXSID5047900,0.42857142857142855,0.2704761904761904,1.4832396974191326,Train
DTXSID9021974,0.5217391304347826,0.4916588021778584,2.06881608655772,Train
DTXSID1027263,0.05,0.05,1.0,Train
DTXSID8045983,0.7222222222222222,0.6728719505464908,3.3346664001066135,Train
DTXSID1032278,0.7557251908396947,0.667000830202642,7.584194090343417,Train
DTXSID2045496,0.6444444444444445,0.5747032648824362,3.4058772731852804,Train
DTXSID6048834,0.6716417910447762,0.6252531165107627,4.911211663123471,Train
DTXSID1046922,0.6486486486486487,0.5816859112633761,5.134199061197374,Train
DTXSID4022527,0.25806451612903225,0.25311827956989247,2.764054992217051,Train
DTXSID2027175,0.625,0.5663677776496367,2.749545416973504,Train
DTXSID6025939,0.6285714285714286,0.5334358603111612,4.870318264754369,Train
DTXSID6020771,0.575,0.5440584359421932,3.0594117081556713,Train
DTXSID8027797,0.5,0.38688172043010755,2.349468024894146,Train
DTXSID2045943,0.6181818181818182,0.6036162023460411,4.707440918375928,Train
DTXSID8021359,0.4772727272727273,0.3865218979968062,2.505992817228334,Train
DTXSID4042256,0.6136363636363636,0.5776631701631703,3.2496153618543846,Train
DTXSID3029312,0.5,0.41397306397306394,2.1633307652783937,Train
DTXSID9020615,0.75,0.7186673192762909,5.455272678794342,Train
DTXSID8023474,0.6056338028169014,0.48973509547078964,3.9749213828703582,Train
DTXSID1037303,0.0,0.0,0.0,Train
DTXSID6046137,0.6507936507936508,0.5636608026721016,4.294182110716778,Train
DTXSID0046696,0.7619047619047619,0.6673856192266181,5.596427431853289,Train
DTXSID1023996,0.625,0.5694327731092437,1.9595917942265426,Train
DTXSID5031133,0.27586206896551724,0.26513409961685824,2.638181191654584,Train
DTXSID8024442,0.6153846153846154,0.5706959706959707,1.7663521732655694,Train
DTXSID4049379,0.6666666666666666,0.6467307692307692,4.386342439892262,Train
DTXSID7044714,0.6097560975609756,0.5719008053502828,4.180908992073375,Train
DTXSID9021843,0.625,0.5997826086956521,2.870540018881465,Train
DTXSID9020116,0.46153846153846156,0.44794475675419243,3.388214869219483,Train
DTXSID3049045,0.7432432432432432,0.7305900201470719,6.4156059729381765,Train
DTXSID3023269,0.7111111111111111,0.6450340028732129,4.529900661162451,Train
DTXSID1025641,0.53125,0.48910714285714285,2.891366458960192,Train
DTXSID6021795,0.5483870967741935,0.4718096730660398,2.2,Train
DTXSID3023764,0.4444444444444444,0.3603116914195121,1.7663521732655694,Train
DTXSID7042061,0.7073170731707317,0.5506244290583187,3.0199337741083,Train
DTXSID5044362,0.5714285714285714,0.5495488721804511,3.117691453623979,Train
DTXSID9048194,0.5,0.4276532835356365,2.280350850198276,Train
DTXSID3022536,0.43478260869565216,0.35433052704417023,1.7088007490635064,Train
DTXSID6041688,0.7450980392156863,0.731092492449944,5.418486873657627,Train
DTXSID2046678,0.7682926829268293,0.6596114608540796,5.473572873361604,Train
DTXSID9047413,0.3888888888888889,0.3400326797385621,2.986636904613616,Train
DTXSID5022649,0.5609756097560976,0.5356749927995115,3.4058772731852804,Train
DTXSID9045843,0.52,0.4503550179797319,2.2715633383201093,Train
DTXSID0045127,0.5294117647058824,0.41630252100840337,3.4583232931581165,Train
DTXSID9057763,0.5614035087719298,0.49546701798196846,4.294182110716778,Train
DTXSID7044922,0.5428571428571428,0.48843227613626095,3.1937438845342623,Train
DTXSID3022455,0.2916666666666667,0.24449934123847167,1.264911064067352,Train
DTXSID0044573,0.6756756756756757,0.5765825035561877,3.4698703145794947,Train
DTXSID6034186,0.5970149253731343,0.5622435144283141,4.753945729601885,Train
DTXSID0048507,0.7528089887640449,0.7367326838287583,5.7445626465380295,Train
DTXSID9037248,0.6226415094339622,0.5914382840141659,4.09878030638384,Train
DTXSID2020923,0.5365853658536586,0.46122373561397956,2.95296461204668,Train
DTXSID4057847,0.7678571428571429,0.6720934862239211,5.0039984012787215,Train
DTXSID6041210,0.75,0.7104166666666666,3.515679166249389,Train
DTXSID2045523,0.75,0.4636514853107401,3.32264954516723,Train
DTXSID8025599,0.7333333333333333,0.6819155844155844,2.144761058952722,Train
DTXSID6021874,0.5,0.48119658119658115,2.1633307652783937,Train
DTXSID0049232,0.15384615384615385,0.15384615384615385,2.0,Train
DTXSID2034382,0.609375,0.4366859710896961,3.6715119501371642,Train
DTXSID4040711,0.41379310344827586,0.34747308885239925,1.9287301521985911,Train
DTXSID0032651,0.6078431372549019,0.5601680672268908,3.736308338453881,Train
DTXSID4045975,0.7258064516129032,0.6699472695818525,4.866210024238575,Train
DTXSID5024211,0.6122448979591837,0.5982894320518906,4.237924020083418,Train
DTXSID6046347,0.5714285714285714,0.5349813664596275,2.5768197453450252,Train
DTXSID8044597,0.6666666666666666,0.6220199692780337,3.627671429443411,Train
DTXSID0024478,0.5789473684210527,0.5396551575498945,3.2802438933713454,Train
DTXSID1024045,0.6923076923076923,0.6220211161387633,2.785677655436824,Train
DTXSID9047675,0.7,0.6036904761904761,2.870540018881465,Train
DTXSID6044513,0.4642857142857143,0.43384564860426933,2.04939015319192,Train
DTXSID1057616,0.7333333333333333,0.7138819820858802,3.0854497241083028,Train
DTXSID7046463,0.6551724137931034,0.6333710669917567,3.638681079732051,Train
DTXSID4022810,0.6444444444444445,0.5799305391319581,3.4292856398964497,Train
DTXSID0042080,0.6521739130434783,0.6164347826086957,4.28485705712571,Train
DTXSID8023476,0.5645161290322581,0.43897274452302915,3.5888716889852725,Train
DTXSID3057644,0.654320987654321,0.6085426773164604,4.812483766206387,Train
DTXSID9048691,0.75,0.7242152341020265,6.2577951388648065,Train
DTXSID1047071,0.6111111111111112,0.5511746031746031,2.4494897427831783,Train
DTXSID1022718,0.6451612903225806,0.43013273653341566,4.1036569057366385,Train
DTXSID2042199,0.7241379310344828,0.7103334999167082,2.7856776554368237,Train
DTXSID1025857,0.6,0.4786804499847978,2.1354156504062622,Train
DTXSID8026220,0.5853658536585366,0.5283653872870817,3.104834939252005,Train
DTXSID9036646,0.4444444444444444,0.41570048309178737,2.5298221281347035,Train
DTXSID5057834,0.5645161290322581,0.5016940781298642,4.219004621945797,Train
DTXSID0048840,0.5348837209302325,0.4804959079491127,3.57211421989835,Train
DTXSID0021254,0.5135135135135135,0.4974395448079659,2.932575659723036,Train
DTXSID0045202,0.7866666666666666,0.6206698036457903,4.24735211631906,Train
DTXSID2027094,0.36363636363636365,0.31115469208211144,2.340939982143925,Train
DTXSID2044210,0.6933333333333334,0.592744389709907,4.758150901348127,Train
DTXSID9023677,0.6666666666666666,0.6467420283389629,4.94368283772331,Train
DTXSID0049365,0.6875,0.6002705627705628,2.925747767665559,Train
DTXSID8020127,0.4642857142857143,0.43730158730158736,4.156921938165306,Train
DTXSID9033187,0.66,0.5700203166090858,3.237282811247729,Train
DTXSID2021365,0.5263157894736842,0.47271255060728745,1.7088007490635064,Train
DTXSID4025581,0.6153846153846154,0.5037355851695475,4.294182110716778,Train
DTXSID3057775,0.6190476190476191,0.5931492626614578,3.388214869219483,Train
DTXSID7046128,0.6551724137931034,0.6097889951343956,4.019950248448356,Train
DTXSID5047243,0.773109243697479,0.4950461538843805,4.824935232725927,Train
DTXSID5057628,0.6486486486486487,0.6179252054252055,3.464101615137755,Train
DTXSID0027228,0.631578947368421,0.589327485380117,2.349468024894146,Train
DTXSID6023442,0.5161290322580645,0.49230769230769234,3.124099870362662,Train
DTXSID5045704,0.5,0.426365724329434,3.4641016151377544,Train
DTXSID9048647,0.7291666666666666,0.7036439666402797,3.964845520319802,Train
DTXSID5027803,0.6153846153846154,0.5297544122544122,3.1304951684997055,Train
DTXSID8021309,0.5846153846153846,0.4795691879990863,3.3823069050575527,Train
DTXSID7025849,0.4444444444444444,0.4305555555555555,2.638181191654584,Train
DTXSID1045407,0.7,0.599605032648511,3.515679166249389,Train
DTXSID2044927,0.48484848484848486,0.4531216577540107,3.0528675044947495,Train
DTXSID1045794,0.5769230769230769,0.5005571459352971,4.113392760240627,Train
DTXSID1025560,0.6538461538461539,0.5809547116015833,3.5496478698597698,Train
DTXSID1020855,0.47058823529411764,0.3914777138925746,2.04939015319192,Train
DTXSID9047677,0.6923076923076923,0.645404430651807,3.104834939252005,Train
DTXSID5041851,0.7111111111111111,0.6048989856729795,3.6660605559646724,Train
DTXSID0025078,0.5952380952380952,0.5325641025641026,3.3823069050575527,Train
DTXSID2025503,0.5,0.4516953009443623,3.9395431207184424,Train
DTXSID2022121,0.5909090909090909,0.5167499296369266,2.154065922853802,Train
DTXSID9057844,0.6212121212121212,0.49752205882352946,3.9191835884530852,Train
DTXSID5020283,0.4090909090909091,0.3854545454545455,1.969771560359221,Train
DTXSID9032878,0.5333333333333333,0.45282051282051283,1.7088007490635064,Train
DTXSID8037596,0.5625,0.4148076923076923,2.1354156504062622,Train
DTXSID8046456,0.7391304347826086,0.719752945956928,6.526867548832288,Train
DTXSID6022050,0.6086956521739131,0.492634969065175,2.340939982143925,Train
DTXSID1049277,0.5384615384615384,0.44642383478590375,2.4083189157584592,Train
DTXSID5042451,0.75,0.7141148325358853,2.5768197453450252,Train
DTXSID3020598,0.7727272727272727,0.72692411361142,2.615339366124404,Train
DTXSID9048728,0.7142857142857143,0.6205267327067524,3.924283374069717,Train
DTXSID6042448,0.5227272727272727,0.43930172581830174,3.40587727318528,Train
DTXSID0047585,0.5294117647058824,0.44593615123000196,2.863564212655271,Train
DTXSID3030189,0.5217391304347826,0.5130434782608696,2.4,Train
DTXSID4022529,0.4074074074074074,0.3618148148148148,1.9697715603592212,Train
DTXSID1041550,0.4482758620689655,0.3563218390804598,2.253885533916929,Train
DTXSID5049318,0.6666666666666666,0.58968992248062,3.4058772731852804,Train
DTXSID1025221,0.8095238095238095,0.7783003663003661,3.4409301068170506,Train
DTXSID9020110,0.6883116883116883,0.638111559715441,5.043808085167397,Train
DTXSID5036684,0.5,0.39116154021417177,1.876166303929372,Train
DTXSID1021873,0.5,0.48096969696969694,2.209072203437452,Train
DTXSID0045963,0.55,0.45782913165266115,1.7776388834631178,Train
DTXSID8048737,0.7391304347826086,0.6385266144991546,4.280186911806539,Train
DTXSID4057637,0.6578947368421053,0.6079217012721505,3.237282811247729,Train
DTXSID0057679,0.5873015873015873,0.4985053590713968,3.52703841770968,Train
DTXSID0045412,0.7272727272727273,0.7004136409596471,4.560701700396552,Train
DTXSID2048957,0.7115384615384616,0.7050203265257791,6.359245238233858,Train
DTXSID1046475,0.6190476190476191,0.49638635596082403,3.1304951684997055,Train
DTXSID4044581,0.48484848484848486,0.4366248693834901,2.4979991993593593,Train
DTXSID1047108,0.6666666666666666,0.5364968364968365,2.0591260281974004,Train
DTXSID3047130,0.48484848484848486,0.4164069264069264,2.9933259094191533,Train
DTXSID6057669,0.56,0.5563333333333333,3.6932370625238775,Train
DTXSID7020714,0.3103448275862069,0.28019236909323114,2.244994432064365,Train
DTXSID1047576,0.6744186046511628,0.5601729278473464,3.7363083384538807,Train
DTXSID1044485,0.4838709677419355,0.41674855252274606,2.0,Train
DTXSID9047835,0.5106382978723404,0.43282674772036467,3.104834939252005,Train
DTXSID8047131,0.48484848484848486,0.4628370996492439,3.2984845004941286,Train
DTXSID4024646,0.5675675675675675,0.5315282193958664,3.111269837220809,Train
DTXSID6048884,0.6285714285714286,0.402826420890937,2.5612496949731396,Train
DTXSID7023063,0.5227272727272727,0.4618181818181818,3.0659419433511785,Train
DTXSID9046289,0.6428571428571429,0.6154515252189671,4.604345773288536,Train
DTXSID8033649,0.5454545454545454,0.5062770562770563,2.2891046284519194,Train
DTXSID8048945,0.7301587301587301,0.7219694616977226,5.656854249492381,Train
DTXSID4042252,0.6333333333333333,0.6215954415954416,3.560898762952971,Train
DTXSID2020921,0.5294117647058824,0.518925831202046,2.65329983228432,Train
DTXSID9025370,0.5806451612903226,0.5188076036866358,3.111269837220809,Train
DTXSID3046663,0.7532467532467533,0.7240296233918344,5.359104402789706,Train
DTXSID8027034,0.6521739130434783,0.531704623878537,2.2,Train
DTXSID4020240,0.625,0.4144444444444444,2.1354156504062622,Train
DTXSID4021632,0.5,0.4781144781144781,2.08806130178211,Train
DTXSID2049420,0.6521739130434783,0.5739985940982038,2.433105012119288,Train
DTXSID7041756,0.6,0.5422466422466423,3.709447398198282,Train
DTXSID8024602,0.725,0.5814195700518903,4.6776062254106,Train
DTXSID2047305,0.723404255319149,0.6988436982949862,7.051241025521677,Train
DTXSID7024667,0.5757575757575758,0.4240661689357341,2.1354156504062622,Train
DTXSID8027167,0.5652173913043478,0.5286149068322981,2.764054992217051,Train
DTXSID1046136,0.6595744680851063,0.5587599178812174,3.9597979746446668,Train
DTXSID5020782,0.6833333333333333,0.652997915401525,4.3220365569948616,Train
DTXSID3020257,0.47058823529411764,0.46642533936651587,1.3711309200802089,Train
DTXSID8048789,0.6388888888888888,0.6136642127968004,3.9698866482558417,Train
DTXSID7029162,0.75,0.5516666666666666,2.90516780926679,Train
DTXSID8044832,0.5483870967741935,0.529469781238413,3.388214869219483,Train
DTXSID7047198,0.56,0.5211383399209486,2.615339366124404,Train
DTXSID4026183,0.5384615384615384,0.3439107950872657,1.6,Train
DTXSID8046535,0.6086956521739131,0.5408237986270023,2.4576411454889016,Train
DTXSID0042454,0.41935483870967744,0.24367488931056297,1.8439088914585775,Train
DTXSID3020918,0.56,0.4495132275132276,2.154065922853802,Train
DTXSID0048636,0.35294117647058826,0.2626312460468058,2.253885533916929,Train
DTXSID1048172,0.7358490566037735,0.7206286309821059,5.737595315112421,Train
DTXSID1046130,0.7941176470588235,0.7544079449961802,4.137632173115441,Train
DTXSID4027608,0.5625,0.39228763440860215,2.505992817228334,Train
DTXSID7023192,0.4666666666666667,0.3493040293040293,1.4000000000000001,Train
DTXSID0024553,0.6875,0.6702380952380953,2.569046515733026,Train
DTXSID3045859,0.54,0.5004940651846023,4.093897898091744,Train
DTXSID8027959,0.5714285714285714,0.41719816131580834,2.720294101747089,Train
DTXSID0046066,0.5517241379310345,0.5100339810253602,2.6229754097208002,Train
DTXSID5044990,0.6571428571428571,0.5872848082150408,3.2372828112477294,Train
DTXSID3044621,0.6842105263157895,0.6446578402528059,3.006659275674582,Train
DTXSID2034465,0.7230769230769231,0.692362047483807,4.6946778377222005,Train
DTXSID8021224,0.6197183098591549,0.5815400576575117,5.455272678794342,Train
DTXSID7027174,0.6530612244897959,0.6284671542162831,3.0919249667480617,Train
DTXSID1047570,0.6666666666666666,0.514102564102564,2.4819347291981715,Train
DTXSID0041567,0.3611111111111111,0.31874628639334524,2.870540018881465,Train
DTXSID3034583,0.45454545454545453,0.4033785434995113,2.5534290669607413,Train
DTXSID9048807,0.7142857142857143,0.6880963773069035,5.4258639865002145,Train
DTXSID8024814,0.5555555555555556,0.5144084570400359,1.7888543819998317,Train
DTXSID9020087,0.5,0.37455172413793103,2.1725560982400434,Train
DTXSID1021956,0.0,0.0,0.0,Train
DTXSID2032180,0.6111111111111112,0.5791666666666667,2.3916521486202797,Train
DTXSID2024799,0.5208333333333334,0.4634211906635196,2.6076809620810595,Train
DTXSID7040152,0.5681818181818182,0.4927540106951872,3.452535300326414,Train
DTXSID2046179,0.5111111111111111,0.4504717987326683,3.2802438933713454,Train
DTXSID8047349,0.7710843373493976,0.764487558000471,6.352952069707436,Train
DTXSID2023725,0.64,0.5990229132569558,4.512205669071391,Train
DTXSID5025079,0.7058823529411765,0.6469735720375106,2.262741699796952,Train
DTXSID8025094,0.3870967741935484,0.35806348617805794,2.85657137141714,Train
DTXSID9025114,0.5806451612903226,0.509798351444625,3.0594117081556713,Train
DTXSID6048200,0.625,0.5716024298282363,2.553429066960741,Train
DTXSID9045899,0.3888888888888889,0.3758169934640523,3.117691453623979,Train
DTXSID2044896,0.625,0.5931481481481481,3.492849839314596,Train
DTXSID2021604,0.0625,0.0625,1.0,Train
DTXSID9046150,0.5306122448979592,0.3739152737101647,2.227105745132009,Train
DTXSID2057819,0.717391304347826,0.7113354037267081,4.963869458396343,Train
DTXSID7032474,0.6216216216216216,0.5815402791012547,4.09878030638384,Train
DTXSID6023608,0.5434782608695652,0.4707854279547156,3.6660605559646724,Train
DTXSID9025746,0.5,0.47085346215780993,2.986636904613616,Train
DTXSID8026147,0.6122448979591837,0.4322958535850522,3.1496031496047245,Train
DTXSID4023753,0.725,0.6596016653236637,5.302829433425141,Train
DTXSID5048637,0.6949152542372882,0.6775260976789897,5.71314274283428,Train
DTXSID4047678,0.7333333333333333,0.6966526806526808,2.705549851693737,Train
DTXSID4032532,0.7012987012987013,0.6538528443387598,5.055689863905815,Train
DTXSID9047623,0.0,0.0,0.0,Train
DTXSID3024447,0.35714285714285715,0.2857142857142857,2.5298221281347035,Train
DTXSID7020760,0.8235294117647058,0.8113880227143268,5.011985634456667,Train
DTXSID5025998,0.32653061224489793,0.25938646071536436,2.727636339397171,Train
DTXSID4044793,0.68,0.63101185770751,2.891366458960192,Train
DTXSID3048657,0.6883116883116883,0.611787774943697,5.40740233383831,Train
DTXSID4046579,0.4117647058823529,0.38728491396558623,3.464101615137755,Train
DTXSID3020097,0.7058823529411765,0.6783563425370149,4.762352359916263,Train
DTXSID4048721,0.6721311475409836,0.6529321717832391,5.321653878260029,Train
DTXSID2057784,0.632183908045977,0.5673733842402615,5.488169093604897,Train
DTXSID4041070,0.7727272727272727,0.676469731249143,4.720169488482378,Train
DTXSID4025404,0.5,0.4878787878787879,3.63318042491699,Train
DTXSID5045623,0.5757575757575758,0.48930511547109967,3.898717737923586,Train
DTXSID4023412,0.4657534246575342,0.3130041647849867,3.2741411087489802,Train
DTXSID8057770,0.7222222222222222,0.6331725417439703,4.5166359162544865,Train
DTXSID7026366,0.6666666666666666,0.6219047619047618,2.244994432064365,Train
DTXSID1029170,0.6666666666666666,0.5419047619047619,2.08806130178211,Train
DTXSID2032554,0.5555555555555556,0.5219923371647509,4.7791212581394085,Train
DTXSID1046003,0.7681159420289855,0.7602547673531654,5.440588203494177,Train
DTXSID3026645,0.5217391304347826,0.43575133485888634,1.9078784028338915,Train
DTXSID7044845,0.37037037037037035,0.31304110704110705,2.4248711305964283,Train
DTXSID9044112,0.42592592592592593,0.3673002130144988,3.168595903550972,Train
DTXSID0021385,0.5882352941176471,0.5728851540616247,2.939387691339814,Train
DTXSID7030307,0.55,0.4969230769230769,1.9798989873223332,Train
DTXSID0021757,0.8125,0.7732434715821812,3.2,Train
DTXSID4042418,0.0,0.0,0.0,Train
DTXSID5026203,0.5161290322580645,0.46238525236967953,2.3151673805580453,Train
DTXSID9024772,0.45454545454545453,0.3954469060351413,2.0,Train
DTXSID2047642,0.48484848484848486,0.4228495396606851,3.104834939252005,Train
DTXSID1021247,0.6666666666666666,0.5675889251320286,2.764054992217051,Train
DTXSID1022926,0.6382978723404256,0.5659219170483251,4.024922359499621,Train
DTXSID8046458,0.4931506849315068,0.4141300141663554,4.039801975344831,Train
DTXSID5045673,0.7735849056603774,0.7554873774024717,5.495452665613635,Train
DTXSID9041366,0.46875,0.3858870967741935,2.181742422927143,Train
DTXSID5057751,0.6346153846153846,0.568706456941751,3.1496031496047245,Train
DTXSID4021925,0.7619047619047619,0.7056786350903999,1.9798989873223332,Train
DTXSID8042503,0.675,0.6383288349077822,4.317406628984581,Train
DTXSID8021561,0.631578947368421,0.5802046783625731,2.0976176963403033,Train
DTXSID6025983,0.55,0.5140723981900452,1.9078784028338913,Train
DTXSID3044463,0.6190476190476191,0.5505143293015147,2.280350850198276,Train
DTXSID2046591,0.7384615384615385,0.7177914883646059,5.80689245638319,Train
DTXSID5044572,0.6363636363636364,0.4275284817484306,2.1817424229271434,Train
DTXSID6022474,0.45161290322580644,0.4018551476949697,3.5327043465311387,Train
DTXSID2020216,0.44,0.41133333333333333,2.08806130178211,Train
DTXSID2047068,0.3125,0.18602564102564104,1.4832396974191326,Train
DTXSID5022485,0.5714285714285714,0.5184929307691455,2.433105012119288,Train
DTXSID4044822,0.5862068965517241,0.5501205001894658,3.243454948045371,Train
DTXSID1020433,0.5652173913043478,0.46618200639939766,2.383275057562597,Train
DTXSID7022170,0.5714285714285714,0.49689440993788825,2.6229754097208002,Train
DTXSID3020629,0.575,0.4801925545571245,3.5156791662493894,Train
DTXSID5044788,0.5333333333333333,0.44999267399267395,2.3579652245103193,Train
DTXSID6045531,0.7682926829268293,0.7007820835450144,5.653317610041028,Train
DTXSID3026560,0.5384615384615384,0.5055847808105872,2.433105012119288,Train
DTXSID6046501,0.6341463414634146,0.6172564337728447,3.898717737923586,Train
DTXSID5025100,0.4482758620689655,0.4409372236958443,3.006659275674582,Train
DTXSID9022738,0.5925925925925926,0.5430679690679691,2.973213749463701,Train
DTXSID7045526,0.7837837837837838,0.6648249122221725,5.157518783291051,Train
DTXSID5024683,0.30303030303030304,0.2824242424242424,2.925747767665559,Train
DTXSID3021853,0.6842105263157895,0.5574828375286041,2.3832750575625967,Train
DTXSID4041818,0.6842105263157895,0.6241786283891547,3.521363372331802,Train
DTXSID7025427,0.6428571428571429,0.571218487394958,1.9697715603592212,Train
DTXSID0029218,0.5,0.43773809523809526,1.8,Train
DTXSID7024821,0.56,0.5206956521739131,2.0976176963403033,Train
DTXSID5047902,0.6363636363636364,0.5744949494949495,1.61245154965971,Train
DTXSID7048821,0.5555555555555556,0.47397813539117895,4.6776062254105994,Train
DTXSID9023174,0.6666666666666666,0.581222454726291,3.655133376499413,Train
DTXSID3024869,0.5555555555555556,0.47472865298952255,2.705549851693737,Train
DTXSID7057818,0.6571428571428571,0.6380758414121089,4.737087712930805,Train
DTXSID0023371,0.5538461538461539,0.4533479414139084,3.8418745424597094,Train
DTXSID0020810,0.7419354838709677,0.6634774087610573,3.2,Train
DTXSID1047102,0.74,0.7064474349180232,5.099019513592785,Train
DTXSID3022584,0.6811594202898551,0.6427829252443262,5.207686626516615,Train
DTXSID0040127,0.6363636363636364,0.5594949494949495,2.2181073012818837,Train
DTXSID2024662,0.7671232876712328,0.7583635352909256,6.421837743200929,Train
DTXSID9026899,0.6470588235294118,0.5904497764017888,2.349468024894146,Train
DTXSID5047324,0.7611940298507462,0.748831368611637,5.578530272392541,Train
DTXSID0048846,0.6486486486486487,0.550388789340196,5.015974481593781,Train
DTXSID3044704,0.7121212121212122,0.6233437826541275,5.0517323761260355,Train
DTXSID0025286,0.5,0.4013986013986014,1.8973665961010275,Train
DTXSID7021495,0.5714285714285714,0.5474481074481075,1.9798989873223332,Train
DTXSID8022822,0.703125,0.6322367216117216,4.256759330758553,Train
DTXSID8057695,0.6666666666666666,0.5909834629668558,4.431703961232068,Train
DTXSID0024002,0.38333333333333336,0.3496079846079846,4.029888335921977,Train
DTXSID1027764,0.4583333333333333,0.33275862068965517,1.9798989873223334,Train
DTXSID2025505,0.3333333333333333,0.17727674624226347,1.32664991614216,Train
DTXSID7046417,0.6428571428571429,0.6155115155115155,4.242640687119286,Train
DTXSID2024793,0.53125,0.435871264403873,1.7888543819998317,Train
DTXSID8025466,0.16666666666666666,0.06533333333333333,0.6324555320336759,Train
DTXSID4022288,0.4857142857142857,0.42577167404753613,2.227105745132009,Train
DTXSID4042121,0.6666666666666666,0.5536757815827584,3.720215047547655,Train
DTXSID5035616,0.4583333333333333,0.41100000000000003,2.4413111231467406,Train
DTXSID9029279,0.5769230769230769,0.5024441076165214,2.23606797749979,Train
DTXSID0046430,0.7246376811594203,0.6924164344304596,5.157518783291051,Train
DTXSID6046399,0.5,0.3555265519210376,2.814249455894058,Train
DTXSID2027759,0.6842105263157895,0.6378548644338118,2.8425340807103794,Train
DTXSID3020128,0.7142857142857143,0.6291010885812527,3.2984845004941286,Train
DTXSID9021689,0.0,0.0,0.0,Train
DTXSID5022934,0.7352941176470589,0.4840431083591046,4.331281565541544,Train
DTXSID7037555,0.5194805194805194,0.39730054844190044,4.17612260356422,Train
DTXSID7025633,0.4827586206896552,0.40660098522167487,2.253885533916929,Train
DTXSID1045409,0.5652173913043478,0.47790458937198066,2.939387691339814,Train
DTXSID3020336,0.5348837209302325,0.40312987210388024,2.4000000000000004,Train
DTXSID6044779,0.25,0.19688995215311006,1.61245154965971,Train
DTXSID9045683,0.6222222222222222,0.6030464372312896,4.059556626036889,Train
DTXSID4047543,0.6833333333333333,0.6448872180451127,4.427188724235731,Train
DTXSID8027086,0.3939393939393939,0.30531117627891824,2.2715633383201093,Train
DTXSID1034634,0.5882352941176471,0.5394181532262027,3.4583232931581165,Train
DTXSID4026894,0.38461538461538464,0.2879120879120879,1.4832396974191326,Train
DTXSID3022829,0.7768595041322314,0.32411428810393794,3.388214869219483,Train
DTXSID6022977,0.6470588235294118,0.5051540616246498,1.9078784028338915,Train
DTXSID7021653,0.23529411764705882,0.22573529411764706,1.9078784028338913,Train
DTXSID2047062,0.5833333333333334,0.5516149068322982,2.638181191654584,Train
DTXSID9032327,0.574468085106383,0.5247295175548515,3.82099463490856,Train
DTXSID5047956,0.48484848484848486,0.3869401403194507,2.1725560982400434,Train
DTXSID2034627,0.6818181818181818,0.6200709534368072,3.588871688985272,Train
DTXSID0032813,0.6666666666666666,0.6480818414322249,2.6457513110645907,Train
DTXSID5021413,0.6521739130434783,0.591631093544137,2.720294101747089,Train
DTXSID0021834,0.45454545454545453,0.4397786561264822,2.4083189157584592,Train
DTXSID7045651,0.7534246575342466,0.7315835185777645,5.5641710972974225,Train
DTXSID5025231,0.6571428571428571,0.5553571428571428,3.237282811247729,Train
DTXSID8041321,0.6153846153846154,0.5897435897435898,2.0,Train
DTXSID5021209,0.7575757575757576,0.695959595959596,3.611094017053558,Train
DTXSID4046157,0.66,0.61052355638941,3.9597979746446668,Train
DTXSID0025866,0.7105263157894737,0.6757199424091531,4.171330722922843,Train
DTXSID4027656,0.34375,0.3109180035650624,2.863564212655271,Train
DTXSID9047833,0.5833333333333334,0.5127302279429234,4.161730409336962,Train
DTXSID4047383,0.7578947368421053,0.7015784904184362,6.590902821313632,Train
DTXSID7044425,0.42857142857142855,0.3556302521008403,2.3323807579381204,Train
DTXSID9044746,0.44,0.3933395827589376,2.0688160865577205,Train
DTXSID8024521,0.625,0.5931818181818183,2.297825058615212,Train
DTXSID0022062,0.5882352941176471,0.5035444947209654,1.7320508075688772,Train
DTXSID3020207,0.5675675675675675,0.4862564692351926,3.212475680841802,Train
DTXSID4045472,0.5365853658536586,0.4653552822238896,2.785677655436824,Train
DTXSID2020929,0.43333333333333335,0.3799076530111013,2.4413111231467406,Train
DTXSID3041328,0.4318181818181818,0.35630324989020645,2.5219040425836985,Train
DTXSID6024832,0.5945945945945946,0.44873918035682736,2.489979919597747,Train
DTXSID4020458,0.5777777777777777,0.4493671289654072,2.513961017995307,Train
DTXSID7023853,0.43636363636363634,0.3099286651829024,2.749545416973504,Train
DTXSID5045386,0.7619047619047619,0.7048230754752494,2.6907248094147422,Train
DTXSID0024052,0.7857142857142857,0.7633065459152415,3.0,Train
DTXSID6025309,0.6666666666666666,0.5580701754385965,2.2,Train
DTXSID5022308,0.5,0.4236842105263158,2.705549851693737,Train
DTXSID4021921,0.7333333333333333,0.6910180623973727,2.0,Train
DTXSID4045424,0.6212121212121212,0.4750757575757576,3.778888725538237,Train
DTXSID6044438,0.2,0.11058823529411765,0.9380831519646861,Train
DTXSID9047330,0.7590361445783133,0.7383016637971943,5.8753723286273525,Train
DTXSID7031531,0.6206896551724138,0.56134072823728,2.835489375751565,Train
DTXSID6057617,0.6470588235294118,0.5960784313725489,3.334666400106613,Train
DTXSID7024798,0.6666666666666666,0.5588157894736842,2.1633307652783933,Train
DTXSID8045850,0.6923076923076923,0.5994937965260545,2.946183972531247,Train
DTXSID6027551,0.5806451612903226,0.5146134593993326,2.9597297173897488,Train
DTXSID0047456,0.7096774193548387,0.6743024874417479,3.0659419433511785,Train
DTXSID5020023,0.7333333333333333,0.7333333333333333,2.2,Train
DTXSID4024931,0.46153846153846156,0.3014973330762804,1.2328828005937955,Train
DTXSID0021620,0.6470588235294118,0.6154366094263792,2.4248711305964283,Train
DTXSID5049362,0.7058823529411765,0.5002803905617205,2.4248711305964283,Train
DTXSID8045802,0.627906976744186,0.540051398281984,3.411744421846396,Train
DTXSID9044827,0.5217391304347826,0.4346184813576118,2.1725560982400434,Train
DTXSID2026448,0.5555555555555556,0.47374044084570405,1.7204650534085255,Train
DTXSID9047883,0.25806451612903225,0.05850945494994438,0.66332495807108,Train
DTXSID0040751,0.673469387755102,0.6244423350735643,4.516635916254486,Train
DTXSID2025842,0.5185185185185185,0.3779511953424997,2.2627416997969525,Train
DTXSID9044740,0.55,0.43424812030075194,1.7549928774784245,Train
DTXSID1049225,0.723404255319149,0.7105335642421243,4.529900661162451,Train
DTXSID9041524,0.52,0.5116521739130435,2.932575659723036,Train
DTXSID2047351,0.7433628318584071,0.7271540395857266,6.910861017268399,Train
DTXSID8023557,0.5660377358490566,0.5110798875953433,3.9597979746446668,Train
DTXSID6020143,0.42105263157894735,0.3509210526315789,1.4560219778561037,Train
DTXSID4057849,0.6956521739130435,0.6514475426084184,4.132795663954365,Train
DTXSID6025012,0.7222222222222222,0.6581349206349206,2.3916521486202797,Train
DTXSID5021093,0.5416666666666666,0.3952380952380953,3.1304951684997055,Train
DTXSID4023414,0.7575757575757576,0.6521131042870174,2.932575659723036,Train
DTXSID8033562,0.5714285714285714,0.4888190878888553,3.3346664001066135,Train
DTXSID3047138,0.47619047619047616,0.41384404639048605,1.6970562748477143,Train
DTXSID2045076,0.4657534246575342,0.36921453512912017,3.9344631145812006,Train
DTXSID7020344,0.7377049180327869,0.6649806596523118,5.10294032886923,Train
DTXSID2021947,0.0,0.0,0.0,Train
DTXSID8023973,0.64,0.593952380952381,2.4819347291981715,Train
DTXSID2046460,0.5189873417721519,0.47392874248570455,4.6776062254106,Train
DTXSID1041267,0.5555555555555556,0.4853692201518289,2.4413111231467406,Train
DTXSID1026906,0.3333333333333333,0.06666666666666667,0.48989794855663565,Train
DTXSID7049427,0.5714285714285714,0.5589895162308955,2.65329983228432,Train
DTXSID2021151,0.5238095238095238,0.5047619047619047,2.3579652245103193,Train
DTXSID7020057,0.53125,0.4977954353784525,2.946183972531247,Train
DTXSID9020453,0.5625,0.41916666666666663,2.5768197453450252,Train
DTXSID0027806,0.5925925925925926,0.5772857554837533,3.358571124749333,Train
DTXSID6042074,0.5555555555555556,0.5167946127946127,2.513961017995307,Train
DTXSID4047880,0.5217391304347826,0.44131752305665345,2.1908902300206647,Train
DTXSID0040676,0.52,0.45989296260960427,4.17612260356422,Train
DTXSID7034674,0.6349206349206349,0.6048824685037733,4.91121166312347,Train
DTXSID9020370,0.6521739130434783,0.6088193979933111,3.2984845004941286,Train
DTXSID8045937,0.6851851851851852,0.6747675119755208,4.903060268852506,Train
DTXSID3020621,0.5,0.4523970011692688,4.142463035441596,Train
DTXSID4047462,0.725,0.6749539170506913,3.762977544445356,Train
DTXSID2021860,0.5416666666666666,0.5116778149386845,2.340939982143925,Train
DTXSID3034612,0.6323529411764706,0.45684635915030436,3.9140771581561857,Train
DTXSID4021890,0.7058823529411765,0.6973529411764707,2.12602916254693,Train
DTXSID5047530,0.49056603773584906,0.3960307788310026,3.0983866769659336,Train
DTXSID1032513,0.7435897435897436,0.7378545769850117,3.725587202039432,Train
DTXSID6022719,0.7325581395348837,0.6741280713078749,6.5787536813594105,Train
DTXSID6047109,0.6129032258064516,0.5817856141053898,3.0397368307141326,Train
DTXSID8020381,0.3392857142857143,0.22354737854737855,2.7568097504180447,Train
DTXSID2029616,0.8076923076923077,0.776141636141636,3.085449724108303,Train
DTXSID9057842,0.6341463414634146,0.5947107203630175,4.25205832509386,Train
DTXSID3046114,0.5806451612903226,0.5183760683760684,3.237282811247729,Train
DTXSID7025055,0.325,0.1396454694730557,1.1135528725660044,Train
DTXSID8024238,0.54,0.41957547791694133,3.2557641192199416,Train
DTXSID3042269,0.5555555555555556,0.4974853801169591,3.423448553724738,Train
DTXSID5046140,0.6842105263157895,0.6707587719298245,3.6769552621700474,Train
DTXSID1022057,0.7894736842105263,0.5912280701754385,2.0688160865577205,Train
DTXSID5024261,0.5918367346938775,0.5771097156811443,3.370459909270543,Train
DTXSID4048694,0.717948717948718,0.6681875125218778,3.588871688985272,Train
DTXSID9040760,0.6865671641791045,0.6370650969423236,5.226853738148792,Train
DTXSID1046504,0.6122448979591837,0.5811626537407417,4.749736834815167,Train
DTXSID9048938,0.38333333333333336,0.30771868343296915,2.1633307652783937,Train
DTXSID2020971,0.5483870967741935,0.5290675613765596,2.842534080710379,Train
DTXSID4020587,0.4782608695652174,0.4483794466403162,2.4738633753705965,Train
DTXSID4027367,0.0,0.0,0.0,Train
DTXSID5041275,0.41935483870967744,0.24367488931056297,1.8439088914585775,Train
DTXSID9047259,0.7692307692307693,0.7333896707555244,4.404543109109048,Train
DTXSID6032649,0.609375,0.5884494535519126,4.849742261192857,Train
DTXSID7021815,0.5454545454545454,0.46090909090909093,1.854723699099141,Train
DTXSID0021127,0.6521739130434783,0.6179624889449127,4.044749683231338,Train
DTXSID0020606,0.3076923076923077,0.1458672792724517,1.1135528725660044,Train
DTXSID6044854,0.6111111111111112,0.5607744107744108,2.3916521486202797,Train
DTXSID5026122,0.5625,0.4593531468531468,1.661324772583615,Train
DTXSID8044202,0.0,0.0,0.0,Train
DTXSID9044742,0.625,0.5590909090909091,2.0591260281974,Train
DTXSID1024918,0.6666666666666666,0.6619047619047619,2.5690465157330262,Train
DTXSID4023125,0.78125,0.7536432877158683,3.8418745424597094,Train
DTXSID1023158,0.6851851851851852,0.6591682064219639,4.849742261192857,Train
DTXSID9020409,0.5,0.39092753623188403,1.9595917942265426,Train
DTXSID4025743,0.4838709677419355,0.439896751376173,2.764054992217051,Train
DTXSID0046486,0.6938775510204082,0.5734934589220303,4.123105625617661,Train
DTXSID7027049,0.6451612903225806,0.5070967741935484,3.059411708155671,Train
DTXSID4034576,0.52,0.4546521739130435,2.340939982143925,Train
DTXSID7021605,0.08333333333333333,0.08333333333333333,1.0,Train
DTXSID1041506,0.59375,0.5801028921023359,3.6441734316577197,Train
DTXSID7025132,0.4230769230769231,0.342631279893552,2.154065922853802,Train
DTXSID3020330,0.4594594594594595,0.422683614788878,2.6229754097208002,Train
DTXSID1044720,0.6428571428571429,0.6087720974677496,2.8284271247461903,Train
DTXSID3021778,0.4375,0.36398148148148146,1.98997487421324,Train
DTXSID9026766,0.7368421052631579,0.7195671588473447,2.814249455894058,Train
DTXSID8023719,0.759493670886076,0.6597142151025268,5.219195340279955,Train
DTXSID1034844,0.6666666666666666,0.5692478064571087,3.594440151122286,Train
DTXSID0032998,0.5294117647058824,0.45409663865546224,2.244994432064365,Train
DTXSID6032514,0.6190476190476191,0.5110988934787561,2.0199009876724157,Train
DTXSID7025130,0.5294117647058824,0.476799670917318,1.5362291495737217,Train
DTXSID0027149,0.6470588235294118,0.5936720142602495,2.366431913239847,Train
DTXSID3046744,0.6129032258064516,0.6020149297342181,5.302829433425141,Train
DTXSID6047783,0.5483870967741935,0.3710396093805064,2.870540018881465,Train
DTXSID9040714,0.5909090909090909,0.5806324110671937,2.734958866235469,Train
DTXSID0026961,0.4,0.39300492610837434,2.1447610589527217,Train
DTXSID3027247,0.4782608695652174,0.4021782931326611,1.7435595774162695,Train
DTXSID8046294,0.54,0.4533709028177113,3.2619012860600183,Train
DTXSID5047166,0.4375,0.37404060066740824,1.8330302779823362,Train
DTXSID0023612,0.5111111111111111,0.43162801441871207,3.1368774282716245,Train
DTXSID8020628,0.5227272727272727,0.48069920498811874,2.5845695966640174,Train
DTXSID4029220,0.6538461538461539,0.6186514538093485,2.8635642126552705,Train
DTXSID2044472,0.45454545454545453,0.41083513150076617,1.697056274847714,Train
DTXSID8020886,0.660377358490566,0.6214326089622273,3.9597979746446663,Train
DTXSID3021807,0.5,0.475,1.5491933384829668,Train
DTXSID7049051,0.6923076923076923,0.6749273747738324,5.861740355901138,Train
DTXSID4057841,0.48717948717948717,0.41907362501211914,2.4979991993593593,Train
DTXSID9045138,0.5957446808510638,0.5181932205139527,2.6,Train
DTXSID9021184,0.375,0.3374712643678161,2.280350850198276,Train
DTXSID4046604,0.6481481481481481,0.6131245791245791,4.132795663954365,Train
DTXSID0047589,0.6666666666666666,0.6489815447710184,4.123105625617661,Train
DTXSID6041424,0.5,0.4306177719221198,2.039607805437114,Train
DTXSID7037478,0.7391304347826086,0.7120513380325619,4.4,Train
DTXSID8027036,0.625,0.5580316742081448,2.0688160865577205,Train
DTXSID3026279,0.5652173913043478,0.5003601938033915,2.4979991993593593,Train
DTXSID7022918,0.7083333333333334,0.6329205366357069,2.8354893757515653,Train
DTXSID0024638,0.5454545454545454,0.5221343873517788,2.553429066960741,Train
DTXSID0045464,0.7435897435897436,0.7205823157935833,5.488169093604897,Train
DTXSID8045149,0.7222222222222222,0.6934157868275517,4.728636167014756,Train
DTXSID6046264,0.5384615384615384,0.431956571956572,2.785677655436824,Train
DTXSID4046600,0.5797101449275363,0.537372298062835,4.409081537009721,Train
DTXSID6046131,0.6,0.547649671127932,4.228474902373195,Train
DTXSID2027543,0.6666666666666666,0.6524886877828053,2.5690465157330262,Train
DTXSID5024508,0.7272727272727273,0.6844374861109142,2.7568097504180447,Train
DTXSID9020401,0.5185185185185185,0.47761674718196456,2.107130750570548,Train
DTXSID7041623,0.5172413793103449,0.4599649806546358,2.6229754097208002,Train
DTXSID3021641,0.0,0.0,0.0,Train
DTXSID6034265,0.625,0.5956297430435361,3.174901573277509,Train
DTXSID9057765,0.6666666666666666,0.6081822080818478,4.219004621945797,Train
DTXSID5047322,0.7435897435897436,0.7275019020006991,6.260990336999411,Train
DTXSID1020932,0.41379310344827586,0.37320954907161796,2.340939982143925,Train
DTXSID0022010,0.3157894736842105,0.27401913875598083,1.61245154965971,Train
DTXSID8045307,0.49382716049382713,0.37888700935309994,3.594440151122286,Train
DTXSID7029299,0.23809523809523808,0.06761904761904762,0.7211102550927979,Train
DTXSID4021971,0.42857142857142855,0.4037267080745342,2.6457513110645907,Train
DTXSID6042232,0.5,0.442633496359859,2.181742422927143,Train
DTXSID6042072,0.5128205128205128,0.4669192755275969,2.9664793948382653,Train
DTXSID7025215,0.0,0.0,0.0,Train
DTXSID3021221,0.3939393939393939,0.3147248830184447,3.013303834663873,Train
DTXSID3033276,0.5769230769230769,0.42213064713064713,2.60768096208106,Train
DTXSID6041472,0.6666666666666666,0.5747532467532468,2.898275349237888,Train
DTXSID6024460,0.5172413793103449,0.4385529457493475,1.9899748742132402,Train
DTXSID1021871,0.55,0.5069230769230769,1.9183326093250879,Train
DTXSID7049007,0.7272727272727273,0.7009264267387838,4.935585071701226,Train
DTXSID0042583,0.6153846153846154,0.40465674110835403,3.2496153618543846,Train
DTXSID0033382,0.7473684210526316,0.453406751963677,4.209513035969838,Train
DTXSID7022592,0.6811594202898551,0.5938908681222455,4.547526800360829,Train
DTXSID8044543,0.5918367346938775,0.5206056616194865,3.32264954516723,Train
DTXSID2048666,0.65625,0.6061073777643544,3.5496478698597698,Train
DTXSID8020759,0.7045454545454546,0.628936057968316,2.870540018881465,Train
DTXSID0035160,0.6666666666666666,0.4243308853529172,2.433105012119288,Train
DTXSID1024881,0.717391304347826,0.6622800730924301,2.973213749463701,Train
DTXSID0024470,0.6666666666666666,0.5329830195105336,2.939387691339814,Train
DTXSID5042324,0.6666666666666666,0.4911294314870444,3.594440151122286,Train
DTXSID6040115,0.84,0.8077058823529413,2.842534080710379,Train
DTXSID8046242,0.5714285714285714,0.4210851648351648,3.0919249667480613,Train
DTXSID4046606,0.48148148148148145,0.2785185185185185,1.7088007490635062,Train
DTXSID3047132,0.7241379310344828,0.6944154982948085,3.2,Train
DTXSID5044314,0.42424242424242425,0.39444056540830735,2.6229754097208002,Train
DTXSID7021948,0.5121951219512195,0.4643551729634943,2.7422618401604177,Train
DTXSID0044818,0.4166666666666667,0.20611756664388245,1.2489995996796797,Train
DTXSID1057747,0.6307692307692307,0.5261210861210861,3.2619012860600183,Train
DTXSID0022432,0.5,0.3612668033720665,1.61245154965971,Train
DTXSID1027974,0.6470588235294118,0.6025962410482534,3.1622776601683795,Train
DTXSID0047377,0.7377049180327869,0.6589488486704036,6.053098380168622,Train
DTXSID2022595,0.734375,0.7222267665130568,5.027922035990614,Train
DTXSID6026872,0.6842105263157895,0.5771929824561404,2.4166091947189146,Train
DTXSID0047907,0.6111111111111112,0.486215092097445,3.1304951684997055,Train
DTXSID1037565,0.5853658536585366,0.5176792313377679,3.286335345030997,Train
DTXSID2041886,0.5652173913043478,0.5328605514316013,3.847076812334269,Train
DTXSID7025003,0.5,0.45248677248677244,2.181742422927143,Train
DTXSID8025963,0.65,0.549423197492163,2.383275057562597,Train
DTXSID0047038,0.5135135135135135,0.4475302889095992,2.2891046284519194,Train
DTXSID0047325,0.7522935779816514,0.7319555337202961,6.8585712797928995,Train
DTXSID7044421,0.43333333333333335,0.3799076530111013,2.4413111231467406,Train
DTXSID6057663,0.6521739130434783,0.5586096805510354,3.0789608636681307,Train
DTXSID8023636,0.7101449275362319,0.6705535115967518,5.768882040742383,Train
DTXSID8047971,0.6129032258064516,0.5856975282781735,3.111269837220809,Train
DTXSID9023095,0.5555555555555556,0.45237373737373743,3.6331804249169903,Train
DTXSID6050386,0.56,0.5014906832298137,2.3748684174075834,Train
DTXSID1029120,0.5,0.3878787878787879,1.5362291495737217,Train
DTXSID6057798,0.647887323943662,0.5341452365224548,4.804164859785725,Train
DTXSID7040732,0.6363636363636364,0.5526060606060605,2.6457513110645907,Train
DTXSID4020452,0.8181818181818182,0.765253026543349,3.8314488121336034,Train
DTXSID3057640,0.632183908045977,0.504715205166719,5.4,Train
DTXSID8044701,0.39285714285714285,0.34812425899382415,2.4331050121192876,Train
DTXSID4034102,0.5588235294117647,0.4669316375198728,3.1559467676119,Train
DTXSID6046424,0.574468085106383,0.4693898032918506,2.870540018881465,Train
DTXSID8044755,0.6285714285714286,0.5813127413127412,3.5213633723318023,Train
DTXSID1020439,0.45,0.430103519668737,2.039607805437114,Train
DTXSID6020141,0.6666666666666666,0.6313749535488665,2.9933259094191533,Train
DTXSID4045765,0.7575757575757576,0.7434647934647935,3.7894590642992836,Train
DTXSID3020415,0.5555555555555556,0.5333333333333334,1.50996688705415,Train
DTXSID7047439,0.6060606060606061,0.5308087598675834,3.039736830714133,Train
DTXSID7025005,0.55,0.500909090909091,2.0591260281974,Train
DTXSID4021684,0.0,0.0,0.0,Train
DTXSID3034402,0.6481481481481481,0.5334288791605865,3.7416573867739418,Train
DTXSID5020944,0.4791666666666667,0.3319985194985195,2.4494897427831783,Train
DTXSID9020825,0.6216216216216216,0.5951845963610669,3.5888716889852725,Train
DTXSID8022082,0.5666666666666667,0.5462777777777778,2.891366458960192,Train
DTXSID8044961,0.7346938775510204,0.7139630211058783,5.1536394906900505,Train
DTXSID4020664,0.6086956521739131,0.501104209799862,1.886796226411321,Train
DTXSID6047282,0.7160493827160493,0.67909534184044,5.418486873657627,Train
DTXSID6021036,0.6521739130434783,0.5917443064182194,2.6608269391300143,Train
DTXSID5029211,0.43478260869565216,0.3828596524248698,1.9078784028338915,Train
DTXSID9048510,0.7012987012987013,0.6718215326154666,5.589275444992849,Train
DTXSID8030423,0.6578947368421053,0.5867250512645249,3.417601498127013,Train
DTXSID5020287,0.48,0.42129644268774696,2.08806130178211,Train
DTXSID8045852,0.5806451612903226,0.5495833877497714,3.4467375879228173,Train
DTXSID3032759,0.6111111111111112,0.5616348843122299,2.5377155080899043,Train
DTXSID6022341,0.5757575757575758,0.4483682983682984,2.537715508089904,Train
DTXSID2038788,0.7142857142857143,0.6474074074074074,2.4331050121192876,Train
DTXSID0045676,0.6415094339622641,0.6176725161630822,4.054626986542659,Train
DTXSID7045576,0.5789473684210527,0.4902514535981274,2.90516780926679,Train
DTXSID6023153,0.6222222222222222,0.4615293865293865,3.1240998703626617,Train
DTXSID5021544,0.5,0.44643274853801174,1.9183326093250879,Train
DTXSID0024216,0.6666666666666666,0.6376175548589341,3.174901573277509,Train
DTXSID0040674,0.47297297297297297,0.3476062163278257,3.0133038346638727,Train
DTXSID2021608,0.5,0.44842105263157894,1.9078784028338915,Train
DTXSID6021458,0.6428571428571429,0.6119062167147274,4.049691346263317,Train
DTXSID4044828,0.3793103448275862,0.3453746684350133,2.65329983228432,Train
DTXSID6042365,0.6829268292682927,0.6500993594588376,4.498888751680798,Train
DTXSID0045252,0.5131578947368421,0.4270278637770898,4.6604720790924175,Train
DTXSID2046096,0.5172413793103449,0.49119284802043417,3.1937438845342623,Train
DTXSID0024399,0.5555555555555556,0.4661294261294261,1.7549928774784245,Train
DTXSID8026773,0.5625,0.5349999999999999,2.2978250586152114,Train
DTXSID1020223,0.6666666666666666,0.5738302277432712,2.4979991993593593,Train
DTXSID4045898,0.5405405405405406,0.496996996996997,3.1432467291003428,Train
DTXSID2026941,0.65625,0.6339285714285714,3.3763886032268267,Train
DTXSID9025536,0.6923076923076923,0.676392572944297,3.111269837220809,Train
DTXSID4048850,0.5476190476190477,0.5146997929606625,3.5721142198983507,Train
DTXSID3041403,0.5161290322580645,0.4651823281907433,2.244994432064365,Train
DTXSID8041371,0.3125,0.1875,1.0,Train
DTXSID0057708,0.5588235294117647,0.49630417956656353,2.973213749463701,Train
DTXSID0023826,0.7560975609756098,0.6969306588818783,4.014971979976947,Train
DTXSID1023730,0.5,0.4039359108324626,2.1166010488516727,Train
DTXSID9046360,0.5555555555555556,0.550326797385621,4.7455242070818695,Train
DTXSID6046478,0.6153846153846154,0.5560058206633549,4.595650117230424,Train
DTXSID8027032,0.5625,0.5183823529411764,1.8,Train
DTXSID3029289,0.8148148148148148,0.7715836526181354,3.725587202039432,Train
DTXSID7020972,0.56,0.5290420168067227,4.2,Train
DTXSID7027413,0.6296296296296297,0.5586100324372636,2.4738633753705965,Train
DTXSID6032192,0.6333333333333333,0.5801923076923077,2.891366458960192,Train
DTXSID1020562,0.8333333333333334,0.7512629399585922,3.218695387886217,Train
DTXSID6023997,0.38333333333333336,0.1959725585149314,2.4819347291981715,Train
DTXSID0046482,0.7411764705882353,0.6995561057584082,6.244997998398398,Train
DTXSID8020464,0.4642857142857143,0.3876708074534161,1.5491933384829668,Train
DTXSID3032416,0.6511627906976745,0.6004225155387946,3.515679166249389,Train
DTXSID2044002,0.7352941176470589,0.7281920472349186,5.095095681142799,Train
DTXSID6033247,0.5555555555555556,0.4207885304659499,2.383275057562597,Train
DTXSID3057808,0.75,0.6765005185377235,2.8284271247461903,Train
DTXSID1049223,0.5333333333333333,0.49646464646464644,2.6907248094147422,Train
DTXSID2049341,0.38461538461538464,0.23076923076923078,1.3416407864998738,Train
DTXSID5020607,0.4,0.2280930930930931,1.6248076809271923,Train
DTXSID1023364,0.4523809523809524,0.40003501400560226,2.4979991993593593,Train
DTXSID2026602,0.42857142857142855,0.36983549783549785,2.0297783130184444,Train
DTXSID1041639,0.5714285714285714,0.5285079365079366,2.727636339397171,Train
DTXSID1034210,0.5106382978723404,0.41938241739526366,3.2741411087489802,Train
DTXSID3032389,0.48148148148148145,0.36686772486772484,1.9287301521985911,Train
DTXSID6044983,0.4444444444444444,0.3547533822005457,2.3065125189341593,Train
DTXSID6044511,0.2916666666666667,0.27262845849802375,2.349468024894146,Train
DTXSID0037231,0.6041666666666666,0.5720518207282913,3.3346664001066135,Train
DTXSID8041032,0.7272727272727273,0.5758229192191455,4.156921938165306,Train
DTXSID1046847,0.6379310344827587,0.6077177858439201,4.724404724407087,Train
DTXSID5048974,0.7341772151898734,0.6513879121737772,5.332916650389354,Train
DTXSID3029362,0.5588235294117647,0.48897268309033015,3.0397368307141326,Train
DTXSID8025258,0.7333333333333333,0.7001351351351353,4.573838650411709,Train
DTXSID3025465,0.5714285714285714,0.5073099078341013,2.7568097504180447,Train
DTXSID9044374,0.4583333333333333,0.3768207282913165,1.7204650534085255,Train
DTXSID9026718,0.52,0.4869855072463768,2.280350850198276,Train
DTXSID1029124,0.5714285714285714,0.5300432900432901,1.6,Train
DTXSID2021286,0.6818181818181818,0.6518835261883092,2.918903903865285,Train
DTXSID9044409,0.38461538461538464,0.37435897435897436,1.4560219778561037,Train
DTXSID9042170,0.6538461538461539,0.5559566370660823,2.7712812921102037,Train
DTXSID9021390,0.7058823529411765,0.5705882352941176,1.9390719429665317,Train
DTXSID7025001,0.52,0.4230092879256966,1.8867962264113207,Train
DTXSID4022367,0.49056603773584906,0.40772859216255447,3.2496153618543846,Train
DTXSID6041977,0.6545454545454545,0.6368404847432203,4.476605857119878,Train
DTXSID2042517,0.4090909090909091,0.32727272727272727,2.1908902300206647,Train
DTXSID8021777,0.782608695652174,0.7141545893719806,4.853864439804639,Train
DTXSID2021028,0.6,0.5231746031746032,2.2,Train
DTXSID0021331,0.6428571428571429,0.6080586080586081,2.1633307652783937,Train
DTXSID1029671,0.7272727272727273,0.6426141110351636,2.5768197453450252,Train
DTXSID6057665,0.6226415094339622,0.5767962994359246,3.4985711369071804,Train
DTXSID5020493,0.75,0.7411111111111112,2.705549851693737,Train
DTXSID0041987,0.673469387755102,0.6571620497728873,4.732863826479693,Train
DTXSID3042188,0.55,0.48809014514896865,2.3151673805580453,Train
DTXSID6049066,0.71,0.6459450749526463,6.687301398920195,Train
DTXSID2049391,0.4666666666666667,0.30666666666666664,1.7776388834631176,Train
DTXSID0021129,0.6538461538461539,0.6083516483516483,2.946183972531247,Train
DTXSID7046706,0.6666666666666666,0.5991380781703362,3.237282811247729,Train
DTXSID5021962,0.625,0.5700000000000001,2.727636339397171,Train
DTXSID1044514,0.25806451612903225,0.05850945494994438,0.66332495807108,Train
DTXSID4023624,0.7702702702702703,0.7589932819651315,5.223025942880239,Train
DTXSID0035748,0.84,0.7916207233626589,3.8418745424597094,Train
DTXSID5023740,0.7142857142857143,0.6082215268631507,4.829078587059854,Train
DTXSID5037072,0.5925925925925926,0.5153439153439153,2.65329983228432,Train
DTXSID2027096,0.6666666666666666,0.6263157894736842,2.253885533916929,Train
DTXSID7032393,0.6097560975609756,0.565859420720453,3.9698866482558417,Train
DTXSID4047042,0.675,0.5921589696150289,4.214261501141095,Train
DTXSID7034676,0.6470588235294118,0.6242425409880263,4.47213595499958,Train
DTXSID2042220,0.68,0.5528146073309926,3.4756294393965534,Train
DTXSID4026181,0.6052631578947368,0.5515064201923978,2.939387691339814,Train
DTXSID1020859,0.5217391304347826,0.4715148741418764,2.154065922853802,Train
DTXSID9049376,0.7307692307692307,0.6991864276074803,3.778888725538237,Train
DTXSID7026231,0.6190476190476191,0.588994708994709,2.8284271247461903,Train
DTXSID0040705,0.6,0.5651324389404885,3.423448553724738,Train
DTXSID2034255,0.6666666666666666,0.5766666666666665,2.1166010488516727,Train
DTXSID8025331,0.46875,0.41788793103448274,2.513961017995307,Train
DTXSID7027047,0.7,0.5323750170987134,3.6,Train
DTXSID4027236,0.41935483870967744,0.3466914805624483,2.1447610589527217,Train
DTXSID1048916,0.6666666666666666,0.5874754165694932,3.5496478698597698,Train
DTXSID9020877,0.5217391304347826,0.48641800152555303,2.029778313018444,Train
DTXSID3026647,0.42105263157894735,0.37304625199362046,1.6970562748477143,Train
DTXSID8021222,0.8125,0.7848684210526315,2.7712812921102037,Train
DTXSID5049021,0.684931506849315,0.5965313315031284,4.894895300208167,Train
DTXSID2021818,0.625,0.5618478260869566,2.3832750575625967,Train
DTXSID8026640,0.56,0.46857284419144,2.0199009876724157,Train
DTXSID5044289,0.5588235294117647,0.48036802413273005,3.773592452822642,Train
DTXSID7024087,0.4,0.28777777777777774,1.3711309200802089,Train
DTXSID4022868,0.5483870967741935,0.45723130406661816,3.5213633723318023,Train
DTXSID3046798,0.5686274509803921,0.4866373895095796,3.7309516212355263,Train
DTXSID7044471,0.42857142857142855,0.3954379165459287,2.280350850198276,Train
DTXSID0045179,0.6901408450704225,0.6651888224850694,5.1884487084291395,Train
DTXSID5024506,0.5555555555555556,0.5177777777777777,2.705549851693737,Train
DTXSID4039233,0.5161290322580645,0.48674790919952204,2.4166091947189146,Train
DTXSID1024049,0.5625,0.5405290080290079,3.104834939252005,Train
DTXSID6020981,0.6818181818181818,0.6319191919191918,2.592296279363144,Train
DTXSID7026520,0.5142857142857142,0.40509199134199136,2.5377155080899043,Train
DTXSID7021576,0.55,0.5233333333333332,1.7776388834631178,Train
DTXSID3020465,0.5217391304347826,0.3951294352823588,1.8110770276274835,Train
DTXSID7022704,0.5614035087719298,0.5274762933459537,4.1182520563948,Train
DTXSID4027282,0.6666666666666666,0.623563811489508,2.727636339397171,Train
DTXSID3044251,0.4827586206896552,0.45331500916208556,1.8654758106177631,Train
DTXSID5030955,0.7352941176470589,0.7104395288456009,3.693237062523878,Train
DTXSID9023621,0.7213114754098361,0.6999140382069818,4.804164859785725,Train
DTXSID0042400,0.0,0.0,0.0,Train
DTXSID1027344,0.625,0.4144444444444444,2.1354156504062622,Train
DTXSID7045522,0.6595744680851063,0.6327238900621949,4.156921938165306,Train
DTXSID7048798,0.75,0.742235294117647,7.166589146867567,Train
DTXSID4047414,0.65625,0.5888681987946693,3.212475680841802,Train
DTXSID1027479,0.5957446808510638,0.5573884020326133,3.013303834663873,Train
DTXSID9029194,0.5217391304347826,0.4310144927536232,1.886796226411321,Train
DTXSID7023938,0.29411764705882354,0.2740037950664137,2.925747767665559,Train
DTXSID1031591,0.625,0.5622994652406417,2.349468024894146,Train
DTXSID8042422,0.6086956521739131,0.571990090424873,3.0,Train
DTXSID1025930,0.6129032258064516,0.5710436432637571,3.2062439083762797,Train
DTXSID0046569,0.6857142857142857,0.623336405529954,3.2,Train
DTXSID0033960,0.8102189781021898,0.7217719670112565,7.735631842325486,Train
DTXSID6045743,0.6,0.5798014388361493,5.03189825016365,Train
DTXSID3037626,0.5416666666666666,0.45999999999999996,1.886796226411321,Train
DTXSID8049256,0.5833333333333334,0.5335811965811966,2.9189039038652846,Train
DTXSID1020807,0.5897435897435898,0.46461538461538454,2.6907248094147422,Train
DTXSID8026145,0.8421052631578947,0.8166824905400757,2.7129319932501077,Train
DTXSID5023746,0.7471264367816092,0.73572971487496,6.705221845696085,Train
DTXSID8048606,0.6206896551724138,0.5757384782301053,3.3645207682521447,Train
DTXSID9047887,0.23333333333333334,0.07425287356321839,0.959166304662544,Train
DTXSID5027770,0.6666666666666666,0.5419818316648127,3.243454948045371,Train
DTXSID8023630,0.7435897435897436,0.6020383601905341,3.417601498127013,Train
DTXSID9034282,0.525,0.45314571358689004,2.227105745132009,Train
DTXSID3027950,0.5,0.4225457338360564,2.8284271247461903,Train
DTXSID5046229,0.5161290322580645,0.4658260148425373,2.9664793948382653,Train
DTXSID0025654,0.5,0.47795986622073583,2.8284271247461903,Train
DTXSID4020086,0.5,0.37455172413793103,2.1725560982400434,Train
DTXSID9023706,0.671875,0.6578334613415258,5.491812087098392,Train
DTXSID1027506,0.5185185185185185,0.4298941798941799,1.8973665961010278,Train
DTXSID8021640,0.0,0.0,0.0,Train
DTXSID8057801,0.6444444444444445,0.6201365966723553,3.872983346207417,Train
DTXSID8038801,0.7551020408163265,0.7193634056112359,5.40740233383831,Train
DTXSID9029277,0.6190476190476191,0.4810503910503911,3.1874754901018454,Train
DTXSID5026918,0.0,0.0,0.0,Train
DTXSID7020970,0.5135135135135135,0.47331440483036225,2.7928480087537886,Train
DTXSID2041200,0.6976744186046512,0.64798308876488,3.82099463490856,Train
DTXSID8024862,0.5428571428571428,0.521643813595033,2.8495613697550017,Train
DTXSID6048830,0.5384615384615384,0.496780362370863,3.52703841770968,Train
DTXSID4020537,0.6046511627906976,0.4595727553470038,2.253885533916929,Train
DTXSID4047416,0.6842105263157895,0.6531792132770952,3.939543120718442,Train
DTXSID1038666,0.6274509803921569,0.5302930634619438,2.85657137141714,Train
DTXSID5045170,0.7755102040816326,0.6701620751216438,4.386342439892262,Train
DTXSID1031460,0.6818181818181818,0.3687947140578719,2.0297783130184444,Train
DTXSID9021635,0.6666666666666666,0.6208333333333333,1.969771560359221,Train
DTXSID1027471,0.0,0.0,0.0,Train
DTXSID2038732,0.3333333333333333,0.27251461988304093,1.3711309200802089,Train
DTXSID5021679,0.5882352941176471,0.5368137254901961,2.0099751242241783,Train
DTXSID7048582,0.6190476190476191,0.5365834149193658,5.6956123463592565,Train
DTXSID7021231,0.55,0.48374602998948707,3.704051835490427,Train
DTXSID4023333,0.5476190476190477,0.46341774420205795,5.226853738148792,Train
DTXSID9020663,0.5714285714285714,0.5076923076923077,1.7320508075688774,Train
DTXSID3023425,0.7241379310344828,0.7213094934014473,5.5533773507659285,Train
DTXSID7057650,0.5454545454545454,0.46522967228849577,2.638181191654584,Train
DTXSID7021152,0.47368421052631576,0.3880701754385965,1.6852299546352716,Train
DTXSID3020463,0.7,0.6675000000000001,2.5534290669607413,Train
DTXSID2029874,0.5660377358490566,0.4975861143390762,3.6,Train
DTXSID1057662,0.6956521739130435,0.6614485446352454,6.019966777316965,Train
DTXSID6044985,0.625,0.47853535353535354,1.9899748742132402,Train
DTXSID7044716,0.6666666666666666,0.6461597542242703,3.5608987629529714,Train
DTXSID0033334,0.8227848101265823,0.7961873266102265,7.318469785412795,Train
DTXSID4027521,0.5769230769230769,0.5493578990130714,2.340939982143925,Train
DTXSID8047428,0.5714285714285714,0.5343498168498169,2.7928480087537886,Train
DTXSID3022588,0.7142857142857143,0.6107078069805695,4.8,Train
DTXSID8042343,0.4666666666666667,0.39571428571428574,1.7663521732655694,Train
DTXSID8041951,0.5428571428571428,0.48786054783833277,3.0,Train
DTXSID4025587,0.5428571428571428,0.514453781512605,2.9120439557122073,Train
DTXSID0057621,0.6060606060606061,0.5111968980339279,4.409081537009721,Train
DTXSID7038317,0.64,0.6169328063241106,3.0331501776206204,Train
DTXSID2040731,0.5,0.43483694683694674,2.2181073012818833,Train
DTXSID5034698,0.4807692307692308,0.44429487179487176,3.6660605559646724,Train
DTXSID6025480,0.6086956521739131,0.583486004250622,3.104834939252005,Train
DTXSID6022004,0.5714285714285714,0.5095238095238095,2.2891046284519194,Train
DTXSID2020894,0.5384615384615384,0.48825444597800355,2.04939015319192,Train
DTXSID8029236,0.16666666666666666,0.06533333333333333,0.6324555320336759,Train
DTXSID4046602,0.4642857142857143,0.35939139763213335,3.2496153618543846,Train
DTXSID6045668,0.671875,0.4723411016949153,3.773592452822642,Train
DTXSID8023260,0.5074626865671642,0.43603889823068104,4.1036569057366385,Train
DTXSID7047510,0.3870967741935484,0.3434251019651464,2.2,Train
DTXSID4020450,0.6,0.5482361660079051,2.6758176320519302,Train
DTXSID6057829,0.5151515151515151,0.4636293813713168,2.5455844122715714,Train
DTXSID1047815,0.5862068965517241,0.5586828207517863,2.8000000000000003,Train
DTXSID5046221,0.7222222222222222,0.6926614987080104,4.83735464897913,Train
DTXSID2021816,0.46153846153846156,0.42447045707915276,2.4657656011875906,Train
DTXSID9044407,0.6060606060606061,0.5541158713572506,2.8071337695236402,Train
DTXSID2022254,0.5952380952380952,0.5014712810948395,3.212475680841802,Train
DTXSID6048206,0.4074074074074074,0.3486402486402487,2.3832750575625967,Train
DTXSID5045835,0.42424242424242425,0.39792763878013254,3.5156791662493894,Train
DTXSID1047786,0.6363636363636364,0.5723146172866244,4.762352359916264,Train
DTXSID7047146,0.6,0.5583154706430569,3.013303834663873,Train
DTXSID6022399,0.6590909090909091,0.6156191207524163,3.676955262170047,Train
DTXSID5057670,0.6944444444444444,0.6449496604418554,5.388877434122992,Train
DTXSID1048627,0.7684210526315789,0.7328436854607085,6.919537556802478,Train
DTXSID0020311,0.4166666666666667,0.31996662958843164,1.661324772583615,Train
DTXSID2032390,0.6486486486486487,0.5298683298683299,3.1811947441173736,Train
DTXSID5046279,0.6346153846153846,0.5988709307522458,4.029888335921977,Train
DTXSID6044359,0.16666666666666666,0.07509803921568628,0.5291502622129182,Train
DTXSID2021317,0.75,0.7254545454545455,1.9287301521985911,Train
DTXSID1045372,0.6333333333333333,0.6113682935916542,4.749736834815167,Train
DTXSID0021464,0.6875,0.6122899159663866,2.04939015319192,Train
DTXSID0021179,0.48148148148148145,0.43346968191688695,2.6907248094147422,Train
DTXSID2038813,0.5185185185185185,0.4505247376311844,2.181742422927143,Train
DTXSID8044834,0.7419354838709677,0.7124231173467168,3.867815921162743,Train
DTXSID5041431,0.625,0.588332070228622,2.8071337695236402,Train
DTXSID8046799,0.6785714285714286,0.6295238095238096,3.566510900025402,Train
DTXSID7026102,0.7307692307692307,0.674322576648158,2.7202941017470885,Train
DTXSID6022975,0.48717948717948717,0.3494826810616284,2.870540018881465,Train
DTXSID5024346,0.65,0.5519047619047619,2.32379000772445,Train
DTXSID4025329,0.6,0.5895798319327732,2.06881608655772,Train
DTXSID7033105,0.46296296296296297,0.3471459419787687,3.0199337741083,Train
DTXSID2027258,0.7096774193548387,0.6694354838709679,2.5377155080899043,Train
DTXSID2021159,0.5,0.4554841066861527,1.7776388834631178,Train
DTXSID5041691,0.625,0.6105011655011655,3.714835124201342,Train
DTXSID5027487,0.5789473684210527,0.518859649122807,2.12602916254693,Train
DTXSID5041439,0.4482758620689655,0.4420361247947454,2.244994432064365,Train
DTXSID0044361,0.631578947368421,0.5976926010678871,2.4413111231467406,Train
DTXSID9046445,0.7857142857142857,0.5948343425423221,3.8262252939417984,Train
DTXSID8046743,0.71875,0.6741186432218135,5.079370039680118,Train
DTXSID0022690,0.5625,0.40507703081232493,3.3704599092705436,Train
DTXSID3034113,0.6153846153846154,0.552190095618667,3.984971769034255,Train
DTXSID8057728,0.7304964539007093,0.6971195544976574,7.738216848861242,Train
DTXSID0030588,0.5555555555555556,0.4650657697265038,2.3065125189341593,Train
DTXSID8022377,0.4067796610169492,0.27243436357593886,2.1166010488516727,Train
DTXSID2048828,0.6440677966101694,0.6201907519505883,4.3266615305567875,Train
DTXSID1023362,0.625,0.592556775322195,3.984971769034255,Train
DTXSID0046648,0.7804878048780488,0.63332647552098,5.336665625650533,Train
DTXSID0024896,0.39473684210526316,0.3325537163656359,2.12602916254693,Train
DTXSID5027300,0.7857142857142857,0.7238156682027649,3.0265491900843116,Train
DTXSID6041719,0.7164179104477612,0.5703739926582236,4.529900661162451,Train
DTXSID0024185,0.5625,0.5302777777777777,2.1633307652783937,Train
DTXSID4049080,0.5869565217391305,0.556924494734675,3.867815921162743,Train
DTXSID5026548,0.7073170731707317,0.6435136791844108,3.2310988842807027,Train
DTXSID7024409,0.6,0.48430769230769233,2.3065125189341593,Train
DTXSID4044404,0.6666666666666666,0.5889921842863018,1.876166303929372,Train
DTXSID4047127,0.6923076923076923,0.5537556561085972,2.727636339397171,Train
DTXSID8046117,0.5609756097560976,0.5009382049551722,3.2680269276736387,Train
DTXSID1022055,0.6,0.5820320855614974,2.2627416997969525,Train
DTXSID0041981,0.5714285714285714,0.5439560439560438,1.9287301521985911,Train
DTXSID1041217,0.6666666666666666,0.6444295900178252,2.1447610589527217,Train
DTXSID6044773,0.46875,0.42672920892494925,2.553429066960741,Train
DTXSID0038887,0.5319148936170213,0.46259051885031727,3.5777087639996634,Train
DTXSID2048791,0.6481481481481481,0.4700400890725569,3.1496031496047245,Train
DTXSID1047603,0.4,0.37241935483870964,2.6907248094147422,Train
DTXSID1022421,0.6470588235294118,0.5461856145270947,3.622154055254967,Train
DTXSID3048520,0.7764705882352941,0.6558841526120938,5.692099788303083,Train
DTXSID1023607,0.4897959183673469,0.3770675430143869,3.104834939252005,Train
DTXSID0037570,0.6153846153846154,0.5944986023933393,3.7469987990390394,Train
DTXSID0026202,0.5454545454545454,0.5069653845515913,2.6981475126464085,Train
DTXSID8020410,0.6470588235294118,0.594094304388422,2.0591260281974,Train
DTXSID5046196,0.75,0.7117948717948718,2.7928480087537886,Train
DTXSID8020202,0.5,0.43184582139806016,4.27551166528639,Train
DTXSID9047178,0.34146341463414637,0.1605847721763222,1.4832396974191326,Train
DTXSID7028013,0.5454545454545454,0.4974264103675868,2.821347195933177,Train
DTXSID0034930,0.75,0.7238021295474711,4.833218389437829,Train
DTXSID0029559,0.8148148148148148,0.7755716332665485,4.833218389437829,Train
DTXSID4057714,0.6428571428571429,0.6297954396791946,3.7735924528226414,Train
DTXSID1049069,0.8113207547169812,0.7531054069174956,5.30659966456864,Train
DTXSID5023900,0.6923076923076923,0.6671516065099515,5.047771785649585,Train
DTXSID5022489,0.45,0.3448148148148148,1.8973665961010278,Train
DTXSID6032645,0.7647058823529411,0.7110111687041686,4.94368283772331,Train
DTXSID8047848,0.7142857142857143,0.6856654456654457,4.1036569057366385,Train
DTXSID4045688,0.6785714285714286,0.598481973434535,4.132795663954365,Train
DTXSID3048574,0.7142857142857143,0.6983757187085361,2.8071337695236402,Train
DTXSID3021485,0.4,0.34244588744588744,1.5491933384829668,Train
DTXSID7044342,0.7464788732394366,0.7375170953108728,5.6142675390472805,Train
DTXSID9030048,0.6666666666666666,0.45476190476190476,2.4166091947189146,Train
DTXSID4047599,0.42857142857142855,0.42857142857142855,3.4641016151377544,Train
DTXSID2029298,0.23076923076923078,0.23076923076923078,2.449489742783178,Train
DTXSID1048592,0.68,0.5870458029365593,6.356099432828282,Train
DTXSID3024815,0.56,0.41249719159558984,2.0976176963403033,Train
DTXSID9040342,0.6857142857142857,0.597487684729064,3.243454948045371,Train
DTXSID9040134,0.7394957983193278,0.6265748953813327,5.067543783727971,Train
DTXSID4046286,0.5227272727272727,0.4609917159252707,3.2,Train
DTXSID8048814,0.5901639344262295,0.5177635562731178,4.1856899072912706,Train
DTXSID2047725,0.625,0.5538675609738228,3.3823069050575527,Train
DTXSID3024659,0.5384615384615384,0.4981657376439985,2.3151673805580453,Train
DTXSID6046977,0.66,0.6216833624596427,4.28485705712571,Train
DTXSID7025269,0.6470588235294118,0.6239803329563193,3.286335345030997,Train
DTXSID9047417,0.75,0.7425133689839573,3.458323293158117,Train
DTXSID6020939,0.6,0.49523809523809526,1.8973665961010275,Train
DTXSID9021392,0.4117647058823529,0.34288770053475937,1.6370705543744901,Train
DTXSID0049288,0.59375,0.5627373253337489,2.932575659723036,Train
DTXSID9024437,0.5,0.4523753476796955,1.8654758106177631,Train
DTXSID2041626,0.5652173913043478,0.5303654155828068,2.638181191654584,Train
DTXSID5046641,0.5294117647058824,0.4097506624398714,3.5156791662493894,Train
DTXSID2022707,0.7285714285714285,0.6135053835053835,4.039801975344831,Train
DTXSID7021998,0.2608695652173913,0.20189158667419535,1.2489995996796797,Train
DTXSID5024970,0.5789473684210527,0.5337749809305874,2.4576411454889016,Train
DTXSID5021128,0.6428571428571429,0.5743406593406593,2.9120439557122073,Train
DTXSID2044848,0.6129032258064516,0.5401529898540466,2.939387691339814,Train
DTXSID7024875,0.6578947368421053,0.6005065788766977,3.588871688985272,Train
DTXSID6040747,0.38461538461538464,0.31725736049774633,2.8425340807103794,Train
DTXSID3025338,0.6153846153846154,0.5879254079254079,3.104834939252005,Train
DTXSID1044980,0.6666666666666666,0.5191884057971013,2.6076809620810595,Train
DTXSID1044930,0.6756756756756757,0.6071939586645468,3.3045423283716615,Train
DTXSID7020766,0.5,0.4648450116192052,2.32379000772445,Train
DTXSID3034664,0.6666666666666666,0.4693203358801316,3.6551333764994136,Train
DTXSID8048733,0.7671232876712328,0.7532639998956108,5.929586832149438,Train
DTXSID0047248,0.7192982456140351,0.5857632420067921,4.686149805543993,Train
DTXSID9021554,0.0,0.0,0.0,Train
DTXSID7025421,0.47619047619047616,0.4340675266762224,2.340939982143925,Train
DTXSID4041367,0.5,0.48888888888888893,3.2,Train
DTXSID6020777,0.5535714285714286,0.4493665555389693,3.7576588456111875,Train
DTXSID8042509,0.6470588235294118,0.5750675708880043,3.3941125496954285,Train
DTXSID0047290,0.726027397260274,0.6870788228147597,4.845616575834287,Train
DTXSID0047165,0.6785714285714286,0.6667495991025403,3.4756294393965534,Train
DTXSID7042196,0.4482758620689655,0.3097778034059893,1.6492422502470643,Train
DTXSID5047665,0.6551724137931034,0.5793212295367468,3.358571124749333,Train
DTXSID3046536,0.8214285714285714,0.8140019627922854,3.888444419044716,Train
DTXSID7040360,0.5952380952380952,0.5708852444414754,4.054626986542658,Train
DTXSID6041268,0.660377358490566,0.6365117076224978,4.595650117230423,Train
DTXSID5029217,0.47619047619047616,0.3771645021645022,1.9798989873223334,Train
DTXSID8024733,0.6923076923076923,0.5812612141983958,3.6496575181789317,Train
DTXSID7052860,0.574468085106383,0.5076488722765319,2.6907248094147422,Train
DTXSID8034665,0.6136363636363636,0.4770443862658362,3.3045423283716615,Train
DTXSID1021584,0.625,0.5413095238095238,2.0976176963403033,Train
DTXSID4020822,0.7272727272727273,0.5989280627042074,4.749736834815167,Train
DTXSID2045521,0.7719298245614035,0.5424178435115874,4.039801975344831,Train
DTXSID9022601,0.7739130434782608,0.7645444245017206,7.362064927722384,Train
DTXSID5027302,0.6363636363636364,0.5989519252677147,2.5377155080899043,Train
DTXSID7041671,0.6451612903225806,0.3870967741935484,2.227105745132009,Train
DTXSID2021315,0.6666666666666666,0.6455555555555554,2.545584412271571,Train
DTXSID3045560,0.5882352941176471,0.49789806771871004,3.3346664001066135,Train
DTXSID4048806,0.6491228070175439,0.5357471804511278,3.7255872020394314,Train
DTXSID9047465,0.5862068965517241,0.5217596401133665,2.90516780926679,Train
DTXSID7047518,0.7333333333333333,0.6715945774915875,3.8574603043971822,Train
DTXSID9048932,0.45454545454545453,0.3992573039531738,3.3526109228480423,Train
DTXSID0029761,0.8,0.7368831168831168,3.2619012860600183,Train
DTXSID8022408,0.6808510638297872,0.550693527289272,3.2310988842807022,Train
DTXSID1033876,0.47619047619047616,0.43527495208609757,2.253885533916929,Train
DTXSID0022480,0.5172413793103449,0.48323809523809524,2.1354156504062622,Train
DTXSID3036105,0.6666666666666666,0.540983355724735,2.95296461204668,Train
DTXSID2026529,0.46153846153846156,0.3968531468531468,2.12602916254693,Train
DTXSID3041372,0.6,0.5603030303030303,3.2434549480453714,Train
DTXSID0045624,0.6730769230769231,0.6364981838566743,3.6551333764994136,Train
DTXSID8024280,0.5873015873015873,0.47022157542286835,3.704051835490427,Train
DTXSID6020064,0.41379310344827586,0.3900492610837438,2.1633307652783933,Train
DTXSID9034816,0.6976744186046512,0.6278921404992396,3.487119154832539,Train
DTXSID9040265,0.5777777777777777,0.4770272364264855,3.3645207682521447,Train
DTXSID6047654,0.047619047619047616,0.009523809523809523,0.2,Train
DTXSID9045891,0.5333333333333333,0.4671900413429649,2.3065125189341593,Train
DTXSID7037262,0.5909090909090909,0.4902347652347652,4.4810713004816165,Train
DTXSID6022133,0.4722222222222222,0.42718242673413453,2.979932885150268,Train
DTXSID2045864,0.7066666666666667,0.6925746698087594,5.299056519796708,Train
DTXSID7046091,0.6835443037974683,0.6057130378689339,5.692099788303083,Train
DTXSID2044397,0.7272727272727273,0.6282970684286473,2.04939015319192,Train
DTXSID1029251,0.5357142857142857,0.4341036414565826,1.876166303929372,Train
DTXSID1040794,0.5555555555555556,0.5241545893719808,2.6608269391300143,Train
DTXSID9045267,0.7017543859649122,0.6429109723773012,4.214261501141095,Train
DTXSID6025010,0.6428571428571429,0.5567532467532468,1.7549928774784245,Train
DTXSID1029889,0.7111111111111111,0.6637409387997624,4.874423042781576,Train
DTXSID2046911,0.7301587301587301,0.689212647606477,4.7791212581394085,Train
DTXSID1047362,0.6521739130434783,0.6230521382988276,4.578209256903839,Train
DTXSID4049082,0.6825396825396826,0.5950234560760876,4.431703961232068,Train
DTXSID0021094,0.5263157894736842,0.40210526315789474,1.3856406460551018,Train
DTXSID1049354,0.29411764705882354,0.29411764705882354,2.23606797749979,Train
DTXSID6025278,0.6842105263157895,0.5947630349082255,2.4413111231467406,Train
DTXSID8045642,0.37037037037037035,0.28390022675736953,2.4000000000000004,Train
DTXSID8045854,0.5833333333333334,0.5143809523809524,3.7094473981982814,Train
DTXSID5020108,0.5172413793103449,0.4725802792576547,2.513961017995307,Train
DTXSID0021917,0.125,0.125,1.0,Train
DTXSID7045811,0.7142857142857143,0.6161890193140194,4.512205669071391,Train
DTXSID8047347,0.726027397260274,0.652522716513187,5.440588203494177,Train
DTXSID4048800,0.6883116883116883,0.6117914360229934,5.40740233383831,Train
DTXSID6041507,0.5185185185185185,0.4786221186221186,2.4494897427831783,Train
DTXSID6042494,0.6521739130434783,0.5897204968944101,2.6832815729997477,Train
DTXSID6045296,0.6129032258064516,0.5463763440860215,2.6305892875931813,Train
DTXSID6021820,0.5333333333333333,0.4712820512820513,1.7549928774784245,Train
DTXSID5025811,0.2413793103448276,0.20742705570291778,1.6,Train
DTXSID1022053,0.4594594594594595,0.4211803268532968,2.433105012119288,Train
DTXSID0046272,0.627906976744186,0.5456817028390603,3.773592452822642,Train
DTXSID0040678,0.7272727272727273,0.690564263322884,4.089009660052175,Train
DTXSID1048918,0.6875,0.6697424873244545,4.5694638635183455,Train
DTXSID6046842,0.5147058823529411,0.46074888067482817,3.8935844667863573,Train
DTXSID3020910,0.56,0.5366191950464396,2.6532998322843198,Train
DTXSID0024555,0.6785714285714286,0.628896103896104,3.0397368307141326,Train
DTXSID5021885,0.6111111111111112,0.6061045234958279,2.5219040425836985,Train
DTXSID6023109,0.5555555555555556,0.47751643400981025,3.8052595180880897,Train
DTXSID8026068,0.475,0.46394543579128955,2.727636339397171,Train
DTXSID6047315,0.75,0.7031696184220815,6.462197768561405,Train
DTXSID3057856,0.5833333333333334,0.5339181286549708,3.0854497241083028,Train
DTXSID2057738,0.7,0.6752898308610765,3.452535300326414,Train
DTXSID0020365,0.8080808080808081,0.7868691845877894,7.378346698278687,Train
DTXSID4027234,0.5882352941176471,0.5649364051840833,2.366431913239847,Train
DTXSID7023932,0.6097560975609756,0.5794603770213527,4.507771067833858,Train
DTXSID8026775,0.5294117647058824,0.4849299719887955,2.3323807579381204,Train
DTXSID9025611,0.64,0.6293157894736843,2.764054992217051,Train
DTXSID0039227,0.5277777777777778,0.3761737677527151,2.3748684174075834,Train
DTXSID3027037,0.7647058823529411,0.716172170622635,2.4738633753705965,Train
DTXSID3038800,0.37037037037037035,0.2978237157367592,2.32379000772445,Train
DTXSID1027425,0.4,0.34620289855072456,1.8110770276274837,Train
DTXSID5023742,0.6545454545454545,0.4116611938284377,2.705549851693737,Train
DTXSID6049272,0.6666666666666666,0.6263157894736842,2.615339366124404,Train
DTXSID0023951,0.6216216216216216,0.5655045402748182,3.9191835884530852,Train
DTXSID2046092,0.6956521739130435,0.6048227938083011,4.939635614091388,Train
DTXSID5022510,0.48,0.4528695652173913,2.0,Train
DTXSID7020053,0.5526315789473685,0.4856610518544423,3.0659419433511785,Train
DTXSID5024500,0.5142857142857142,0.47391705069124423,3.0463092423455636,Train
DTXSID9057688,0.723404255319149,0.6849966227625802,4.4136152981427825,Train
DTXSID6037697,0.6285714285714286,0.5835701654667171,3.2924155266308657,Train
DTXSID6023028,0.7142857142857143,0.6284346843237677,2.4738633753705965,Train
DTXSID0021258,0.5294117647058824,0.37228222118887083,3.104834939252005,Train
DTXSID5025863,0.5625,0.47202166829586184,2.32379000772445,Train
DTXSID9026689,0.6111111111111112,0.49848484848484853,2.262741699796952,Train
DTXSID4030384,0.4827586206896552,0.4248565633149812,2.433105012119288,Train
DTXSID6047286,0.7439024390243902,0.7348355062067246,6.2545983084447565,Train
DTXSID0046195,0.62,0.5090705194358446,3.3645207682521443,Train
DTXSID1023609,0.5294117647058824,0.4777217321999106,2.979932885150268,Train
DTXSID7057739,0.5757575757575758,0.4927467956879722,3.0199337741083,Train
DTXSID3024657,0.5,0.4404761904761905,1.61245154965971,Train
DTXSID2041917,0.4444444444444444,0.370959595959596,1.9078784028338915,Train
DTXSID0048189,0.3611111111111111,0.2666666666666667,2.23606797749979,Train
DTXSID7046465,0.6461538461538462,0.6158176754752097,5.188448708429139,Train
DTXSID6021404,0.7368421052631579,0.668407847575929,2.5219040425836985,Train
DTXSID7047697,0.5581395348837209,0.532905270312931,3.638681079732051,Train
DTXSID4045682,0.7647058823529411,0.747943903433704,4.955804677345546,Train
DTXSID0038881,0.543859649122807,0.42866119575420003,2.842534080710379,Train
DTXSID0045836,0.5151515151515151,0.44423909423909425,2.23606797749979,Train
DTXSID8047422,0.725,0.7152692490234018,4.25205832509386,Train
DTXSID0045886,0.7692307692307693,0.753305361811569,4.551922670696417,Train
DTXSID1034503,0.6176470588235294,0.5705927961415231,4.94368283772331,Train
DTXSID1021087,0.6779661016949152,0.5962294686749893,4.578209256903839,Train
DTXSID8021939,0.2857142857142857,0.05714285714285714,0.4,Train
DTXSID8024159,0.6949152542372882,0.6824164089547289,5.0,Train
DTXSID0043896,0.7674418604651163,0.695377435410658,4.498888751680798,Train
DTXSID6024913,0.0,0.0,0.0,Train
DTXSID7027122,0.7647058823529411,0.7333074768368886,2.2715633383201093,Train
DTXSID0022640,0.7162162162162162,0.6359815848838617,5.946427498927402,Train
DTXSID3040699,0.5483870967741935,0.5227845622119816,2.5922962793631443,Train
DTXSID8057855,0.5454545454545454,0.49440494849977606,2.505992817228334,Train
DTXSID9037745,0.5135135135135135,0.41854458931071836,2.979932885150268,Train
DTXSID5023081,0.5,0.296,1.7435595774162695,Train
DTXSID5048928,0.5797101449275363,0.46519408600808665,4.2047592083257275,Train
DTXSID9047338,0.7419354838709677,0.7183262442142597,5.184592558726289,Train
DTXSID2045600,0.581081081081081,0.513616319191385,4.3220365569948616,Train
DTXSID7025053,0.5806451612903226,0.5345041628745745,2.863564212655271,Train
DTXSID1045081,0.5714285714285714,0.4841283716283716,2.4494897427831783,Train
DTXSID1040245,0.6739130434782609,0.6184854437461962,4.7791212581394085,Train
DTXSID3044835,0.6333333333333333,0.5842054693274206,3.82099463490856,Train
DTXSID3042051,0.6428571428571429,0.5976759586620171,3.32264954516723,Train
DTXSID0046488,0.776595744680851,0.6648405895372844,5.535341001239219,Train
DTXSID1044934,0.7692307692307693,0.7589068825910931,3.0397368307141326,Train
DTXSID7041966,0.6046511627906976,0.4978748668711949,3.4698703145794942,Train
DTXSID1048178,0.6901408450704225,0.6403793016596222,5.249761899362675,Train
DTXSID5044863,0.52,0.4718743961352657,2.4576411454889016,Train
DTXSID1023817,0.7,0.6333333333333334,2.785677655436824,Train
DTXSID9046283,0.6818181818181818,0.6544838212634823,5.114684741017769,Train
DTXSID8022828,0.6271186440677966,0.5697785675232367,4.467661580737736,Train
DTXSID6020696,0.42857142857142855,0.369083850931677,1.6852299546352718,Train
DTXSID9040001,0.3793103448275862,0.32960462270807095,1.9798989873223332,Train
DTXSID3057721,0.4827586206896552,0.4146042692939245,2.253885533916929,Train
DTXSID5020360,0.6052631578947368,0.5584809310468251,3.8262252939417984,Train
DTXSID6041680,0.7297297297297297,0.7235521235521236,4.573838650411709,Train
DTXSID7027887,0.43243243243243246,0.419233135574599,3.2619012860600183,Train
DTXSID7021491,0.5,0.47777777777777775,2.0,Train
DTXSID4020373,0.5769230769230769,0.5086410256410255,2.154065922853802,Train
DTXSID7047726,0.6388888888888888,0.62538543328017,3.521363372331802,Train
DTXSID1047368,0.7282608695652174,0.7146603061769897,6.53299318842443,Train
DTXSID2022628,0.5510204081632653,0.4440932104066923,3.3045423283716615,Train
DTXSID9032329,0.7192982456140351,0.6640699676796302,4.6946778377222005,Train
DTXSID1026908,0.23809523809523808,0.06761904761904762,0.7211102550927979,Train
DTXSID9023043,0.5666666666666667,0.5317647058823528,3.111269837220809,Train
DTXSID7041916,0.391304347826087,0.3683794466403162,2.0199009876724157,Train
DTXSID6044939,0.717948717948718,0.6965602255924838,3.7309516212355263,Train
DTXSID5023033,0.5957446808510638,0.4998358719734276,3.594440151122286,Train
DTXSID0042406,0.6666666666666666,0.5929824561403508,2.3151673805580453,Train
DTXSID3044334,0.6363636363636364,0.5789853421432368,2.3151673805580453,Train
DTXSID5027019,0.23076923076923078,0.12615384615384614,0.938083151964686,Train
DTXSID3022405,0.5555555555555556,0.41129544290834613,2.4819347291981715,Train
DTXSID1025017,0.5384615384615384,0.4546301067353699,2.433105012119288,Train
DTXSID0026098,0.5714285714285714,0.4760595238095238,2.3748684174075834,Train
DTXSID5033836,0.37037037037037035,0.17552334943639292,1.0583005244258363,Train
DTXSID3024235,0.6923076923076923,0.6238186000171473,4.219004621945798,Train
DTXSID0048927,0.6756756756756757,0.6120973510014606,5.624944444170094,Train
DTXSID4049327,0.4827586206896552,0.4509528785390854,2.705549851693737,Train
DTXSID5045677,0.7530864197530864,0.7313438271077931,5.083306010855534,Train
DTXSID3026067,0.475,0.4464204683575074,2.932575659723036,Train
DTXSID9024487,0.6060606060606061,0.4897360703812317,2.5377155080899043,Train
DTXSID2034590,0.7254901960784313,0.7140314821580807,4.724404724407087,Train
DTXSID0057839,0.6938775510204082,0.6759407478456609,4.5563142999578075,Train
DTXSID4037584,0.6818181818181818,0.639030303030303,2.08806130178211,Train
DTXSID7044554,0.68,0.6584242424242425,5.169139193328034,Train
DTXSID4020878,0.5,0.41262404092071614,1.7776388834631178,Train
DTXSID5047453,0.7058823529411765,0.6851514429842605,2.5845695966640174,Train
DTXSID6021290,0.4772727272727273,0.38901073322125956,2.7202941017470885,Train
DTXSID9022520,0.45161290322580644,0.3925652841781874,2.6608269391300143,Train
DTXSID2036299,0.3333333333333333,0.06666666666666667,0.48989794855663565,Train
DTXSID0025440,0.5454545454545454,0.44605794205794214,1.8654758106177634,Train
DTXSID7025922,0.7297297297297297,0.6831195250550091,3.515679166249389,Train
DTXSID2021654,0.23076923076923078,0.21794871794871798,1.624807680927192,Train
DTXSID4023676,0.7333333333333333,0.5817038016286137,3.7416573867739413,Train
DTXSID0023747,0.6461538461538462,0.5009027666349318,3.594440151122286,Train
DTXSID2020898,0.797979797979798,0.7809009154704565,6.421837743200929,Train
DTXSID8021646,0.6111111111111112,0.5461183261183262,2.181742422927143,Train
DTXSID0046307,0.7395833333333334,0.7014379004868176,5.4662601474865795,Train
DTXSID7027205,0.875,0.8664285714285714,2.785677655436824,Train
DTXSID9020249,0.5238095238095238,0.47369478192058834,3.0659419433511785,Train
DTXSID2037712,0.5217391304347826,0.4414187643020595,2.154065922853802,Train
DTXSID0049319,0.6470588235294118,0.5815845918787095,1.9595917942265426,Train
DTXSID1046685,0.7096774193548387,0.7036195476816138,5.723635208501674,Train
DTXSID4046153,0.6086956521739131,0.5669567002213178,2.7928480087537886,Train
DTXSID5047376,0.7058823529411765,0.6915805853759117,5.359104402789705,Train
DTXSID8049414,0.6785714285714286,0.6284154351395731,2.6381811916545836,Train
DTXSID9046942,0.639344262295082,0.5341545667447306,3.720215047547655,Train
DTXSID7044392,0.52,0.4719767600820233,2.209072203437452,Train
DTXSID5037494,0.59375,0.4565725806451614,2.4083189157584592,Train
DTXSID1044770,0.4827586206896552,0.4181799221357063,2.244994432064365,Train
DTXSID4024484,0.6060606060606061,0.5128205128205129,2.9597297173897488,Train
DTXSID2042014,0.7857142857142857,0.7241328331111612,2.1447610589527217,Train
DTXSID1026536,0.7368421052631579,0.7040494555353902,2.870540018881465,Train
DTXSID0046016,0.65,0.6057936507936508,1.9390719429665317,Train
DTXSID4020589,0.5769230769230769,0.5340073260073259,2.727636339397171,Train
DTXSID1027500,0.35,0.22833333333333333,1.077032961426901,Train
DTXSID6023155,0.6060606060606061,0.49833630421865716,3.006659275674582,Train
DTXSID8027454,0.6153846153846154,0.5695644225055989,2.5377155080899043,Train
DTXSID9026974,0.5588235294117647,0.49441020852785555,2.9189039038652846,Train
DTXSID4025668,0.38461538461538464,0.35725641025641025,1.9390719429665317,Train
DTXSID4021975,0.42857142857142855,0.3904761904761905,1.50996688705415,Train
DTXSID1046180,0.5,0.3885990513308559,3.0463092423455636,Train
DTXSID9025538,0.8333333333333334,0.8277450980392157,4.166533331199932,Train
DTXSID5041518,0.5,0.4166633825944171,2.0099751242241783,Train
DTXSID0046274,0.6170212765957447,0.5697476575449041,4.029888335921977,Train
DTXSID6046553,0.5757575757575758,0.506430745535223,4.161730409336962,Train
DTXSID6020062,0.45454545454545453,0.36016147326492154,2.253885533916929,Train
DTXSID7049396,0.5789473684210527,0.5255847953216375,2.209072203437452,Train
DTXSID7045364,0.5185185185185185,0.42245048510690897,2.932575659723036,Train
DTXSID4041654,0.3695652173913043,0.30764299293991765,2.5455844122715714,Train
DTXSID7020893,0.5897435897435898,0.5084968907061931,3.1874754901018454,Train
DTXSID2046468,0.5232558139534884,0.4939605785493888,4.903060268852506,Train
DTXSID4023042,0.5,0.41467561187154284,2.939387691339814,Train
DTXSID0026915,0.0,0.0,0.0,Train
DTXSID9046285,0.676056338028169,0.6434470209233544,4.6475800154489,Train
DTXSID0047371,0.746268656716418,0.7130928680799186,5.656854249492381,Train
DTXSID2021105,0.625,0.5419485586876891,2.545584412271571,Train
DTXSID9049405,0.7142857142857143,0.6683321977439626,3.566510900025402,Train
DTXSID8044915,0.725,0.6855197444831591,3.6606010435446255,Train
DTXSID6043709,0.7317073170731707,0.6504110336485347,6.122091146005587,Train
DTXSID5046190,0.6511627906976745,0.5978569360105921,3.6496575181789317,Train
DTXSID4057685,0.75,0.6877314814814814,3.616628264005025,Train
DTXSID2021442,0.803921568627451,0.7956194785606551,4.829078587059854,Train
DTXSID1045798,0.6785714285714286,0.6147987739872068,4.613025037868319,Train
DTXSID3042059,0.4482758620689655,0.42314428866153,2.4083189157584592,Train
DTXSID6024967,0.45,0.4101035196687371,2.078460969082653,Train
DTXSID9045762,0.6744186046511628,0.6408985919949375,4.280186911806539,Train
DTXSID2032891,0.5454545454545454,0.467871259175607,2.04939015319192,Train
DTXSID4047549,0.6571428571428571,0.6419230919230918,4.294182110716778,Train
DTXSID9021762,0.5555555555555556,0.5023931623931623,1.9287301521985911,Train
DTXSID3047843,0.6612903225806451,0.5936295477530729,4.829078587059854,Train
DTXSID2049050,0.47560975609756095,0.4314953866696416,4.673328578219169,Train
DTXSID1023150,0.6222222222222222,0.5160393946578157,3.6441734316577197,Train
DTXSID3057694,0.65625,0.6361314565148504,3.7416573867739413,Train
DTXSID8046088,0.7066666666666667,0.6072177107295066,5.184592558726289,Train
DTXSID5026912,0.3125,0.1875,1.0,Train
DTXSID0034776,0.625,0.5509722222222222,3.3045423283716615,Train
DTXSID5024504,0.6666666666666666,0.6264316730523627,3.5213633723318014,Train
DTXSID0023030,0.7446808510638298,0.6407123171195099,4.7791212581394085,Train
DTXSID3024102,0.6923076923076923,0.6491730009121314,4.190465367951393,Train
DTXSID0021206,0.4666666666666667,0.4535897435897437,1.6,Train
DTXSID4026505,0.55,0.48539170506912444,2.253885533916929,Train
DTXSID4024696,0.25,0.178,1.9390719429665317,Train
DTXSID7042356,0.56,0.5046108374384237,2.668332812825267,Train
DTXSID2028985,0.5777777777777777,0.5546450375021804,3.6,Train
DTXSID2026943,0.6111111111111112,0.49914529914529915,1.8110770276274835,Train
DTXSID1021168,0.6,0.5412697763229678,4.368065933568311,Train
DTXSID1045619,0.5571428571428572,0.44883980785296573,3.9446165846632044,Train
DTXSID4021056,0.6086956521739131,0.5005668816309548,2.340939982143925,Train
DTXSID0048894,0.5094339622641509,0.46496338594243997,3.2496153618543846,Train
DTXSID5045122,0.575,0.5487373737373737,3.3823069050575527,Train
DTXSID6038877,0.6,0.5550910598193639,3.4292856398964497,Train
DTXSID1041897,0.7407407407407407,0.6311481481481481,2.932575659723036,Train
DTXSID7026994,0.38461538461538464,0.3804195804195804,2.349468024894146,Train
DTXSID8022870,0.7586206896551724,0.7515964240102171,3.6496575181789317,Train
DTXSID7040736,0.7901234567901234,0.6996119929453263,5.43323108288245,Train
DTXSID0025076,0.5454545454545454,0.5135943797581729,2.95296461204668,Train
DTXSID1046429,0.6153846153846154,0.5926322619001388,4.707440918375928,Train
DTXSID8046113,0.5641025641025641,0.5115107656571072,3.298484500494128,Train
DTXSID0021414,0.45161290322580644,0.3851459293394778,2.1725560982400434,Train
DTXSID7022833,0.5333333333333333,0.42903196076495176,2.771281292110204,Train
DTXSID8029280,0.7380952380952381,0.7128518628518629,4.445222154178574,Train
DTXSID8024523,0.3829787234042553,0.3546714047951059,2.9933259094191533,Train
DTXSID7023148,0.6326530612244898,0.5652201157018434,4.1182520563948,Train
DTXSID3047059,0.46153846153846156,0.3917378917378917,2.2715633383201093,Train
DTXSID5042297,0.5869565217391305,0.4713421906708054,3.0789608636681307,Train
DTXSID9040554,0.631578947368421,0.5324609021665221,3.3166247903554003,Train
DTXSID6035156,0.3333333333333333,0.30750158127767235,1.7663521732655696,Train
DTXSID1042574,0.6153846153846154,0.40465674110835403,3.2496153618543846,Train
DTXSID7020716,0.42857142857142855,0.37102897102897103,1.019803902718557,Train
DTXSID5048685,0.7735849056603774,0.7689614157480271,5.517245689653489,Train
DTXSID7020398,0.5357142857142857,0.4885324353066289,2.2627416997969525,Train
DTXSID1032511,0.7619047619047619,0.7220665299612667,2.4657656011875906,Train
DTXSID9037539,0.6571428571428571,0.6015305638384386,3.4000000000000004,Train
DTXSID0025361,0.5483870967741935,0.47676205885327133,2.615339366124404,Train
DTXSID4025117,0.8333333333333334,0.8233511586452762,2.1908902300206647,Train
DTXSID4021892,0.5882352941176471,0.5430438842203549,2.0099751242241783,Train
DTXSID6041137,0.7272727272727273,0.6613886113886114,2.06881608655772,Train
DTXSID6041844,0.7647058823529411,0.7036189990049972,3.509985754956849,Train
DTXSID7020920,0.5217391304347826,0.4499618611746758,2.078460969082653,Train
DTXSID1044354,0.4117647058823529,0.2548606811145511,1.2489995996796799,Train
DTXSID1024966,0.43478260869565216,0.385527950310559,1.8439088914585775,Train
DTXSID4032536,0.32727272727272727,0.2127325057417798,2.5768197453450252,Train
DTXSID5041302,0.8181818181818182,0.7523400673400674,3.627671429443411,Train
DTXSID9048853,0.5892857142857143,0.5518732187224352,4.3954521951671826,Train
DTXSID0025101,0.5555555555555556,0.49617851391764434,2.4248711305964283,Train
DTXSID3046110,0.5675675675675675,0.5173043631867161,3.4756294393965534,Train
DTXSID1044807,0.2,0.1552941176470588,1.2489995996796797,Train
DTXSID5026625,0.7142857142857143,0.6021616541353384,3.0919249667480613,Train
DTXSID0021462,0.6,0.5356521739130435,2.668332812825267,Train
DTXSID6045745,0.7,0.650437049203742,4.955804677345547,Train
DTXSID3026691,0.5555555555555556,0.5018686868686869,2.6,Train
DTXSID4026262,0.6923076923076923,0.6570386135603528,3.3526109228480423,Train
DTXSID5020784,0.7614678899082569,0.600051532802062,4.6389654018972815,Train
DTXSID6046505,0.5373134328358209,0.4783418074462851,3.7040518354904273,Train
DTXSID2020006,0.4444444444444444,0.3886380527684875,1.8973665961010275,Train
DTXSID2025846,0.3333333333333333,0.3166666666666666,1.624807680927192,Train
DTXSID5022855,0.6271186440677966,0.5296747409593083,3.81051177665153,Train
DTXSID7021289,0.7333333333333333,0.7047188331713142,3.9496835316263,Train
DTXSID5045413,0.5833333333333334,0.5063035591595129,3.815756805667783,Train
DTXSID7029661,0.56,0.5342516946654878,2.5219040425836985,Train
DTXSID6048886,0.5161290322580645,0.4490708111201469,3.0000000000000004,Train
DTXSID9026926,0.0,0.0,0.0,Train
DTXSID9044370,0.5862068965517241,0.5443043874404261,2.5534290669607413,Train
DTXSID6021240,0.32653061224489793,0.3144489795918367,3.4985711369071804,Train
DTXSID4020745,0.6818181818181818,0.6539955622561527,4.440720662234904,Train
DTXSID7026946,0.4186046511627907,0.3292580640049861,2.2715633383201097,Train
DTXSID4044533,0.55,0.49257408226448474,2.078460969082653,Train
DTXSID3035341,0.7307692307692307,0.5710889110889111,2.870540018881465,Train
DTXSID2047935,0.5185185185185185,0.24179894179894176,1.61245154965971,Train
DTXSID0047828,0.5416666666666666,0.49257181571815717,3.4871191548325386,Train
DTXSID8023214,0.5416666666666666,0.34175776482923387,2.4166091947189146,Train
DTXSID4046739,0.6829268292682927,0.6751580312834669,4.317406628984581,Train
DTXSID6044690,0.5,0.4851851851851851,2.3065125189341593,Train
DTXSID0021410,0.6981132075471698,0.6781608366642833,4.621688003316537,Train
DTXSID7022629,0.6595744680851063,0.6359443432347062,3.924283374069717,Train
DTXSID7020845,0.5882352941176471,0.5334841628959277,1.7663521732655694,Train
DTXSID6044721,0.7,0.6338799762329174,2.727636339397171,Train
DTXSID2021781,0.14285714285714285,0.14285714285714285,2.0,Train
DTXSID2034885,0.5555555555555556,0.45180623805623804,2.3664319132398464,Train
DTXSID2020478,0.7307692307692307,0.6715291049530181,2.9664793948382653,Train
DTXSID0022725,0.6585365853658537,0.5397359842362385,4.454211490264018,Train
DTXSID7044685,0.5714285714285714,0.5537728937728937,2.821347195933177,Train
DTXSID7023697,0.72,0.7028973345495085,5.392587505085105,Train
DTXSID4032613,0.5681818181818182,0.4947904684104941,3.0854497241083023,Train
DTXSID7026285,0.48148148148148145,0.4144973544973545,2.4000000000000004,Train
DTXSID0027014,0.5,0.3900255754475704,2.4248711305964283,Train
DTXSID4022159,0.3125,0.3125,1.4832396974191326,Train
DTXSID5021671,0.6470588235294118,0.5904901960784313,2.2181073012818837,Train
DTXSID8049412,0.6666666666666666,0.6174916418180174,3.2496153618543846,Train
DTXSID2044218,0.7183098591549296,0.7101145282835424,5.149757275833493,Train
DTXSID1042281,0.5,0.457023569023569,2.6076809620810595,Train
DTXSID1047283,0.7640449438202247,0.7571726076190692,6.511528238439882,Train
DTXSID8047135,0.625,0.5723343685300207,2.705549851693737,Train
DTXSID7041625,0.5333333333333333,0.4956337248217115,3.2186953878862163,Train
DTXSID0049076,0.6607142857142857,0.6189518180794776,4.503332099679081,Train
DTXSID8021937,0.0,0.0,0.0,Train
DTXSID5047584,0.4411764705882353,0.36107970460911637,2.383275057562597,Train
DTXSID1020982,0.6,0.5722366522366522,2.4413111231467406,Train
DTXSID3049380,0.631578947368421,0.5563157894736841,2.1633307652783933,Train
DTXSID6041426,0.7692307692307693,0.764393821188953,3.1304951684997055,Train
DTXSID1025483,0.48484848484848486,0.4437995078706981,2.705549851693737,Train
DTXSID7044267,0.4444444444444444,0.31282156180902565,3.2434549480453714,Train
DTXSID5025659,0.37037037037037035,0.3272209272209272,2.227105745132009,Train
DTXSID9023380,0.5,0.4544403135359544,2.9664793948382653,Train
DTXSID5047087,0.39285714285714285,0.36812169312169307,2.6229754097208002,Train
DTXSID3041661,0.5909090909090909,0.5058974841583537,2.383275057562597,Train
DTXSID4047177,0.47368421052631576,0.37568922305764413,1.61245154965971,Train
DTXSID4047464,0.7391304347826086,0.6421276858593805,3.0397368307141326,Train
DTXSID6020646,0.8095238095238095,0.795593149540518,2.6758176320519302,Train
DTXSID0020155,0.6296296296296297,0.5617118791031835,2.8565713714171403,Train
DTXSID6044515,0.3333333333333333,0.16333333333333333,1.3711309200802089,Train
DTXSID9046998,0.5714285714285714,0.5582417582417583,2.65329983228432,Train
DTXSID1023071,0.6307692307692307,0.5438693406012285,4.749736834815167,Train
DTXSID3027829,0.3125,0.1875,1.0,Train
DTXSID1022897,0.6916666666666667,0.4891918297672773,4.68187996428785,Train
DTXSID0057704,0.6274509803921569,0.6081416406264276,3.2186953878862163,Train
DTXSID8046163,0.6428571428571429,0.6127077308656255,3.6769552621700474,Train
DTXSID8047424,0.6363636363636364,0.6018514818514819,2.939387691339814,Train
DTXSID4046490,0.6721311475409836,0.6324861866200082,4.418144406874904,Train
DTXSID9024855,0.5357142857142857,0.49516564916564915,2.6076809620810595,Train
DTXSID9023255,0.6444444444444445,0.5675761079625649,3.4058772731852804,Train
DTXSID4023177,0.32,0.17138119312436806,1.7663521732655694,Train
DTXSID8047636,0.0,0.0,0.0,Train
DTXSID1048203,0.48,0.4224252873563218,2.0,Train
DTXSID2045945,0.7164179104477612,0.6957155571118018,5.192301994298869,Train
DTXSID4049240,0.5,0.4230769230769231,1.7435595774162693,Train
DTXSID8047262,0.759493670886076,0.7533273056057866,6.2833112289620034,Train
DTXSID7041964,0.6666666666666666,0.6112609437639478,4.166533331199932,Train
DTXSID2041460,0.5,0.46440886699507383,2.2891046284519194,Train
DTXSID2021866,0.17391304347826086,0.1424430641821946,1.3564659966250536,Train
DTXSID5024344,0.75,0.6540264976958525,3.5156791662493894,Train
DTXSID5022774,0.5773195876288659,0.5344811607867138,4.8207883172775805,Train
DTXSID9046233,0.6428571428571429,0.6023809523809524,3.2062439083762797,Train
DTXSID3022825,0.6962025316455697,0.5930518758381579,5.264978632435273,Train
DTXSID7024455,0.42857142857142855,0.395970695970696,2.039607805437114,Train
DTXSID1030317,0.6875,0.658054085306249,3.1496031496047245,Train
DTXSID0020604,0.7692307692307693,0.7081865502918134,3.358571124749333,Train
DTXSID2023480,0.4716981132075472,0.37976079304390636,3.1432467291003423,Train
DTXSID1042441,0.627906976744186,0.5849490322164741,3.3466401061363023,Train
DTXSID0041484,0.35714285714285715,0.3213464696223317,1.8,Train
DTXSID8021270,0.64,0.5941847537769578,3.111269837220809,Train
DTXSID1045534,0.47435897435897434,0.3875177153438023,3.588871688985272,Train
DTXSID6021668,0.6666666666666666,0.5833333333333333,2.1908902300206647,Train
DTXSID3025093,0.5384615384615384,0.48494720965309196,2.513961017995307,Train
DTXSID7021233,0.5319148936170213,0.4317503187837965,3.440930106817051,Train
DTXSID8023688,0.7962962962962963,0.7080682748829252,4.931531202375181,Train
DTXSID5042584,0.7049180327868853,0.6459998514737519,4.98798556533597,Train
DTXSID9022730,0.6363636363636364,0.5365775986465641,2.3748684174075834,Train
DTXSID0045591,0.6,0.5821387790953009,4.7791212581394085,Train
DTXSID3041405,0.5,0.4721062618595825,3.124099870362662,Train
DTXSID9045184,0.6379310344827587,0.5985655479400849,4.37264222181509,Train
DTXSID0046698,0.6956521739130435,0.6643570812561788,4.766550115125194,Train
DTXSID7057654,0.6923076923076923,0.6736048222333011,4.8207883172775805,Train
DTXSID3048732,0.6818181818181818,0.6287184475755904,4.079215610874228,Train
DTXSID2049424,0.75,0.7175161406025825,3.4813790371058424,Train
DTXSID1020980,0.6111111111111112,0.5131671982987773,2.1447610589527217,Train
DTXSID1044560,0.7941176470588235,0.7626823143050323,3.588871688985272,Train
DTXSID9020322,0.59375,0.5040837018569075,3.2802438933713454,Train
DTXSID3022958,0.6326530612244898,0.5926988738078963,3.7735924528226414,Train
DTXSID5024473,0.44,0.4306877470355731,1.9183326093250879,Train
DTXSID5025310,0.5357142857142857,0.4899192425508215,2.8284271247461903,Train
DTXSID2047353,0.7303370786516854,0.6544159086855716,5.782732917920384,Train
DTXSID7021659,0.5384615384615384,0.5010989010989011,1.7088007490635064,Train
DTXSID5047112,0.3333333333333333,0.2444444444444444,1.4422205101855958,Train
DTXSID1046421,0.48,0.41535064935064936,1.9798989873223334,Train
DTXSID7029879,0.675,0.5920143842580854,5.6991227395100035,Train
DTXSID0043848,0.46153846153846156,0.43890523968784845,3.2802438933713454,Train
DTXSID8047559,0.16666666666666666,0.10909090909090909,1.2165525060596438,Train
DTXSID7042140,0.6190476190476191,0.5535937102113573,3.3105890714493698,Train
DTXSID2027416,0.6428571428571429,0.5110389610389611,2.0591260281974004,Train
DTXSID7023487,0.684931506849315,0.5696637482251831,3.9749213828703582,Train
DTXSID8044751,0.5,0.427726574500768,2.4166091947189146,Train
DTXSID5025312,0.6206896551724138,0.5626085641389832,2.4413111231467406,Train
DTXSID3047261,0.6956521739130435,0.6759718820719464,4.494441010848846,Train
DTXSID9042097,0.7727272727272727,0.7567595844100554,4.261455150532504,Train
DTXSID5020528,0.391304347826087,0.3498526835483357,2.04939015319192,Train
DTXSID9037749,0.5581395348837209,0.48540619107479577,2.9597297173897483,Train
DTXSID6045088,0.7352941176470589,0.5657268424611225,3.2680269276736382,Train
DTXSID8044753,0.5,0.4316239316239317,2.7129319932501077,Train
DTXSID5041308,0.5769230769230769,0.5518846153846153,2.8000000000000003,Train
DTXSID5022724,0.6,0.5693075288965763,4.525483399593905,Train
DTXSID9020407,0.5818181818181818,0.47533678544800895,3.0919249667480613,Train
DTXSID7048580,0.8333333333333334,0.8092039856339847,5.976621118993574,Train
DTXSID6040290,0.5853658536585366,0.46675866495507057,3.340658617698013,Train
DTXSID3049332,0.6521739130434783,0.4798689562781634,2.4494897427831783,Train
DTXSID5021411,0.65,0.6040909090909091,2.3323807579381204,Train
DTXSID2026783,0.6086956521739131,0.5355619742576264,1.865475810617763,Train
DTXSID5032365,0.6086956521739131,0.5838922404826296,2.7568097504180447,Train
DTXSID3030428,0.6764705882352942,0.6329517753047165,3.111269837220809,Train
DTXSID8042478,0.717948717948718,0.6185521496047812,3.8626415831655936,Train
DTXSID0047244,0.6818181818181818,0.6426226917099127,2.8495613697550017,Train
DTXSID8021931,0.0,0.0,0.0,Train
DTXSID9020241,0.6111111111111112,0.46208500989048107,3.847076812334269,Train
DTXSID3023132,0.6612903225806451,0.5809993232573877,4.27551166528639,Train
DTXSID1024174,0.6666666666666666,0.6290408432147563,2.9799328851502684,Train
DTXSID8042559,0.7142857142857143,0.70995115995116,4.664761515876241,Train
DTXSID5041512,0.5151515151515151,0.4480310975639118,2.244994432064365,Train
DTXSID5023089,0.6666666666666666,0.6333046523369104,3.5721142198983507,Train
DTXSID3027792,0.6190476190476191,0.5765010351966874,2.7202941017470885,Train
DTXSID0027640,0.6111111111111112,0.5606098579782791,2.545584412271571,Train
DTXSID8041404,0.56,0.48465107212475633,2.227105745132009,Train
DTXSID0041357,0.5151515151515151,0.4992889868751938,2.939387691339814,Train
DTXSID2026446,0.5294117647058824,0.48701723113487816,3.2680269276736387,Train
DTXSID9020958,0.3793103448275862,0.3377349786645139,1.854723699099141,Train
DTXSID1033163,0.575,0.5415889982871114,3.026549190084311,Train
DTXSID0028038,0.6216216216216216,0.5736075411075411,3.5888716889852725,Train
DTXSID8041959,0.5238095238095238,0.4873419913419913,2.5612496949731396,Train
DTXSID6047446,0.639344262295082,0.5906904012805653,4.190465367951393,Train
DTXSID3023342,0.5283018867924528,0.45430876600687914,3.693237062523878,Train
DTXSID1024625,0.6363636363636364,0.570334928229665,2.5377155080899043,Train
DTXSID8044462,0.6521739130434783,0.6290624822686534,2.891366458960192,Train
DTXSID3046453,0.7160493827160493,0.6084836438341374,4.422668877499197,Train
DTXSID3027536,0.0,0.0,0.0,Train
DTXSID7021106,0.6111111111111112,0.5444444444444445,1.9595917942265426,Train
DTXSID5045883,0.7719298245614035,0.7549114400123891,5.141984052872977,Train
DTXSID4037582,0.7307692307692307,0.6794920449569406,3.5042830935870466,Train
DTXSID3044128,0.6818181818181818,0.621264412895129,4.919349550499538,Train
DTXSID1045083,0.6545454545454545,0.6403730399079237,4.256759330758553,Train
DTXSID2045448,0.6164383561643836,0.5493355593146632,4.33589667773576,Train
DTXSID0043761,0.48148148148148145,0.4569157310620725,2.383275057562597,Train
DTXSID7041253,0.6521739130434783,0.623889328063241,2.7129319932501073,Train
DTXSID9044534,0.4482758620689655,0.39201231527093594,1.9697715603592212,Train
DTXSID8031497,0.7058823529411765,0.6653626043718923,2.7422618401604177,Train
DTXSID3032549,0.7450980392156863,0.7031907499842042,4.608687448721165,Train
DTXSID3029310,0.6590909090909091,0.6024158515195829,2.8071337695236402,Train
DTXSID0023878,0.5,0.4616161616161616,1.6852299546352718,Train
DTXSID5046986,0.55,0.4715384615384616,1.7663521732655694,Train
DTXSID0045389,0.5185185185185185,0.45480088238708927,2.280350850198276,Train
DTXSID3024108,0.7301587301587301,0.6865030884148531,4.2895221179054435,Train
DTXSID0046351,0.6842105263157895,0.4611256648408351,2.842534080710379,Train
DTXSID1041502,0.48484848484848486,0.42631442631442634,2.3664319132398464,Train
DTXSID4042254,0.5333333333333333,0.48796440489432696,3.0,Train
DTXSID5021916,0.42857142857142855,0.26924369747899163,1.4560219778561037,Train
DTXSID6024591,0.42105263157894735,0.3525741626794258,1.7663521732655696,Train
DTXSID4047092,0.7560975609756098,0.7356134515890613,4.1036569057366385,Train
DTXSID2021658,0.6111111111111112,0.5968137254901962,3.111269837220809,Train
DTXSID8047426,0.6888888888888889,0.36213868003341687,2.315167380558045,Train
DTXSID8024317,0.7906976744186046,0.7553278113402901,3.9749213828703582,Train
DTXSID1044851,0.5945945945945946,0.5666769041769042,3.3045423283716615,Train
DTXSID2025975,0.7105263157894737,0.6894091847265222,3.6331804249169903,Train
DTXSID3022582,0.6976744186046512,0.6816842130883046,4.409081537009721,Train
DTXSID4022442,0.56,0.4829500805152979,2.6229754097208002,Train
DTXSID7021318,0.75,0.6965656565656566,1.7435595774162695,Train
DTXSID3022320,0.5769230769230769,0.559067155067155,2.764054992217051,Train
DTXSID5046017,0.6458333333333334,0.6272209731350167,4.795831523312719,Train
DTXSID5020867,0.5833333333333334,0.5327838827838829,2.4494897427831783,Train
DTXSID8046086,0.7432432432432432,0.717619787736138,5.848076606885378,Train
DTXSID3025461,0.48,0.41933333333333334,2.1166010488516727,Train
DTXSID8032544,0.5277777777777778,0.47367585630743525,3.4813790371058424,Train
DTXSID3024316,0.7659574468085106,0.7024306898774985,4.123105625617661,Train
DTXSID7041417,0.6666666666666666,0.5630408432147562,2.6,Train
DTXSID0047537,0.0,0.0,0.0,Train
DTXSID0047799,0.4642857142857143,0.4334975369458129,2.705549851693737,Train
DTXSID4032619,0.6037735849056604,0.5727536764269001,3.4698703145794947,Train
DTXSID4020298,0.5714285714285714,0.519047619047619,1.7088007490635064,Train
DTXSID5020027,0.625,0.5859523809523809,2.244994432064365,Train
DTXSID3023712,0.6666666666666666,0.567903600464576,3.5213633723318023,Train
DTXSID4047337,0.7466666666666667,0.737201472762647,6.286493458200685,Train
DTXSID4022991,0.7804878048780488,0.29054056375596193,2.8495613697550017,Train
DTXSID1044221,0.7526881720430108,0.7418995845940817,6.693280212272605,Train
DTXSID9045556,0.6938775510204082,0.6666917350185038,3.9140771581561857,Train
DTXSID0020440,0.45,0.37737373737373736,2.262741699796952,Train
DTXSID0026880,0.4,0.31948142414860675,1.3856406460551018,Train
DTXSID4024143,0.7777777777777778,0.6195531563952617,2.4576411454889016,Train
DTXSID5020653,0.65625,0.6049106643864708,3.6331804249169903,Train
DTXSID4025292,0.6451612903225806,0.6241010411332992,3.1811947441173736,Train
DTXSID1044223,0.7575757575757576,0.7283572405520242,5.336665625650534,Train
DTXSID4023917,0.7333333333333333,0.6762222222222223,2.5534290669607413,Train
DTXSID2025135,0.4230769230769231,0.3884249084249084,2.1166010488516727,Train
DTXSID5020605,0.42105263157894735,0.37156230497191595,2.349468024894146,Train
DTXSID7041752,0.7407407407407407,0.7321557700056687,3.6441734316577197,Train
DTXSID1024209,0.7307692307692307,0.6631850428484369,3.3941125496954285,Train
DTXSID6047525,0.776595744680851,0.6758466119599269,5.458937625582473,Train
DTXSID7026235,0.5185185185185185,0.45163850486431134,2.489979919597747,Train
DTXSID1045661,0.5681818181818182,0.5253695905671589,3.104834939252005,Train
DTXSID7027540,0.5609756097560976,0.4973652530535138,2.6981475126464085,Train
DTXSID8041080,0.7142857142857143,0.6824702602246279,4.651881339845203,Train
DTXSID4042208,0.5714285714285714,0.5154401154401154,2.5768197453450252,Train
DTXSID1047869,0.7291666666666666,0.599205098687622,4.024922359499622,Train
DTXSID2045810,0.5441176470588235,0.4534350582338199,3.9038442591886273,Train
DTXSID8057851,0.6052631578947368,0.5694944970420894,3.411744421846396,Train
DTXSID6022973,0.5970149253731343,0.5426432354357246,4.979959839195493,Train
DTXSID1041970,0.6842105263157895,0.4992076966610073,2.513961017995307,Train
DTXSID4026212,0.5,0.48300653594771237,1.949358868961793,Train
DTXSID7020182,0.5,0.39011441647597256,1.6248076809271923,Train
DTXSID2047270,0.7105263157894737,0.6949339257233994,5.392587505085105,Train
DTXSID3020095,0.42857142857142855,0.3431157078215902,1.4422205101855958,Train
DTXSID9046734,0.7317073170731707,0.6633371825638573,3.2741411087489802,Train
DTXSID3057802,0.7192982456140351,0.6758777515698414,4.354308211415448,Train
DTXSID3046081,0.725,0.6868844984802431,3.8157568056677826,Train
DTXSID4047703,0.6923076923076923,0.6582382159275613,3.7894590642992836,Train
DTXSID4047254,0.7014925373134329,0.6889851997897106,5.2,Train
DTXSID9020031,0.8032786885245902,0.786635951716628,8.029943959953892,Train
DTXSID0041513,0.6666666666666666,0.6400839054157131,2.6457513110645907,Train
DTXSID2020341,0.7142857142857143,0.5635254909025401,4.440720662234904,Train
DTXSID7026156,0.6111111111111112,0.5583512544802868,3.2802438933713454,Train
DTXSID1020699,0.5625,0.4897177419354838,3.616628264005025,Train
DTXSID0025862,0.55,0.4945860566448802,2.4494897427831783,Train
DTXSID9046817,0.7368421052631579,0.6900003207200307,4.707440918375928,Train
DTXSID7021817,0.6875,0.6369683678894205,2.340939982143925,Train
DTXSID9027653,0.6944444444444444,0.5595452595452596,3.280243893371345,Train
DTXSID2025347,0.6153846153846154,0.5467550839964633,2.7202941017470885,Train
DTXSID2044553,0.56,0.4768888888888889,2.280350850198276,Train
DTXSID9045215,0.7027027027027027,0.6820850175688886,3.867815921162743,Train
DTXSID6044771,0.6923076923076923,0.6502409870830924,2.877498913987632,Train
DTXSID8041327,0.5862068965517241,0.570224411603722,3.2924155266308657,Train
DTXSID9027281,0.59375,0.5525909122514254,3.0724582991474434,Train
DTXSID9046813,0.6578947368421053,0.639298245614035,3.3763886032268267,Train
DTXSID5026259,0.6666666666666666,0.6171721611721612,2.918903903865285,Train
DTXSID8046119,0.5882352941176471,0.4821203903700317,3.5608987629529714,Train
DTXSID4049377,0.7380952380952381,0.7089263062518876,4.48998886412873,Train
DTXSID7020390,0.5714285714285714,0.5274725274725274,2.0199009876724157,Train
DTXSID6020721,0.5434782608695652,0.4639183033965642,3.104834939252005,Train
DTXSID4022866,0.6382978723404256,0.5288462481547589,3.627671429443411,Train
DTXSID2026074,0.5116279069767442,0.40671563578540326,2.7129319932501073,Train
DTXSID2023642,0.625,0.5190883925897403,3.720215047547655,Train
DTXSID4026979,0.7692307692307693,0.7328937728937729,2.3323807579381204,Train
DTXSID8044381,0.68,0.6210223325062035,3.0789608636681307,Train
DTXSID1021619,0.625,0.5747619047619048,2.1633307652783937,Train
DTXSID6049060,0.6666666666666666,0.6305280956257648,5.130302135352264,Train
DTXSID8045565,0.7058823529411765,0.615037242629358,4.878524367060187,Train
DTXSID3024998,0.4857142857142857,0.45367030160133603,2.3151673805580453,Train
DTXSID0027856,0.3333333333333333,0.18787878787878784,0.8717797887081348,Train
DTXSID0022777,0.6976744186046512,0.623875279494009,4.233202097703345,Train
DTXSID7023699,0.56,0.46396086652690427,3.423448553724738,Train
DTXSID5047164,0.40625,0.30139336917562726,2.4819347291981715,Train
DTXSID5034723,0.7333333333333333,0.7003392393901177,5.055689863905815,Train
DTXSID9020160,0.6056338028169014,0.5143905032661299,4.467661580737736,Train
DTXSID9026342,0.46153846153846156,0.42801554482669035,1.7776388834631178,Train
DTXSID3020043,0.7407407407407407,0.7323661088366971,3.9038442591886273,Train
DTXSID2048826,0.6388888888888888,0.6199518403852768,4.2,Train
DTXSID6032562,0.6511627906976745,0.6453821307891076,4.578209256903839,Train
DTXSID8045141,0.5686274509803921,0.5287887449401841,3.5327043465311387,Train
DTXSID0020577,0.7368421052631579,0.7228644527986634,4.039801975344831,Train
DTXSID9020740,0.68,0.48627503400958183,3.2619012860600183,Train
DTXSID2049395,0.38461538461538464,0.32243589743589746,1.1135528725660044,Train
DTXSID4034948,0.6666666666666666,0.5982815057283142,3.6823905279043943,Train
DTXSID2042143,0.45161290322580644,0.39642658509454953,2.3916521486202797,Train
DTXSID7025508,0.6071428571428571,0.5344171360300393,3.3045423283716615,Train
DTXSID3044598,0.6774193548387096,0.47284946236559133,2.4899799195977463,Train
DTXSID4044878,0.3103448275862069,0.2795876664842182,1.6492422502470645,Train
DTXSID9047176,0.7027027027027027,0.673792765234645,3.212475680841802,Train
DTXSID8044913,0.5172413793103449,0.4721582539157622,2.863564212655271,Train
DTXSID9045687,0.6909090909090909,0.5212677181112858,4.25205832509386,Train
DTXSID6024412,0.4444444444444444,0.4082949138983622,2.1354156504062622,Train
DTXSID7042437,0.4117647058823529,0.3923480535909378,2.7129319932501077,Train
DTXSID3057646,0.7884615384615384,0.7649699357246527,4.595650117230424,Train
DTXSID0032493,0.6595744680851063,0.5810848775975394,4.014971979976947,Train
DTXSID4020957,0.35714285714285715,0.3472527472527473,1.8330302779823362,Train
DTXSID3044706,0.7241379310344828,0.6762298850574713,3.2496153618543846,Train
DTXSID7049423,0.5333333333333333,0.43582176444245413,2.771281292110204,Train
DTXSID5044576,0.5666666666666667,0.4844444444444445,2.720294101747089,Train
DTXSID4021553,0.0,0.0,0.0,Train
DTXSID3027790,0.5833333333333334,0.510551724137931,2.734958866235469,Train
DTXSID1020566,0.6363636363636364,0.5465374331550802,2.23606797749979,Train
DTXSID4020535,0.7631578947368421,0.6428220551378445,3.3226495451672298,Train
DTXSID7025346,0.6,0.5374509803921569,2.877498913987632,Train
DTXSID4027498,0.6666666666666666,0.6402822580645161,3.388214869219483,Train
DTXSID1045085,0.38596491228070173,0.3068281092341243,2.1633307652783937,Train
DTXSID0041852,0.7241379310344828,0.6412732458104509,2.6981475126464085,Train
DTXSID9041441,0.5588235294117647,0.5034553591551563,2.749545416973504,Train
DTXSID2020260,0.6865671641791045,0.46280094878260414,3.6441734316577197,Train
DTXSID6033401,0.48484848484848486,0.44334006734006726,2.734958866235469,Train
DTXSID5020310,0.5517241379310345,0.45708149832287753,2.65329983228432,Train
DTXSID3046320,0.6774193548387096,0.5174752129590839,4.481071300481616,Train
DTXSID4048802,0.7605633802816901,0.6661112900549521,5.5389529696504916,Train
DTXSID8048650,0.7395833333333334,0.7214514652014652,5.362835071116769,Train
DTXSID9047461,0.5714285714285714,0.5467881297446515,2.4576411454889016,Train
DTXSID9024512,0.5357142857142857,0.5024847466376702,2.383275057562597,Train
DTXSID0048896,0.48717948717948717,0.416577959666195,2.60768096208106,Train
DTXSID5039721,0.19047619047619047,0.0680952380952381,0.7211102550927979,Train
DTXSID7044475,0.696969696969697,0.692364824717766,3.8000000000000003,Train
DTXSID9045005,0.56,0.5128888888888888,2.4248711305964283,Train
DTXSID1021958,0.3870967741935484,0.34032619216156484,1.7888543819998317,Train
DTXSID2021789,0.44,0.3815403726708074,1.9390719429665317,Train
DTXSID3023479,0.609375,0.4854782752558176,4.024922359499622,Train
DTXSID9027104,0.4074074074074074,0.3588605786712379,1.9595917942265426,Train
DTXSID6037728,0.5625,0.4420566502463054,2.4248711305964283,Train
DTXSID2024113,0.6666666666666666,0.6055044381304788,3.435112807463534,Train
DTXSID9040635,0.5652173913043478,0.5391304347826086,2.3579652245103193,Train
DTXSID5027728,0.2857142857142857,0.2857142857142857,2.6532998322843198,Train
DTXSID3046823,0.5,0.42828584240348944,4.762352359916263,Train
DTXSID1033371,0.631578947368421,0.5161125424283319,1.876166303929372,Train
DTXSID0047662,0.6896551724137931,0.6723755373483142,4.349712634186309,Train
DTXSID3026304,0.5416666666666666,0.42703588681849547,2.06881608655772,Train
DTXSID6047103,0.0,0.0,0.0,Train
DTXSID7045287,0.53125,0.4714600840336134,2.7568097504180447,Train
DTXSID2048745,0.6547619047619048,0.6196548809982811,5.291502622129181,Train
DTXSID8046531,0.6,0.5232733633183408,2.6981475126464085,Train
DTXSID6021583,0.5833333333333334,0.5442857142857143,1.61245154965971,Train
DTXSID8045648,0.631578947368421,0.584966942242484,2.764054992217051,Train
DTXSID3032412,0.6136363636363636,0.5886965473550839,4.190465367951393,Train
DTXSID4020406,0.5,0.37484477427334567,2.3916521486202797,Train
DTXSID5046015,0.5272727272727272,0.4619407921271275,3.6606010435446255,Train
DTXSID7024085,0.7,0.6671491228070175,2.4657656011875906,Train
DTXSID3047897,0.5,0.296,1.7435595774162695,Train
DTXSID9024485,0.5319148936170213,0.44449264683307244,2.4413111231467406,Train
DTXSID3044380,0.42105263157894735,0.3800438596491228,1.7204650534085255,Train
DTXSID2040151,0.803921568627451,0.7644574363405093,4.340506882842141,Train
DTXSID7048902,0.6304347826086957,0.585909876258452,2.6832815729997477,Train
DTXSID9025291,0.6086956521739131,0.5527973314929837,2.5922962793631443,Train
DTXSID1026035,0.5945945945945946,0.46558558558558555,2.7422618401604177,Train
DTXSID2022886,0.5555555555555556,0.38222222222222224,2.1725560982400434,Train
DTXSID6025220,0.38461538461538464,0.2879120879120879,1.4832396974191326,Train
DTXSID2032348,0.6052631578947368,0.5004573934837093,3.1622776601683795,Train
DTXSID6049357,0.5,0.4541843522331327,3.0000000000000004,Train
DTXSID7045281,0.6607142857142857,0.5587799709115757,4.039801975344831,Train
DTXSID5057757,0.6666666666666666,0.6250176039330386,3.762977544445356,Train
DTXSID3022089,0.4827586206896552,0.4173466380362932,2.209072203437452,Train
DTXSID4042096,0.47368421052631576,0.29649122807017536,1.1135528725660044,Train
DTXSID7020263,0.6666666666666666,0.6031335872799287,3.6769552621700474,Train
DTXSID3020887,0.5185185185185185,0.4798823637533315,2.489979919597747,Train
DTXSID4024937,0.6944444444444444,0.6194444444444445,2.8071337695236402,Train
DTXSID7025180,0.64,0.5678213399503723,2.4576411454889016,Train
DTXSID8024109,0.6181818181818182,0.5333066933066932,3.7841775856849003,Train
DTXSID6023367,0.5806451612903226,0.5312460891142518,2.383275057562597,Train
DTXSID2047274,0.6785714285714286,0.6686681124062529,5.075431016179809,Train
DTXSID2032344,0.6666666666666666,0.6277777777777777,3.5777087639996634,Train
DTXSID3021980,0.047619047619047616,0.047619047619047616,1.0,Train
DTXSID4023387,0.5952380952380952,0.5596385281385282,3.411744421846396,Train
DTXSID5044491,0.5365853658536586,0.4912029911742968,3.0659419433511785,Train
DTXSID6020434,0.75,0.5,1.5231546211727818,Train
DTXSID3046748,0.6567164179104478,0.625296454214266,5.295280917949491,Train
DTXSID0032869,0.5806451612903226,0.5515136476426798,3.0659419433511785,Train
DTXSID5020819,0.7407407407407407,0.6701662887377173,4.47213595499958,Train
DTXSID5026209,0.5238095238095238,0.47173558897243106,2.08806130178211,Train
DTXSID9025037,0.5416666666666666,0.48557078298457607,2.366431913239847,Train
DTXSID3021932,0.5333333333333333,0.45473684210526316,1.5231546211727818,Train
DTXSID5021415,0.5625,0.47321428571428575,1.9183326093250879,Train
DTXSID0047539,0.2962962962962963,0.20423280423280424,1.5491933384829668,Train
DTXSID5020106,0.7631578947368421,0.37933825561653567,2.0976176963403033,Train
DTXSID2044719,0.5555555555555556,0.5387687357445422,3.417601498127013,Train
DTXSID9049409,0.75,0.7164102564102565,2.3579652245103193,Train
DTXSID0057629,0.7165354330708661,0.6225748085936335,5.344155686354955,Train
DTXSID6045820,0.47058823529411764,0.4016290102124704,3.4467375879228173,Train
DTXSID7044712,0.625,0.610978835978836,2.6229754097208002,Train
DTXSID6044307,0.6842105263157895,0.4992076966610073,2.513961017995307,Train
DTXSID4024066,0.35,0.32333333333333336,1.4560219778561037,Train
DTXSID1020352,0.6774193548387096,0.6231505376344085,3.2741411087489802,Train
DTXSID4020583,0.44,0.40807007485268354,1.969771560359221,Train
DTXSID7027386,0.20833333333333334,0.07366666666666667,0.66332495807108,Train
DTXSID0047246,0.6744186046511628,0.6415503875968992,4.6604720790924175,Train
DTXSID6047284,0.7666666666666667,0.6892407968984393,4.987985565335971,Train
DTXSID0021256,0.6595744680851063,0.5747045082636475,3.8626415831655936,Train
DTXSID9044299,0.6744186046511628,0.6551372768980742,4.252058325093859,Train
DTXSID8043814,0.7123287671232876,0.6888981134483014,4.715930449020639,Train
DTXSID5027061,0.5217391304347826,0.49500805152979066,2.0199009876724157,Train
DTXSID6022006,0.0,0.0,0.0,Train
DTXSID0047292,0.8157894736842105,0.7598198793687516,4.303486958270003,Train
DTXSID2020844,0.5,0.4793650793650793,2.2,Train
DTXSID2048870,0.6875,0.6556643132220796,3.611094017053558,Train
DTXSID4021181,0.5666666666666667,0.48689278752436654,4.034848200366403,Train
DTXSID0029187,0.5217391304347826,0.44231574052545924,1.854723699099141,Train
DTXSID9020827,0.5925925925925926,0.5243638864328519,2.4248711305964283,Train
DTXSID6020804,0.5952380952380952,0.47584465999100145,3.0594117081556713,Train
DTXSID3044542,0.5172413793103449,0.4689753413891345,2.870540018881465,Train
DTXSID9024431,0.782608695652174,0.7237689480618542,2.877498913987632,Train
DTXSID9044538,0.6666666666666666,0.6271735109137995,4.547526800360829,Train
DTXSID0045206,0.78125,0.7713888888888889,4.233202097703345,Train
DTXSID0027486,0.7222222222222222,0.6871246744311761,2.513961017995307,Train
DTXSID0026549,0.6764705882352942,0.6451731499051233,3.6331804249169903,Train
DTXSID8047553,0.0,0.0,0.0,Train
DTXSID3045778,0.6037735849056604,0.5716428825240291,4.591296113299598,Train
DTXSID2057730,0.5142857142857142,0.49512027864845987,4.758150901348127,Train
DTXSID9048722,0.5681818181818182,0.5188948306595366,4.1521078984053394,Train
DTXSID0034936,0.5573770491803278,0.5175572230474577,4.059556626036889,Train
DTXSID3021223,0.75,0.7234488169126723,5.469917732470938,Train
DTXSID8045191,0.7397260273972602,0.6582086958332389,4.728636167014756,Train
DTXSID8046038,0.7962962962962963,0.7817298474945533,5.366563145999495,Train
DTXSID9021136,0.631578947368421,0.5453608345187293,2.720294101747089,Train
DTXSID5057703,0.75,0.6690416044370979,5.149757275833493,Train
DTXSID5029267,0.48148148148148145,0.41796955057824625,2.1725560982400434,Train
DTXSID3026932,0.0,0.0,0.0,Train
DTXSID4026975,0.5263157894736842,0.46827851066341025,3.1496031496047245,Train
DTXSID7045570,0.4864864864864865,0.43934366204490993,4.368065933568311,Train
DTXSID0046565,0.6060606060606061,0.5786015224417389,3.4756294393965534,Train
DTXSID1027269,0.0,0.0,0.0,Train
DTXSID9045394,0.5666666666666667,0.5139798850574712,2.973213749463701,Train
DTXSID3040720,0.5454545454545454,0.4949362041467304,2.0297783130184444,Train
DTXSID1027978,0.6,0.5166233766233767,3.532704346531139,Train
DTXSID8027400,0.7142857142857143,0.5956083390293917,2.2715633383201093,Train
DTXSID7041178,0.6938775510204082,0.6560383828328079,4.358898943540674,Train
DTXSID2021943,0.38095238095238093,0.2403361344537815,1.7088007490635062,Train
DTXSID0025070,0.7,0.6385585585585586,3.388214869219483,Train
DTXSID8026309,0.5882352941176471,0.49081527347781223,1.886796226411321,Train
DTXSID0049236,0.6,0.3455742296918768,1.7776388834631178,Train
DTXSID1048914,0.6891891891891891,0.5175022018857635,3.9496835316263,Train
DTXSID5049314,0.65,0.3526418988648091,1.7776388834631178,Train
DTXSID4045551,0.5070422535211268,0.4098837882118209,4.1424630354415966,Train
DTXSID7026653,0.5294117647058824,0.4397058823529412,1.7435595774162695,Train
DTXSID8022741,0.5348837209302325,0.4193035273729067,2.785677655436824,Train
DTXSID0044498,0.7333333333333333,0.6828205128205128,2.3579652245103193,Train
DTXSID4036229,0.0,0.0,0.0,Train
DTXSID2049426,0.46153846153846156,0.42197435897435903,2.1725560982400434,Train
DTXSID8043941,0.7037037037037037,0.6423196881091617,2.4494897427831783,Train
DTXSID1029629,0.5,0.4363076923076923,2.771281292110204,Train
DTXSID6048676,0.7368421052631579,0.6943945384132831,4.874423042781577,Train
DTXSID3041617,0.6521739130434783,0.6373316928879589,4.17612260356422,Train
DTXSID1045588,0.65625,0.5667179802955664,3.2802438933713454,Train
DTXSID1046390,0.46511627906976744,0.39179661196856763,2.870540018881465,Train
DTXSID1057799,0.6333333333333333,0.5544332804512603,4.4586993619215916,Train
DTXSID8057778,0.746268656716418,0.713400648483427,4.791659420284375,Train
DTXSID0047741,0.65,0.6276315789473684,2.569046515733026,Train
DTXSID6024414,0.4642857142857143,0.4045721187025535,2.2181073012818837,Train
DTXSID5044992,0.6129032258064516,0.5304209530015982,2.8354893757515653,Train
DTXSID0047951,0.15384615384615385,0.03076923076923077,0.4,Train
DTXSID2025632,0.4,0.3671428571428571,2.0099751242241783,Train
DTXSID3020914,0.5277777777777778,0.4036435562645241,2.2538855339169293,Train
DTXSID0048892,0.5,0.4349356499356499,3.0199337741083,Train
DTXSID1035783,0.6666666666666666,0.4266746712407089,3.1622776601683795,Train
DTXSID1024128,0.7,0.6390675990675991,1.4142135623730951,Train
DTXSID2044470,0.4166666666666667,0.385,1.7549928774784247,Train
DTXSID7032424,0.6875,0.6584070541617711,4.209513035969837,Train
DTXSID3021275,0.6190476190476191,0.5620634920634922,2.1633307652783937,Train
DTXSID2034700,0.4897959183673469,0.3893361472168605,2.6457513110645907,Train
DTXSID1022978,0.5862068965517241,0.5671885933865911,3.440930106817051,Train
DTXSID4021214,0.5714285714285714,0.5292964669738863,3.1496031496047245,Train
DTXSID5047582,0.28,0.28,2.5219040425836985,Train
DTXSID3047186,0.4473684210526316,0.3665416440109339,2.0976176963403033,Train
DTXSID6047608,0.5263157894736842,0.43800249063406954,2.5219040425836985,Train
DTXSID3023057,0.46296296296296297,0.33320524081393643,2.85657137141714,Train
DTXSID6021246,0.6585365853658537,0.5716383665436939,3.6606010435446255,Train
DTXSID2046090,0.6792452830188679,0.6054561026742343,4.039801975344831,Train
DTXSID9025665,0.75,0.7067965949820788,3.4583232931581165,Train
DTXSID5041514,0.3333333333333333,0.3145454545454545,2.3748684174075834,Train
DTXSID4025745,0.5,0.4476816976127321,2.4083189157584592,Train
DTXSID6044989,0.6060606060606061,0.5737320151113254,3.1622776601683795,Train
DTXSID2047858,0.6842105263157895,0.5478210413240612,4.089009660052175,Train
DTXSID1045746,0.723404255319149,0.7093679553272321,6.493073232299172,Train
DTXSID1027924,0.0,0.0,0.0,Train
DTXSID0044446,0.6666666666666666,0.6554901960784314,2.932575659723036,Train
DTXSID2025133,0.44,0.36674276261373034,2.0976176963403033,Train
DTXSID5022279,0.64,0.57299604743083,2.4819347291981715,Train
DTXSID0047167,0.5714285714285714,0.5274725274725274,2.0199009876724157,Train
DTXSID1040611,0.6206896551724138,0.5890804597701149,3.8470768123342687,Train
DTXSID5020499,0.6428571428571429,0.5939962651727357,1.9798989873223334,Train
DTXSID5045833,0.5869565217391305,0.49797738493390664,3.687817782917155,Train
DTXSID5034357,0.7323943661971831,0.6360191490497353,4.849742261192857,Train
DTXSID6047101,0.7272727272727273,0.6292045454545455,2.3916521486202797,Train
DTXSID3046409,0.631578947368421,0.5168568597545169,3.0983866769659336,Train
DTXSID2023195,0.6896551724137931,0.6658861698183166,4.049691346263317,Train
DTXSID5048188,0.5555555555555556,0.5155195681511471,2.04939015319192,Train
DTXSID1022843,0.5319148936170213,0.49005644811115934,3.5832945734337835,Train
DTXSID6026115,0.6896551724137931,0.6593459399332592,3.0463092423455636,Train
DTXSID7021601,0.6470588235294118,0.5794117647058823,2.23606797749979,Train
DTXSID7023061,0.45714285714285713,0.40455057487315554,3.039736830714133,Train
DTXSID4021135,0.5555555555555556,0.475715507132057,2.5768197453450252,Train
DTXSID8044830,0.5,0.4517786561264822,2.5298221281347035,Train
DTXSID5025653,0.75,0.7054127194644436,3.3346664001066135,Train
DTXSID4036435,0.5294117647058824,0.32649384318559216,2.1071307505705477,Train
DTXSID1041269,0.7368421052631579,0.6794097647218822,3.939543120718442,Train
DTXSID5044738,0.6046511627906976,0.56411568065042,3.4756294393965534,Train
DTXSID3027401,0.7777777777777778,0.707973137973138,3.4117444218463966,Train
DTXSID0027802,0.45714285714285713,0.43297130289065777,2.7422618401604177,Train
DTXSID1044487,0.3333333333333333,0.3333333333333333,2.1354156504062622,Train
DTXSID2047723,0.8181818181818182,0.7965775401069519,2.6457513110645907,Train
DTXSID3040279,0.6956521739130435,0.565090738920063,4.039801975344831,Train
DTXSID3049041,0.5645161290322581,0.5442302613440135,4.77493455452533,Train
DTXSID0033754,0.6190476190476191,0.5733671274961598,2.5922962793631443,Train
DTXSID3023188,0.5428571428571428,0.4542546761414686,3.2741411087489802,Train
DTXSID3044831,0.46875,0.45805107526881716,3.1685959035509716,Train
DTXSID6021165,0.6666666666666666,0.3666666666666666,1.216552506059644,Train
DTXSID1025065,0.6991150442477876,0.6733174531479795,6.56048778674269,Train
DTXSID9025110,0.7333333333333333,0.7098307148946535,2.932575659723036,Train
DTXSID6048171,0.7564102564102564,0.7308744939271256,6.095900261651268,Train
DTXSID4045636,0.6739130434782609,0.5948380268054988,4.004996878900157,Train
DTXSID8044886,0.4444444444444444,0.42493284493284494,2.244994432064365,Train
DTXSID7020423,0.75,0.7326052511474506,3.212475680841802,Train
DTXSID5021621,0.5294117647058824,0.4849670211333962,2.1260291625469296,Train
DTXSID7023936,0.6764705882352942,0.635387357740299,3.1685959035509725,Train
DTXSID3041827,0.45714285714285713,0.4448484848484848,3.2186953878862163,Train
DTXSID1032648,0.6976744186046512,0.5111096787500644,2.918903903865285,Train
DTXSID2044393,0.8,0.7657258530942741,2.4413111231467406,Train
DTXSID7040283,0.5909090909090909,0.5174738772214227,2.3323807579381204,Train
DTXSID8026195,0.5294117647058824,0.44434389140271496,1.148912529307606,Train
DTXSID6049307,0.45454545454545453,0.36588966588966587,1.7435595774162693,Train
DTXSID4025111,0.6470588235294118,0.5546065699006875,1.7549928774784247,Train
DTXSID6047444,0.72,0.7076165183537263,3.7416573867739418,Train
DTXSID7029904,0.6363636363636364,0.4275284817484306,2.1817424229271434,Train
DTXSID0025814,0.6875,0.6213779685275791,3.2186953878862163,Train
DTXSID5057674,0.5405405405405406,0.4862432105321243,2.877498913987632,Train
DTXSID9021847,0.5,0.48571428571428577,2.039607805437114,Train
DTXSID3024104,0.56,0.4492254164823824,1.8220867158288598,Train
DTXSID7057812,0.5909090909090909,0.42746753246753244,3.82099463490856,Train
DTXSID7020007,0.5454545454545454,0.4168926332288401,3.3763886032268267,Train
DTXSID7027594,0.5964912280701754,0.54502722323049,4.5431266766402185,Train
DTXSID3045433,0.5897435897435898,0.47756493383633514,4.787483681434329,Train
DTXSID6026824,0.5384615384615384,0.421978021978022,1.9078784028338913,Train
DTXSID2026151,0.7435897435897436,0.6130038823761081,4.626013402488152,Train
DTXSID5045093,0.6136363636363636,0.5796328369949537,3.411744421846396,Train
DTXSID3044627,0.717948717948718,0.689128831064315,3.5440090293338704,Train
DTXSID8021062,0.7,0.3899132446500867,1.5748015748023623,Train
DTXSID9047174,0.30303030303030304,0.2824242424242424,2.925747767665559,Train
DTXSID0022933,0.7215189873417721,0.49432327933849673,4.331281565541543,Train
DTXSID0041220,0.7272727272727273,0.5159774867488752,2.4819347291981715,Train
DTXSID8042349,0.5531914893617021,0.47768137000518945,3.1622776601683795,Train
DTXSID0027197,0.5555555555555556,0.5324524012503552,2.253885533916929,Train
DTXSID4020167,0.7058823529411765,0.6646148459383754,2.4657656011875906,Train
DTXSID4025903,0.6666666666666666,0.651958351578845,3.423448553724738,Train
DTXSID7049261,0.5238095238095238,0.4727272727272728,2.2891046284519194,Train
DTXSID5020154,0.5925925925925926,0.5146024904214559,2.8495613697550017,Train
DTXSID7057602,0.7534246575342466,0.5938346733312899,4.69041575982343,Train
DTXSID5038888,0.6607142857142857,0.5181299213742366,4.749736834815167,Train
DTXSID5046695,0.5625,0.49526546246808784,4.39089968002003,Train
DTXSID4021393,0.3125,0.1431818181818182,0.7211102550927979,Train
DTXSID4047418,0.6388888888888888,0.5696420729029424,3.32264954516723,Train
DTXSID4032405,0.6078431372549019,0.5499983630900184,3.847076812334269,Train
DTXSID1025851,0.7,0.687957839262187,2.9597297173897488,Train
DTXSID7049348,0.0,0.0,0.0,Train
DTXSID1047493,0.6538461538461539,0.6200984990619137,4.331281565541543,Train
DTXSID2023488,0.7111111111111111,0.6853358969242955,4.715930449020639,Train
DTXSID3029152,0.46511627906976744,0.4192060515128782,2.3748684174075834,Train
DTXSID2032500,0.7222222222222222,0.6863652676291668,5.477225575051661,Train
DTXSID7025051,0.6153846153846154,0.5271173271173272,2.3409399821439254,Train
DTXSID2024664,0.7083333333333334,0.6505042686931232,2.8844410203711917,Train
DTXSID7024370,0.5909090909090909,0.5701982228298018,2.1725560982400434,Train
DTXSID7045447,0.5737704918032787,0.39388920026636337,3.2062439083762797,Train
DTXSID4029224,0.7222222222222222,0.6931096681096681,2.6981475126464085,Train
DTXSID6020480,0.717948717948718,0.6994825876533193,3.994996871087636,Train
DTXSID7041889,0.6153846153846154,0.5945596432552954,3.0789608636681307,Train
DTXSID4029143,0.6111111111111112,0.5798692810457517,2.0688160865577205,Train
DTXSID8020626,0.7222222222222222,0.6948447960155277,5.310367218940701,Train
DTXSID9048851,0.5757575757575758,0.55039382713007,3.682390527904394,Train
DTXSID1044352,0.44,0.4005287356321839,2.4819347291981715,Train
DTXSID8020040,0.5333333333333333,0.42344827586206896,2.489979919597747,Train
DTXSID3022748,0.5921052631578947,0.4602217026857501,3.8987177379235853,Train
DTXSID6046715,0.65,0.6043592677345537,2.6683328128252666,Train
DTXSID6021248,0.7647058823529411,0.7570250555544673,6.37808748764079,Train
DTXSID1047152,0.3888888888888889,0.30815412186379926,2.734958866235469,Train
DTXSID1038795,0.7647058823529411,0.7067079463364293,2.8284271247461903,Train
DTXSID1025724,0.46153846153846156,0.41566433566433575,2.0,Train
DTXSID4041317,0.696969696969697,0.6811344976862218,3.538361202590827,Train
DTXSID1045615,0.7450980392156863,0.7257132286877015,5.0,Train
DTXSID6046341,0.7794117647058824,0.7213223824371917,5.340411969127476,Train
DTXSID5023667,0.6521739130434783,0.6046907349896481,5.039841267341661,Train
DTXSID0022858,0.45161290322580644,0.36567854258591304,3.655133376499413,Train
DTXSID9021182,0.6981132075471698,0.556232618833697,3.898717737923586,Train
DTXSID8045985,0.8068181818181818,0.8003325372372991,6.717142249498666,Train
DTXSID0029262,0.44,0.3407566137566137,1.7663521732655696,Train
DTXSID6025149,0.5416666666666666,0.5206521739130434,2.280350850198276,Train
DTXSID1024463,0.5625,0.5027977558839628,2.5377155080899043,Train
DTXSID4024195,0.47058823529411764,0.35112893642305404,1.9390719429665317,Train
DTXSID3044332,0.55,0.5303448275862068,2.891366458960192,Train
DTXSID2022880,0.5833333333333334,0.5248681323688158,4.69041575982343,Train
DTXSID5023908,0.4782608695652174,0.37985933503836317,1.9183326093250879,Train
DTXSID3024366,0.6153846153846154,0.5630769230769231,1.8110770276274835,Train
DTXSID3023007,0.5581395348837209,0.5356981310469683,3.3466401061363023,Train
DTXSID8027169,0.48,0.43410526315789466,2.28910462845192,Train
DTXSID7046831,0.6875,0.6459347826086956,2.8071337695236402,Train
DTXSID8044595,0.6176470588235294,0.6029728020240354,3.4871191548325386,Train
DTXSID1027639,0.3125,0.195,1.2328828005937953,Train
DTXSID1030319,0.7,0.67406432748538,3.714835124201342,Train
DTXSID8024529,0.5,0.43569393569393566,1.9595917942265426,Train
DTXSID0026547,0.5348837209302325,0.4270687355280378,2.8071337695236402,Train
DTXSID5020570,0.7659574468085106,0.40875435967111623,2.6758176320519302,Train
DTXSID0057700,0.6764705882352942,0.5946663546055027,3.0789608636681307,Train
DTXSID5044782,0.6190476190476191,0.4820205920205921,3.104834939252005,Train
DTXSID6040662,0.734375,0.7142244197450147,5.702630971753301,Train
DTXSID3025839,0.5925925925925926,0.5175185185185185,2.771281292110204,Train
DTXSID0027858,0.5,0.42339181286549704,1.8439088914585775,Train
DTXSID4047331,0.7307692307692307,0.7182021919542902,6.529931086925804,Train
DTXSID9047700,0.35,0.27130553656869444,1.4696938456699071,Train
DTXSID6027503,0.7714285714285715,0.7343993506493506,3.878143885933063,Train
DTXSID6040664,0.6842105263157895,0.6761604159938338,4.298837052040936,Train
DTXSID3026065,0.6666666666666666,0.3788518244642221,3.0199337741083,Train
DTXSID3042390,0.7307692307692307,0.6272582232582232,2.85657137141714,Train
DTXSID8021775,0.6216216216216216,0.5573783670557864,3.5213633723318023,Train
DTXSID6047107,0.5483870967741935,0.5298239395013588,2.5612496949731396,Train
DTXSID8042424,0.5227272727272727,0.48652915559892307,3.538361202590827,Train
DTXSID3021936,0.375,0.37272727272727274,2.0,Train
DTXSID3022871,0.5964912280701754,0.5154224358710986,4.349712634186309,Train
DTXSID5048710,0.6341463414634146,0.5597164411798559,3.2310988842807027,Train
DTXSID7020552,0.6470588235294118,0.6236965606730138,4.147288270665545,Train
DTXSID1044809,0.5555555555555556,0.5126148395336381,2.939387691339814,Train
DTXSID5045887,0.5728155339805825,0.5015855344962936,5.138093031466052,Train
DTXSID1027558,0.6060606060606061,0.5525348725348725,3.3526109228480423,Train
DTXSID0040703,0.4782608695652174,0.4302842085450781,2.513961017995307,Train
DTXSID4022816,0.6271186440677966,0.5735717712473161,3.9698866482558417,Train
DTXSID2031089,0.6724137931034483,0.6022094807397238,4.458699361921591,Train
DTXSID4048513,0.76,0.7537749287749287,6.560487786742691,Train
DTXSID4040979,0.7294117647058823,0.7106489208789772,6.26418390534633,Train
DTXSID9034818,0.7586206896551724,0.7103365059551672,4.728636167014756,Train
DTXSID8023216,0.5416666666666666,0.40139222792711166,3.187475490101846,Train
DTXSID5025449,0.42857142857142855,0.4037267080745342,2.6457513110645907,Train
DTXSID8023349,0.75,0.6108067319699546,5.230678732248808,Train
DTXSID9040269,0.6666666666666666,0.6063353405593469,4.728636167014756,Train
DTXSID9024015,0.5789473684210527,0.5336675020885547,2.0976176963403033,Train
DTXSID8024284,0.5263157894736842,0.5096109839816934,2.2,Train
DTXSID2026600,0.6666666666666666,0.6212280701754386,3.304542328371661,Train
DTXSID5041516,0.7058823529411765,0.6433264117383226,3.3763886032268267,Train
DTXSID0044733,0.32,0.29917241379310344,2.2181073012818833,Train
DTXSID5047118,0.6944444444444444,0.6425925925925926,2.90516780926679,Train
DTXSID6040583,0.7073170731707317,0.6472665645846156,5.407402333838309,Train
DTXSID2036112,0.6666666666666666,0.6296844583987441,4.7455242070818695,Train
DTXSID5047241,0.7142857142857143,0.665904958474618,2.513961017995307,Train
DTXSID8048781,0.746031746031746,0.7205919936108616,4.6389654018972815,Train
DTXSID3024944,0.7241379310344828,0.7020320950635793,3.655133376499413,Train
DTXSID4044872,0.4117647058823529,0.37377522856649986,2.5219040425836985,Train
DTXSID3044918,0.6923076923076923,0.6088347688347688,3.0919249667480613,Train
DTXSID9023702,0.6428571428571429,0.39794372294372293,1.5231546211727818,Train
DTXSID3046619,0.59375,0.42327830188679244,3.6606010435446255,Train
DTXSID8044412,0.6829268292682927,0.6258010521281684,3.566510900025402,Train
DTXSID5049239,0.5357142857142857,0.4794748729531338,2.244994432064365,Train
DTXSID8023470,0.6415094339622641,0.5460567481709664,3.627671429443411,Train
DTXSID0049315,0.5714285714285714,0.5152012288786482,2.5377155080899043,Train
DTXSID2025345,0.6129032258064516,0.5258138672599184,2.8000000000000003,Train
DTXSID6027052,0.5384615384615384,0.4380804123412819,2.1725560982400434,Train
DTXSID1026089,0.5555555555555556,0.48498743086978385,1.9493588689617927,Train
DTXSID1048174,0.6964285714285714,0.6880722337244075,5.023942674832188,Train
DTXSID2057655,0.6341463414634146,0.5163680769089041,5.15751878329105,Train
DTXSID4044664,0.6382978723404256,0.5965302175028618,4.0743097574926725,Train
DTXSID4023462,0.631578947368421,0.6172971973930036,4.358898943540674,Train
DTXSID7047801,0.7222222222222222,0.6410289410289411,3.2434549480453714,Train
DTXSID7046419,0.5555555555555556,0.479502442002442,2.297825058615212,Train
DTXSID2044428,0.5925925925925926,0.5357566137566138,2.727636339397171,Train
DTXSID9020459,0.6190476190476191,0.5581232492997199,2.1725560982400434,Train
DTXSID5046691,0.6727272727272727,0.6701405911255391,5.610704055642215,Train
DTXSID8027244,0.7,0.5893253968253969,2.253885533916929,Train
DTXSID4044660,0.7222222222222222,0.7062558356676004,2.3664319132398464,Train
DTXSID1045370,0.6097560975609756,0.5176475699646432,3.3704599092705436,Train
DTXSID6023157,0.75,0.4583256707743992,3.249615361854384,Train
DTXSID4027781,0.7246376811594203,0.6985266083098115,5.302829433425141,Train
DTXSID0045832,0.7857142857142857,0.761437728937729,3.638681079732051,Train
DTXSID7020479,0.6666666666666666,0.5804761904761905,3.0919249667480617,Train
DTXSID3041580,0.6428571428571429,0.6106295149638803,2.2978250586152114,Train
DTXSID9032610,0.6507936507936508,0.6168253968253967,4.33589667773576,Train
DTXSID8022585,0.696969696969697,0.6408298368298369,3.725587202039432,Train
DTXSID6046343,0.5686274509803921,0.4346057924766775,3.3645207682521443,Train
DTXSID0021339,0.8421052631578947,0.825563909774436,3.039736830714133,Train
DTXSID5045960,0.5294117647058824,0.48988235294117644,2.898275349237888,Train
DTXSID7022835,0.5555555555555556,0.4761190376859964,4.014971979976947,Train
DTXSID0045125,0.7735849056603774,0.7060008242603453,4.054626986542659,Train
DTXSID5024055,0.7142857142857143,0.5867988220929398,1.98997487421324,Train
DTXSID2023224,0.6753246753246753,0.5936291425622937,4.46318272088428,Train
DTXSID1032309,0.4,0.26983911720723974,2.107130750570548,Train
DTXSID9047415,0.631578947368421,0.4732011860365001,3.0919249667480617,Train
DTXSID4021979,0.5714285714285714,0.4882110536522301,1.6,Train
DTXSID3022370,0.38461538461538464,0.2885185384194238,2.6076809620810595,Train
DTXSID0025737,0.32,0.29917241379310344,2.2181073012818837,Train
DTXSID7047433,0.6666666666666666,0.6178872188466048,5.455272678794342,Train
DTXSID9020372,0.6538461538461539,0.5389850740657192,2.95296461204668,Train
DTXSID2021997,0.6333333333333333,0.5508045977011494,2.280350850198276,Train
DTXSID1021081,0.5957446808510638,0.5562055008679734,3.984971769034255,Train
DTXSID7049265,0.6875,0.6723805527173649,3.2802438933713454,Train
DTXSID0020862,0.6052631578947368,0.587117889420521,3.9698866482558417,Train
DTXSID8026432,0.5294117647058824,0.47723766429648784,1.6370705543744901,Train
DTXSID2027418,0.6666666666666666,0.6493236714975845,3.0397368307141326,Train
DTXSID5020079,0.7307692307692307,0.6552675585284281,3.2434549480453714,Train
DTXSID4048191,0.68,0.6264665314401623,2.9189039038652846,Train
DTXSID4021769,0.3902439024390244,0.30662020905923343,3.006659275674582,Train
DTXSID6021822,0.6190476190476191,0.5918964076858815,2.8000000000000003,Train
DTXSID4026684,0.5757575757575758,0.4113205413205413,2.4494897427831783,Train
DTXSID3026516,0.6451612903225806,0.5608048333153522,2.4248711305964283,Train
DTXSID2044399,0.5517241379310345,0.5064601158067582,2.349468024894146,Train
DTXSID6046474,0.7222222222222222,0.6014729844245,4.947726750741193,Train
DTXSID7022417,0.3333333333333333,0.2798359833366049,1.6733200530681513,Train
DTXSID6044353,0.42424242424242425,0.3777670716380394,2.107130750570548,Train
DTXSID6027343,0.52,0.5026602254428342,2.0099751242241783,Train
DTXSID9023966,0.5714285714285714,0.5696428571428571,2.04939015319192,Train
DTXSID9049295,0.6551724137931034,0.5377516544757924,2.5298221281347035,Train
DTXSID1022130,0.5769230769230769,0.5431170568561873,2.638181191654584,Train
DTXSID4025082,0.0,0.0,0.0,Train
DTXSID3024522,0.5714285714285714,0.5691428571428571,3.286335345030997,Train
DTXSID3045437,0.4878048780487805,0.44302150192554557,2.349468024894146,Train
DTXSID6048838,0.6666666666666666,0.6066447368421052,5.134199061197375,Train
DTXSID8057699,0.6744186046511628,0.6142811043054143,3.168595903550972,Train
DTXSID1021790,0.4444444444444444,0.40822222222222226,2.1725560982400434,Train
DTXSID7022124,0.5714285714285714,0.5328451012588943,2.8913664589601926,Train
DTXSID8021800,0.5238095238095238,0.46550760029020893,1.788854381999832,Train
DTXSID9025164,0.5517241379310345,0.494476932040892,3.117691453623979,Train
DTXSID5041809,0.675,0.585,3.0528675044947495,Train
DTXSID1048835,0.5614035087719298,0.4996881091617934,4.034848200366403,Train
DTXSID6044563,0.7241379310344828,0.7026012939806043,3.9344631145812006,Train
DTXSID9033923,0.725,0.6971904761904762,3.7416573867739413,Train
DTXSID3034531,0.6153846153846154,0.5380861259355048,3.286335345030997,Train
DTXSID9023128,0.7166666666666667,0.644082283065334,4.634652090502588,Train
DTXSID8030760,0.773109243697479,0.3651050566912611,4.1036569057366385,Train
DTXSID1031626,0.48,0.3315606758832565,2.0688160865577205,Train
DTXSID4021218,0.5476190476190477,0.488989898989899,3.1937438845342627,Train
DTXSID9020669,0.75,0.5353148148148149,4.049691346263318,Train
DTXSID0020232,0.45,0.43008125772831657,2.7129319932501073,Train
DTXSID5024639,0.5416666666666666,0.47299498746867163,2.3323807579381204,Train
DTXSID0023323,0.7666666666666667,0.6525760384714779,3.3466401061363023,Train
DTXSID7021784,0.48148148148148145,0.4186271981530602,2.209072203437452,Train
DTXSID8047399,0.75,0.7231785944551902,3.97994974842648,Train
DTXSID0024345,0.6111111111111112,0.4903982218498347,4.368065933568311,Train
DTXSID9048855,0.7045454545454546,0.6844856863724789,4.166533331199932,Train
DTXSID0020654,0.3125,0.18602564102564104,1.4832396974191326,Train
DTXSID3047265,0.75,0.6913506028022157,5.067543783727971,Train
DTXSID2022331,0.5769230769230769,0.4233634336677815,2.144761058952722,Train
DTXSID6041347,0.37777777777777777,0.3181435102365335,2.4979991993593593,Train
DTXSID8044547,0.5555555555555556,0.5166666666666666,4.113392760240626,Train
DTXSID9049407,0.6111111111111112,0.5532407407407407,2.2538855339169293,Train
DTXSID3047558,0.5294117647058824,0.5203036053130929,3.9849717690342548,Train
DTXSID4025242,0.5454545454545454,0.422685379136992,2.569046515733026,Train
DTXSID4030336,0.631578947368421,0.5697345928924877,2.4657656011875906,Train
DTXSID0022981,0.7321428571428571,0.6956227106227106,4.64327470649756,Train
DTXSID0044600,0.71875,0.6528602445941155,2.986636904613616,Train
DTXSID6044727,0.6842105263157895,0.6685095090667846,2.814249455894058,Train
DTXSID0022644,0.5106382978723404,0.4120111799082606,2.545584412271571,Train
DTXSID9046994,0.5,0.4909090909090909,2.8425340807103794,Train
DTXSID5044574,0.7567567567567568,0.7412267104243344,4.009987531152685,Train
DTXSID4026927,0.3333333333333333,0.06666666666666667,0.48989794855663565,Train
DTXSID0048921,0.6410256410256411,0.6328758960337908,4.358898943540674,Train
DTXSID1047075,0.7407407407407407,0.6987895143720569,3.1811947441173736,Train
DTXSID4057845,0.6756756756756757,0.6235531110211416,3.4698703145794947,Train
DTXSID3044590,0.4897959183673469,0.41108162577467794,2.814249455894058,Train
DTXSID5025815,0.66,0.5249144385026738,3.5042830935870466,Train
DTXSID9046491,0.6666666666666666,0.5423344268232377,3.8262252939417984,Train
DTXSID8021195,0.76,0.7074284261378082,2.898275349237888,Train
DTXSID6023315,0.5945945945945946,0.5297134806460488,2.8844410203711917,Train
DTXSID6045373,0.6851851851851852,0.6692816802656619,4.58257569495584,Train
DTXSID1021798,0.5483870967741935,0.4934333875246,2.4819347291981715,Train
DTXSID0032572,0.6521739130434783,0.5553217796696058,4.800000000000001,Train
DTXSID2040656,0.7083333333333334,0.6662289196310935,3.3704599092705436,Train
DTXSID1049306,0.65,0.6171981424148607,2.65329983228432,Train
DTXSID7022679,0.6857142857142857,0.669449961802903,4.6475800154489,Train
DTXSID2047856,0.7,0.5911736782571536,4.24735211631906,Train
DTXSID1027007,0.5333333333333333,0.4773529411764706,1.949358868961793,Train
DTXSID0021969,0.4666666666666667,0.38226514562267744,1.9595917942265426,Train
DTXSID6044808,0.6190476190476191,0.5628978428978428,2.7202941017470885,Train
DTXSID9041861,0.7,0.6427272727272726,2.932575659723036,Train
DTXSID0020652,0.6875,0.6574190486424529,4.551922670696417,Train
DTXSID0023377,0.7352941176470589,0.6990249397812424,4.237924020083418,Train
DTXSID4045892,0.7236842105263158,0.6330538721385404,5.502726596879042,Train
DTXSID2025896,0.5555555555555556,0.48785607196401803,2.3065125189341593,Train
DTXSID4038847,0.5333333333333333,0.5202298850574711,3.0463092423455636,Train
DTXSID9022312,0.37037037037037035,0.17552334943639292,1.0583005244258363,Train
DTXSID4020581,0.4838709677419355,0.4399985944198468,2.32379000772445,Train
DTXSID8024107,0.6521739130434783,0.6381002878351765,4.349712634186309,Train
DTXSID9022526,0.42424242424242425,0.36351511031711253,2.227105745132009,Train
DTXSID2020767,0.5714285714285714,0.530178827090289,2.877498913987632,Train
DTXSID1057741,0.65,0.6283571331429348,3.8832975677895196,Train
DTXSID8022084,0.55,0.47789915966386565,3.1112698372208096,Train
DTXSID1024704,0.47368421052631576,0.4113721804511278,1.5491933384829668,Train
DTXSID3049209,0.5862068965517241,0.536415982484948,2.8284271247461903,Train
DTXSID8045804,0.39622641509433965,0.3567630169377021,2.749545416973504,Train
DTXSID8027795,0.7647058823529411,0.7020337354542543,3.2557641192199416,Train
DTXSID8029234,0.5483870967741935,0.3643782740556934,2.3579652245103193,Train
DTXSID6046000,0.6363636363636364,0.6114358628659475,5.355371135598354,Train
DTXSID3042219,0.47619047619047616,0.4194626941685765,1.8439088914585775,Train
DTXSID6042602,0.625,0.5955522346641067,4.6173585522460785,Train
DTXSID3046740,0.6619718309859155,0.5537785285611458,5.0,Train
DTXSID3031860,0.0,0.0,0.0,Train
DTXSID8042426,0.6818181818181818,0.6168430120604034,3.111269837220809,Train
DTXSID6046557,0.65625,0.6418080693815987,3.627671429443411,Train
DTXSID4027159,0.16666666666666666,0.07509803921568628,0.5291502622129182,Train
DTXSID9048512,0.7068965517241379,0.6938492024373611,5.607138307550474,Train
DTXSID6020856,0.6071428571428571,0.5632063492063492,2.863564212655271,Train
DTXSID4021131,0.5,0.40476190476190477,2.3323807579381204,Train
DTXSID0057673,0.7534246575342466,0.7374081336778127,5.909314681077663,Train
DTXSID4044826,0.5384615384615384,0.48108987786407137,2.3151673805580453,Train
DTXSID7023194,0.6607142857142857,0.50746333894057,3.773592452822642,Train
DTXSID7046594,0.7555555555555555,0.6163826232247285,3.8626415831655936,Train
DTXSID2022179,0.6923076923076923,0.6225524475524475,2.209072203437452,Train
DTXSID2025551,0.6176470588235294,0.5766242393509128,3.2186953878862163,Train
DTXSID8044963,0.6129032258064516,0.5469328629917689,3.111269837220809,Train
DTXSID4040686,0.5714285714285714,0.5020264353119446,2.8354893757515653,Train
DTXSID5044495,0.5142857142857142,0.4402576733611216,2.209072203437452,Train
DTXSID7045607,0.7590361445783133,0.729528310507712,6.330876716537765,Train
DTXSID3022906,0.6774193548387096,0.47284946236559133,2.4899799195977463,Train
DTXSID7045946,0.7352941176470589,0.6689374767910438,4.349712634186309,Train
DTXSID8045690,0.711864406779661,0.6278582293412802,4.741307836451879,Train
DTXSID8046903,0.5818181818181818,0.5247424242424243,4.5166359162544865,Train
DTXSID8047842,0.5714285714285714,0.4611677725984228,3.9446165846632044,Train
DTXSID8020888,0.5925925925925926,0.4864126938460739,2.3151673805580453,Train
DTXSID3047136,0.8,0.7372727272727273,2.7129319932501077,Train
DTXSID5040758,0.6481481481481481,0.5081597965102459,3.1874754901018454,Train
DTXSID8046610,0.74,0.7130409165302783,5.249761899362675,Train
DTXSID7044847,0.6818181818181818,0.6281317523056653,2.8425340807103794,Train
DTXSID7023481,0.5,0.46178008000458676,4.3817804600413295,Train
DTXSID4024193,0.48717948717948717,0.37702686202686203,2.8,Train
DTXSID1049308,0.7272727272727273,0.6926767676767677,2.4738633753705965,Train
DTXSID7046126,0.627906976744186,0.6126329924004341,3.7894590642992836,Train
DTXSID7022546,0.5714285714285714,0.5274725274725274,2.0199009876724157,Train
DTXSID9048196,0.5263157894736842,0.4941520467836257,2.2,Train
DTXSID9057713,0.4423076923076923,0.4049572649572649,3.4813790371058424,Train
DTXSID0057625,0.5232558139534884,0.47415938725424606,4.849742261192857,Train
DTXSID2029325,0.6444444444444445,0.6266161616161616,4.294182110716777,Train
DTXSID5023110,0.75,0.7381886030018143,4.525483399593905,Train
DTXSID3046326,0.7090909090909091,0.5318290125657962,3.605551275463989,Train
DTXSID1047289,0.7755102040816326,0.6736089996959562,6.06630035524124,Train
DTXSID3027580,0.0,0.0,0.0,Train
DTXSID0020527,0.7692307692307693,0.40714285714285714,1.216552506059644,Train
DTXSID4026842,0.23076923076923078,0.12615384615384614,0.938083151964686,Train
DTXSID3034618,0.64,0.5906428775581318,4.955804677345547,Train
DTXSID0020072,0.5,0.39473684210526316,1.9390719429665317,Train
DTXSID9036690,0.4838709677419355,0.4772150537634408,2.32379000772445,Train
DTXSID1024259,0.6229508196721312,0.5814701088948666,4.132795663954365,Train
DTXSID5025861,0.4444444444444444,0.40998217468805703,2.4083189157584592,Train
DTXSID5032498,0.5428571428571428,0.48233228620325386,2.65329983228432,Train
DTXSID2047303,0.7407407407407407,0.7209344899773613,5.374011537017761,Train
DTXSID1038876,0.5675675675675675,0.4951311605723371,3.6,Train
DTXSID9022027,0.5555555555555556,0.5444444444444445,2.1908902300206647,Train
DTXSID6044858,0.65625,0.610392738213203,2.8425340807103794,Train
DTXSID0042167,0.48,0.448536231884058,2.3065125189341593,Train
DTXSID7040289,0.5714285714285714,0.49929321053758835,2.4979991993593593,Train
DTXSID5048847,0.6233766233766234,0.6118248656739663,5.74108003776293,Train
DTXSID7024956,0.6486486486486487,0.5950663471353127,2.749545416973504,Train
DTXSID6047363,0.6774193548387096,0.6263568868407577,4.656178690729126,Train
DTXSID0033047,0.5416666666666666,0.5354102564102563,2.4819347291981715,Train
DTXSID5044607,0.5135135135135135,0.4693298374275604,3.3166247903554,Train
DTXSID2047197,0.6842105263157895,0.5791866028708135,3.32264954516723,Train
DTXSID9044798,0.7727272727272727,0.7586757803599908,3.3105890714493698,Train
DTXSID7057789,0.6949152542372882,0.6748444039585709,4.894895300208167,Train
DTXSID2044892,0.5909090909090909,0.46590909090909094,2.4166091947189146,Train
DTXSID0043892,0.6351351351351351,0.5310780267372559,3.893584466786357,Train
DTXSID7046174,0.6764705882352942,0.6238338858179416,3.2062439083762797,Train
DTXSID7025134,0.4482758620689655,0.37893722369584437,1.9798989873223332,Train
DTXSID3042423,0.7727272727272727,0.6630286471270077,4.6303347611160905,Train
DTXSID5047249,0.7674418604651163,0.7602053678344092,6.440496875241847,Train
DTXSID4021842,0.75,0.5984962406015037,2.505992817228334,Train
DTXSID4029145,0.4117647058823529,0.3688725490196078,1.624807680927192,Train
DTXSID6023369,0.6101694915254238,0.5182376020087884,3.924283374069717,Train
DTXSID2021234,0.5636363636363636,0.5400466943721305,4.0743097574926725,Train
DTXSID3023059,0.7352941176470589,0.6943643108348991,3.3941125496954285,Train
DTXSID1044435,0.3939393939393939,0.34762077183129814,2.489979919597747,Train
DTXSID5057622,0.6176470588235294,0.5971297338564072,3.538361202590827,Train
DTXSID3040770,0.5217391304347826,0.3951294352823588,1.8110770276274835,Train
DTXSID3038725,0.0,0.0,0.0,Train
DTXSID7021869,0.55,0.4491093117408907,1.7088007490635064,Train
DTXSID6024046,0.4117647058823529,0.3446778711484594,2.3748684174075834,Train
DTXSID0049317,0.38461538461538464,0.23076923076923078,1.3416407864998738,Train
DTXSID9057840,0.5357142857142857,0.4366666666666667,2.2715633383201093,Train
DTXSID9020790,0.6129032258064516,0.5361835863377609,3.4467375879228177,Train
DTXSID2026739,0.56,0.5395714285714286,3.0789608636681307,Train
DTXSID3045227,0.5614035087719298,0.47383118593914125,3.117691453623979,Train
DTXSID0042614,0.7105263157894737,0.6803655999012876,4.91121166312347,Train
DTXSID8040727,0.603448275862069,0.5605837692473282,4.166533331199932,Train
DTXSID6042234,0.5384615384615384,0.49392417887629925,3.4351128074635335,Train
DTXSID6020278,0.43333333333333335,0.39648099027409367,2.3916521486202797,Train
DTXSID7027833,0.5925925925925926,0.4875824915824916,2.4899799195977463,Train
DTXSID1024835,0.5555555555555556,0.49387699132889695,2.4819347291981715,Train
DTXSID6048204,0.6538461538461539,0.6087032967032967,3.1176914536239795,Train
DTXSID5044520,0.6326530612244898,0.5853072079895789,4.8166378315169185,Train
DTXSID0049363,0.5,0.4714285714285714,3.3526109228480423,Train
DTXSID3044382,0.7419354838709677,0.7188070218312154,3.82099463490856,Train
DTXSID1047497,0.0,0.0,0.0,Train
DTXSID2044131,0.5777777777777777,0.5397348868625464,4.029888335921977,Train
DTXSID2041709,0.4909090909090909,0.4278597799715812,3.168595903550972,Train
DTXSID4057768,0.44680851063829785,0.3833043868938738,3.32264954516723,Train
DTXSID6045616,0.6140350877192983,0.5055365686944635,3.4058772731852804,Train
DTXSID2021238,0.47619047619047616,0.4534920634920635,1.7888543819998322,Train
DTXSID0020288,0.5,0.4343399209486166,1.9798989873223334,Train
DTXSID2022171,0.2857142857142857,0.05714285714285714,0.4,Train
DTXSID4021680,0.6111111111111112,0.6019607843137256,2.553429066960741,Train
DTXSID8042507,0.4166666666666667,0.3943214756258234,1.8,Train
DTXSID0046644,0.68,0.6112587991718426,3.8884444190447165,Train
DTXSID6024337,0.6444444444444445,0.6147410759175465,3.794733192202055,Train
DTXSID0020153,0.55,0.5087616099071207,2.4248711305964283,Train
DTXSID4034528,0.7567567567567568,0.747082200212635,5.5641710972974225,Train
DTXSID8046585,0.5,0.41058366920435885,2.0,Train
DTXSID0047870,0.5714285714285714,0.5581203007518797,2.505992817228334,Train
DTXSID3047552,0.0,0.0,0.0,Train
DTXSID3025330,0.6,0.5738518518518518,2.7928480087537886,Train
DTXSID8020129,0.6956521739130435,0.6532574189095928,2.4000000000000004,Train
DTXSID5047825,0.7686567164179104,0.6788541879376304,7.39459261893446,Train
DTXSID8046539,0.6086956521739131,0.5826745718050066,2.6457513110645907,Train
DTXSID3045223,0.673469387755102,0.5678919612346436,3.7040518354904273,Train
DTXSID5021419,0.575,0.4876829268292683,3.1176914536239795,Train
DTXSID9032379,0.7916666666666666,0.7300795285670143,4.841487374764082,Train
DTXSID4046525,0.5714285714285714,0.4633053221288515,2.1633307652783937,Train
DTXSID0042325,0.48,0.43565517241379315,2.1908902300206647,Train
DTXSID9046104,0.7352941176470589,0.720304641964179,4.8,Train
DTXSID4045632,0.6181818181818182,0.5642386452023476,4.09878030638384,Train
DTXSID7049344,0.5714285714285714,0.5411005291005291,3.104834939252005,Train
DTXSID8022371,0.3617021276595745,0.3151605415860735,2.870540018881465,Train
DTXSID3029235,0.0,0.0,0.0,Train
DTXSID3027328,0.6363636363636364,0.5833107389686337,2.1725560982400434,Train
DTXSID2023064,0.7192982456140351,0.7059677164940323,5.578530272392541,Train
DTXSID7024245,0.6382978723404256,0.6155061452414852,3.8,Train
DTXSID0048848,0.7058823529411765,0.6870706349034522,3.3882148692194836,Train
DTXSID0044494,0.36666666666666664,0.34201659251019656,2.0591260281974,Train
DTXSID8041248,0.43478260869565216,0.39907773386034257,2.0591260281974,Train
DTXSID8049042,0.6296296296296297,0.608454074246115,4.261455150532504,Train
DTXSID0027933,0.0,0.0,0.0,Train
DTXSID9047099,0.25806451612903225,0.1810901001112347,1.6733200530681511,Train
DTXSID4020614,0.6571428571428571,0.5603718585387705,4.516635916254486,Train
DTXSID8044757,0.5,0.42386039886039883,2.08806130178211,Train
DTXSID0022305,0.5454545454545454,0.5008093355919443,2.181742422927143,Train
DTXSID7025390,0.2857142857142857,0.05714285714285714,0.4,Train
DTXSID0025577,0.7368421052631579,0.6749144697751508,2.6981475126464085,Train
DTXSID9044532,0.71875,0.7075962672518401,4.09878030638384,Train
DTXSID0047294,0.7972972972972973,0.7807611149827138,5.660388679233963,Train
DTXSID6025064,0.64,0.615987012987013,2.638181191654584,Train
DTXSID0037493,0.55,0.3612121212121212,2.23606797749979,Train
DTXSID6057790,0.7307692307692307,0.6951545925339029,2.979932885150268,Train
DTXSID4021185,0.4626865671641791,0.36949547230838553,3.1304951684997055,Train
DTXSID1045459,0.5151515151515151,0.4300252136706154,4.147288270665545,Train
DTXSID0048686,0.4225352112676056,0.3080052633810526,2.9597297173897488,Train
DTXSID2020684,0.8333333333333334,0.5,1.7435595774162695,Train
DTXSID5020946,0.6458333333333334,0.6124201001223246,4.3954521951671826,Train
DTXSID6057744,0.72,0.7117197308888283,4.766550115125193,Train
DTXSID7024112,0.45,0.3529370629370629,3.5156791662493894,Train
DTXSID2025977,0.75,0.7116071428571429,3.622154055254967,Train
DTXSID8024652,0.68,0.603672877846791,2.863564212655271,Train
DTXSID2025761,0.5263157894736842,0.477948633338833,2.8425340807103794,Train
DTXSID3045190,0.65,0.6042869875222816,3.6055512754639896,Train
DTXSID1046631,0.6304347826086957,0.6064936806137335,4.266145801540309,Train
DTXSID9029302,0.48,0.2723561076604555,1.8654758106177631,Train
DTXSID7046176,0.5,0.3783525182029669,3.0397368307141326,Train
DTXSID6021086,0.7209302325581395,0.6426952892069171,3.714835124201342,Train
DTXSID7046675,0.7886178861788617,0.7394280935732241,7.051241025521677,Train
DTXSID1045326,0.6041666666666666,0.5274263038548752,3.7094473981982814,Train
DTXSID8048521,0.7865168539325843,0.7423601736658353,6.499230723708769,Train
DTXSID5046487,0.7142857142857143,0.6837088247954217,5.5389529696504916,Train
DTXSID7022253,0.609375,0.4366859710896961,3.6715119501371642,Train
DTXSID8024157,0.5208333333333334,0.4401404800872887,3.3286633954186478,Train
DTXSID7047061,0.0,0.0,0.0,Train
DTXSID1025726,0.4444444444444444,0.42044444444444445,2.2715633383201093,Train
DTXSID6045400,0.7142857142857143,0.6528166138250173,4.431703961232068,Train
DTXSID0045838,0.7142857142857143,0.6882185526540366,3.1432467291003428,Train
DTXSID1047817,0.7358490566037735,0.6843036479062363,5.1613951602255765,Train
DTXSID6026450,0.6190476190476191,0.5329323308270677,1.98997487421324,Train
DTXSID2048581,0.6344086021505376,0.5575285224646304,6.196773353931867,Train
DTXSID9044825,0.5555555555555556,0.5102020202020202,2.3323807579381204,Train
DTXSID1027429,0.631578947368421,0.5087833219412167,1.7776388834631178,Train
DTXSID3031862,0.0,0.0,0.0,Train
DTXSID9021479,0.5333333333333333,0.4332832080200501,2.3065125189341593,Train
DTXSID1021877,0.6363636363636364,0.5929292929292929,1.9287301521985911,Train
DTXSID7040287,0.4878048780487805,0.3809326231193346,2.6608269391300143,Train
DTXSID8020331,0.64,0.5810955035302862,4.132795663954366,Train
DTXSID5021120,0.5925925925925926,0.5336925554316858,3.05286750449475,Train
DTXSID2044921,0.46153846153846156,0.42937897411581627,3.440930106817051,Train
DTXSID4024773,0.5217391304347826,0.49534188949481306,2.3579652245103193,Train
DTXSID7044768,0.6744186046511628,0.6290590864462273,4.004996878900157,Train
DTXSID7027461,0.6666666666666666,0.5723076923076922,2.039607805437114,Train
DTXSID8047391,0.7638888888888888,0.759487118015599,5.89576118919347,Train
DTXSID9020378,0.5061728395061729,0.4828281614948281,4.955804677345547,Train
DTXSID0046480,0.6708860759493671,0.5818147209219827,5.6991227395100035,Train
DTXSID2045072,0.6451612903225806,0.6163022700119474,3.0199337741083,Train
DTXSID4022284,0.5714285714285714,0.5494505494505495,1.9390719429665317,Train
DTXSID0047088,0.673469387755102,0.5911227144146399,4.1521078984053394,Train
DTXSID5021883,0.7692307692307693,0.7198135198135198,2.5377155080899043,Train
DTXSID7023146,0.7777777777777778,0.7656288156288156,2.1447610589527217,Train
DTXSID9057682,0.75,0.7283057152655894,5.40740233383831,Train
DTXSID8020256,0.6888888888888889,0.36213868003341687,2.315167380558045,Train
DTXSID1021586,0.4,0.3445287356321839,1.949358868961793,Train
DTXSID6026537,0.7631578947368421,0.37933825561653567,2.0976176963403033,Train
DTXSID4048804,0.711864406779661,0.697927153689308,5.520869496736905,Train
DTXSID6040111,0.34782608695652173,0.31387790953008343,2.280350850198276,Train
DTXSID9045635,0.5833333333333334,0.5060570381998953,3.9799497484264803,Train
DTXSID0025523,0.7037037037037037,0.586518118308997,2.705549851693737,Train
DTXSID2025264,0.49056603773584906,0.4521890968146967,3.4234485537247377,Train
DTXSID2046094,0.6753246753246753,0.6291266043897623,5.469917732470938,Train
DTXSID5021386,0.5,0.4414751713042196,1.562049935181331,Train
DTXSID6049303,0.55,0.5196601690529585,3.187475490101846,Train
DTXSID3045300,0.4444444444444444,0.3601196808007953,2.8425340807103794,Train
DTXSID0026913,0.0,0.0,0.0,Train
DTXSID8024783,0.4444444444444444,0.3834541062801932,2.537715508089904,Train
DTXSID4044791,0.3448275862068966,0.32175697865353037,1.9078784028338915,Train
DTXSID2057734,0.5625,0.5014430014430015,2.749545416973504,Train
DTXSID0033673,0.47619047619047616,0.44121676740871785,2.039607805437114,Train
DTXSID9057767,0.7272727272727273,0.697742127153892,4.233202097703345,Train
DTXSID3048659,0.7058823529411765,0.6932232893157264,3.9293765408777004,Train
DTXSID3045221,0.75,0.6749197860962568,4.4,Train
DTXSID2049347,0.6111111111111112,0.4916708437761069,2.553429066960741,Train
DTXSID5040540,0.7317073170731707,0.6980840209027457,4.422668877499197,Train
DTXSID8044208,0.72,0.7096288156288157,5.347896782848375,Train
DTXSID5032600,0.6666666666666666,0.6529193951120862,3.97994974842648,Train
DTXSID1047443,0.6216216216216216,0.48394337194337195,2.4248711305964283,Train
DTXSID8045806,0.75,0.714047500690417,5.447935388750494,Train
DTXSID8025591,0.5555555555555556,0.45888888888888885,2.0199009876724157,Train
DTXSID1057612,0.47058823529411764,0.4072573325352343,3.2124756808418025,Train
DTXSID5020576,0.4230769230769231,0.39664335664335665,3.4058772731852804,Train
DTXSID6024917,0.6111111111111112,0.5851851851851853,2.366431913239847,Train
DTXSID2025183,0.44,0.40072727272727277,1.6970562748477143,Train
DTXSID6044646,0.7317073170731707,0.7145089843838793,4.308131845707604,Train
DTXSID3048998,0.6774193548387096,0.6325041790909911,3.752332607858744,Train
DTXSID0044527,0.6111111111111112,0.5407407407407407,2.23606797749979,Train
DTXSID9027520,0.75,0.7121052631578947,3.006659275674582,Train
DTXSID7042198,0.5806451612903226,0.4260597002532487,2.433105012119288,Train
DTXSID7041467,0.7333333333333333,0.7175757575757575,3.847076812334269,Train
DTXSID8032627,0.6666666666666666,0.4266746712407089,3.1622776601683795,Train
DTXSID5027647,0.4375,0.3918386243386244,3.0659419433511785,Train
DTXSID1057822,0.7,0.6582097902097901,3.5042830935870466,Train
DTXSID9024304,0.7868852459016393,0.7129195370058882,5.011985634456667,Train
DTXSID8023395,0.7397260273972602,0.723146305673283,5.74108003776293,Train
DTXSID0022800,0.5964912280701754,0.5630941925043216,4.093897898091744,Train
DTXSID4037580,0.6857142857142857,0.6041810408373876,3.0854497241083023,Train
DTXSID5023536,0.4444444444444444,0.327788841473052,2.513961017995307,Train
DTXSID1026902,0.3333333333333333,0.18666666666666668,1.0583005244258363,Train
DTXSID1031462,0.4642857142857143,0.2904761904761905,1.7549928774784245,Train
DTXSID3027584,0.625,0.5655322130981071,3.8781438859330635,Train
DTXSID2024038,0.6666666666666666,0.5706816059757236,2.2181073012818833,Train
DTXSID2034540,0.7962962962962963,0.6355856786055478,4.014971979976947,Train
DTXSID1021665,0.0,0.0,0.0,Train
DTXSID0023749,0.7857142857142857,0.7797310924369747,5.761944116355173,Train
DTXSID8045989,0.5454545454545454,0.369469862152789,2.2627416997969525,Train
DTXSID3020960,0.6060606060606061,0.5490491118077325,3.704051835490427,Train
DTXSID1041265,0.391304347826087,0.1915144580819638,1.0392304845413265,Train
DTXSID5033096,0.6,0.5426840729873464,3.417601498127013,Train
DTXSID4046282,0.717391304347826,0.6870611206024895,4.68187996428785,Train
DTXSID1038321,0.5,0.46932591768631815,2.5845695966640174,Train
DTXSID0020650,0.55,0.4954037267080745,2.1725560982400434,Train
DTXSID3041954,0.45454545454545453,0.4217361585782638,2.1908902300206647,Train
DTXSID6020515,0.7142857142857143,0.6964285714285715,2.227105745132009,Train
DTXSID0022014,0.42105263157894735,0.3640092879256966,1.1661903789690602,Train
DTXSID1021328,0.6875,0.5638492063492063,1.6733200530681513,Train
DTXSID6024177,0.7419354838709677,0.6514029697900666,2.979932885150268,Train
DTXSID0020284,0.4583333333333333,0.40100414078674945,1.7435595774162693,Train
DTXSID5022857,0.43103448275862066,0.3070242656449553,2.638181191654584,Train
DTXSID1027928,0.47058823529411764,0.4478638376171583,3.006659275674582,Train
DTXSID8048783,0.6896551724137931,0.653747749643736,5.678027826631356,Train
DTXSID8047682,0.65625,0.6239630958709906,3.1874754901018454,Train
DTXSID3044910,0.6666666666666666,0.6499999999999999,2.569046515733026,Train
DTXSID3021774,0.6129032258064516,0.5806834119597093,2.7129319932501077,Train
DTXSID7040362,0.5714285714285714,0.5319989269722043,3.815756805667783,Train
DTXSID4045896,0.4305555555555556,0.35794012306160194,3.6331804249169903,Train
DTXSID7025689,0.625,0.5968854568854569,3.8000000000000003,Train
DTXSID5044780,0.5714285714285714,0.5268796992481203,1.9595917942265426,Train
DTXSID9032113,0.5576923076923077,0.5058082029780143,3.622154055254967,Train
DTXSID0049311,0.3870967741935484,0.33667861409796895,2.433105012119288,Train
DTXSID8034586,0.75,0.7308259873822488,5.44426303552648,Train
DTXSID9048934,0.4444444444444444,0.41980494167194937,3.566510900025402,Train
DTXSID1029203,0.6,0.5230409356725146,2.0976176963403033,Train
DTXSID0025492,0.0,0.0,0.0,Train
DTXSID9046526,0.4375,0.37017010898652264,2.1354156504062622,Train
DTXSID9025455,0.6764705882352942,0.6078639182168594,3.0659419433511785,Train
DTXSID6021824,0.5,0.45092592592592595,2.227105745132009,Train
DTXSID3034662,0.6,0.4155171208944794,3.3166247903554003,Train
DTXSID8045692,0.5777777777777777,0.545079365079365,4.171330722922843,Train
DTXSID0047745,0.6,0.5663636363636364,2.2,Train
DTXSID7029249,0.5625,0.42204545454545456,1.7888543819998317,Train
DTXSID0049280,0.0,0.0,0.0,Train
DTXSID1047788,0.4918032786885246,0.41639417234304704,3.5099857549568494,Train
DTXSID2023430,0.6875,0.6566014492753623,2.90516780926679,Train
DTXSID6045119,0.75,0.6255488127691518,4.485532298401161,Train
DTXSID1046344,0.7375,0.7309576330532213,5.8,Train
DTXSID2042145,0.6333333333333333,0.5881573498964803,2.785677655436824,Train
DTXSID5044364,0.46153846153846156,0.34294871794871795,1.2000000000000002,Train
DTXSID9044455,0.16666666666666666,0.13333333333333333,1.6,Train
DTXSID9034864,0.6785714285714286,0.6231127190330227,4.878524367060187,Train
DTXSID3023556,0.30434782608695654,0.29429700734048564,3.1368774282716245,Train
DTXSID2032552,0.7321428571428571,0.7028855907597185,5.059644256269407,Train
DTXSID3036286,0.5172413793103449,0.506418654472047,3.1432467291003423,Train
DTXSID2044391,0.48,0.4387590380633859,1.9078784028338915,Train
DTXSID9020243,0.6451612903225806,0.5672438330170777,3.0199337741083,Train
DTXSID2044266,0.6744186046511628,0.6405169759338789,3.9140771581561853,Train
DTXSID3041665,0.48148148148148145,0.2785185185185185,1.7088007490635062,Train
DTXSID7021994,0.5,0.45339285714285715,2.8635642126552705,Train
DTXSID2021440,0.6666666666666666,0.5301804581580177,2.7928480087537886,Train
DTXSID2021993,0.5862068965517241,0.5013516549995678,2.1447610589527217,Train
DTXSID6026082,0.7272727272727273,0.6975757575757576,2.181742422927143,Train
DTXSID2021498,0.5384615384615384,0.4276923076923077,2.244994432064365,Train
DTXSID9042592,0.6290322580645161,0.4953139193525284,4.242640687119285,Train
DTXSID9027239,0.5,0.46133004926108373,2.6076809620810595,Train
DTXSID6046634,0.6595744680851063,0.5874199441220718,3.9849717690342548,Train
DTXSID6021321,0.4,0.31934981684981684,3.117691453623979,Train
DTXSID1025308,0.4166666666666667,0.38701754385964915,2.0,Train
DTXSID4047389,0.703125,0.6892448377865044,5.9194594347794975,Train
DTXSID4027658,0.5555555555555556,0.46239511823035856,2.3664319132398464,Train
DTXSID7020211,0.5142857142857142,0.4099646697388633,2.4413111231467406,Train
DTXSID5023950,0.6557377049180327,0.5401931250291906,4.303486958270002,Train
DTXSID8029868,0.7,0.6463766340139966,5.196152422706632,Train
DTXSID2041464,0.6111111111111112,0.5393258027848821,2.107130750570548,Train
DTXSID2057653,0.7313432835820896,0.683268433152814,5.458937625582472,Train
DTXSID0022808,0.3695652173913043,0.34034057656365047,2.262741699796952,Train
DTXSID5021253,0.6538461538461539,0.6054358974358974,3.32264954516723,Train
DTXSID5027641,0.5217391304347826,0.390279176201373,1.9287301521985911,Train
DTXSID0023296,0.696969696969697,0.6028151699551294,3.2802438933713454,Train
DTXSID3022617,0.6857142857142857,0.6723340146869559,4.377213725647858,Train
DTXSID2046123,0.6739130434782609,0.5968747949257694,3.9749213828703582,Train
DTXSID3032337,0.6486486486486487,0.622989258069694,3.671511950137164,Train
DTXSID4047913,0.15384615384615385,0.03076923076923077,0.4,Train
DTXSID0020157,0.55,0.4587747035573123,2.3579652245103193,Train
DTXSID7047643,0.6842105263157895,0.6666102212051869,2.939387691339814,Train
DTXSID8042264,0.48,0.3766577480490524,2.0591260281974,Train
DTXSID5021881,0.6363636363636364,0.5696969696969696,1.2961481396815724,Train
DTXSID6033538,0.4423076923076923,0.40590421483278627,3.6441734316577197,Train
DTXSID5044869,0.5185185185185185,0.4206560846560847,1.9798989873223334,Train
DTXSID8025046,0.42857142857142855,0.294028194028194,1.61245154965971,Train
DTXSID8045519,0.7391304347826086,0.6769771726447884,4.4136152981427825,Train
DTXSID4021559,0.5161290322580645,0.45066572285704654,2.349468024894146,Train
DTXSID2044763,0.4,0.3730515387467556,2.8000000000000003,Train
DTXSID2029246,0.5333333333333333,0.3750834816509873,2.1633307652783937,Train
DTXSID7025502,0.48484848484848486,0.3717171717171717,1.9798989873223332,Train
DTXSID9032535,0.6944444444444444,0.6849603174603175,4.2,Train
DTXSID6021402,0.5416666666666666,0.5116666666666666,2.08806130178211,Train
DTXSID3020380,0.5714285714285714,0.45610642435243454,3.594440151122286,Train
DTXSID8044389,0.6666666666666666,0.6159139784946236,2.5922962793631443,Train
DTXSID3039242,0.7272727272727273,0.6975757575757576,1.7549928774784247,Train
DTXSID9047253,0.7534246575342466,0.7269897438772354,5.723635208501674,Train
DTXSID3040691,0.6521739130434783,0.5813627696704831,3.7682887362833544,Train
DTXSID4024145,0.7727272727272727,0.7487539487539487,4.529900661162451,Train
DTXSID1029201,0.5483870967741935,0.46857825567502986,2.5534290669607413,Train
DTXSID0021333,0.7666666666666667,0.6932509235578289,2.727636339397171,Train
DTXSID8023426,0.4166666666666667,0.3936666666666667,1.8330302779823362,Train
DTXSID3057729,0.5918367346938775,0.5231113358680266,3.464101615137755,Train
DTXSID9047837,0.6923076923076923,0.687770191024908,4.749736834815167,Train
DTXSID5032442,0.7346938775510204,0.667351905108393,4.512205669071391,Train
DTXSID9029192,0.5294117647058824,0.5040723981900452,1.9390719429665317,Train
DTXSID1022558,0.4583333333333333,0.3833571215349617,2.668332812825267,Train
DTXSID7025635,0.5,0.4594285714285714,2.6305892875931813,Train
DTXSID4022783,0.5555555555555556,0.48821680857421457,3.8884444190447165,Train
DTXSID1057828,0.5806451612903226,0.5125547286396187,4.476605857119878,Train
DTXSID4048935,0.4642857142857143,0.3575759055759056,3.2619012860600183,Train
DTXSID3047972,0.45454545454545453,0.38353998942234235,1.949358868961793,Train
DTXSID2044844,0.4,0.4,2.8284271247461903,Train
DTXSID2048795,0.673469387755102,0.6600065167397002,4.303486958270003,Train
DTXSID5027433,0.5454545454545454,0.44385281385281383,2.1908902300206643,Train
DTXSID9045768,0.5185185185185185,0.4851851851851851,3.1999999999999997,Train
DTXSID2025715,0.546875,0.4283842731103927,3.1685959035509725,Train
DTXSID8025967,0.6190476190476191,0.5833540372670807,2.6229754097208002,Train
DTXSID1048207,0.5416666666666666,0.42608225108225106,2.154065922853802,Train
DTXSID5021546,0.5,0.4731652661064426,2.1633307652783937,Train
DTXSID8022959,0.43902439024390244,0.42485616010006255,3.893584466786357,Train
DTXSID8048947,0.6835443037974683,0.6695000932275373,6.036555309114628,Train
DTXSID4044799,0.68,0.6346781609195402,2.973213749463701,Train
DTXSID6045791,0.6415094339622641,0.5460482180293501,3.622154055254967,Train
DTXSID1020805,0.6666666666666666,0.36717171717171715,1.9078784028338913,Train
DTXSID2023727,0.7142857142857143,0.6585085175788329,6.4156059729381765,Train
DTXSID6049222,0.5517241379310345,0.43957559681697606,2.764054992217051,Train
DTXSID8047006,0.7636363636363637,0.48620666889210346,4.46318272088428,Train
DTXSID1045879,0.45454545454545453,0.4545454545454545,3.1622776601683795,Train
DTXSID7046677,0.5660377358490566,0.5002980931219778,3.939543120718442,Train
DTXSID0041141,0.7931034482758621,0.6991767342307893,5.2459508194416005,Train
DTXSID7045316,0.6818181818181818,0.6322566129522651,3.847076812334269,Train
DTXSID0026125,0.6818181818181818,0.6051794258373205,2.297825058615212,Train
DTXSID7045653,0.6521739130434783,0.6348891516706521,5.039841267341661,Train
DTXSID7030698,0.6333333333333333,0.38,2.3579652245103193,Train
DTXSID2041541,0.6,0.5604483430799221,2.6981475126464085,Train
DTXSID6046470,0.7142857142857143,0.6299911056376575,4.6173585522460785,Train
DTXSID9026922,0.3125,0.1431818181818182,0.7211102550927979,Train
DTXSID7023516,0.6363636363636364,0.5940244465505091,3.6496575181789317,Train
DTXSID9044584,0.6216216216216216,0.5716488025026925,3.388214869219484,Train
DTXSID9041607,0.6363636363636364,0.5908603024882094,3.794733192202055,Train
DTXSID9020293,0.46153846153846156,0.43928205128205133,2.5690465157330262,Train
DTXSID3057773,0.7192982456140351,0.6807578419256738,4.507771067833858,Train
DTXSID1020984,0.5588235294117647,0.5392276527001384,2.8844410203711917,Train
DTXSID7046095,0.7413793103448276,0.728630666508612,4.890807704254994,Train
DTXSID8045434,0.7317073170731707,0.6399458206398216,3.8781438859330635,Train
DTXSID6022056,0.5,0.45865689865689874,1.562049935181331,Train
DTXSID4026137,0.5185185185185185,0.4870740740740741,2.5377155080899043,Train
DTXSID7026998,0.6296296296296297,0.5480532248495635,2.727636339397171,Train
DTXSID9022609,0.5686274509803921,0.4246310677103516,2.7856776554368237,Train
DTXSID5021251,0.6538461538461539,0.6165194375516956,3.4583232931581165,Train
DTXSID8047268,0.7285714285714285,0.7154605562740205,5.578530272392541,Train
DTXSID2024585,0.5384615384615384,0.48660139860139856,2.545584412271571,Train
DTXSID3044544,0.5740740740740741,0.5450032646628391,3.5327043465311387,Train
DTXSID5023243,0.5348837209302325,0.44535127288315585,2.749545416973504,Train
DTXSID1040324,0.5476190476190477,0.4903276903276904,3.1176914536239795,Train
DTXSID6048202,0.48,0.4534685184880087,2.383275057562597,Train
DTXSID2044684,0.631578947368421,0.5863617376775272,3.6715119501371642,Train
DTXSID8057693,0.5789473684210527,0.5663556618819776,3.2062439083762797,Train
DTXSID4044745,0.7,0.6667379679144384,2.3916521486202797,Train
DTXSID5032579,0.5555555555555556,0.4673801958200935,3.8052595180880897,Train
DTXSID1044196,0.74,0.6595816228130597,4.308131845707604,Train
DTXSID5021831,0.42857142857142855,0.4037267080745342,2.6457513110645907,Train
DTXSID9024774,0.6086956521739131,0.5584254858216824,2.4331050121192876,Train
DTXSID9044744,0.75,0.7266197231714473,3.4813790371058424,Train
DTXSID9023041,0.6,0.5683414418398939,3.1685959035509716,Train
DTXSID0021759,0.5833333333333334,0.4966666666666667,1.7088007490635064,Train
DTXSID0047113,0.7714285714285715,0.6745966077985661,3.6110940170535577,Train
DTXSID7046415,0.5961538461538461,0.5442029138493554,4.17612260356422,Train
DTXSID4027319,0.5,0.398187134502924,1.6492422502470645,Train
DTXSID4041238,0.7307692307692307,0.7001398601398602,2.877498913987632,Train
DTXSID8046244,0.6538461538461539,0.5835051716790847,2.95296461204668,Train
DTXSID4045478,0.5384615384615384,0.46855439642324886,3.989987468652001,Train
DTXSID9034286,0.75,0.718796992481203,3.388214869219483,Train
DTXSID1047106,0.5,0.45027808676307013,2.891366458960192,Train
DTXSID5022306,0.6428571428571429,0.5791074331674999,3.1874754901018454,Train
DTXSID2021868,0.4166666666666667,0.3910256410256411,1.0,Train
DTXSID4045638,0.717948717948718,0.69512049829123,4.3954521951671826,Train
DTXSID8025593,0.6206896551724138,0.5919153149408989,3.212475680841802,Train
DTXSID8020965,0.5675675675675675,0.5496118901111161,3.117691453623979,Train
DTXSID6032518,0.7586206896551724,0.7359346642468239,3.0919249667480617,Train
DTXSID1047447,0.43333333333333335,0.4158803138113483,2.6758176320519307,Train
DTXSID6020220,0.42857142857142855,0.39191341991341994,2.280350850198276,Train
DTXSID3041794,0.6229508196721312,0.6031579969241536,4.613025037868319,Train
DTXSID5023744,0.627906976744186,0.5938603197164406,3.8418745424597094,Train
DTXSID2021022,0.65,0.6157639751552795,2.9461839725312475,Train
DTXSID8021517,0.55,0.3957142857142857,1.4422205101855958,Train
DTXSID0046309,0.44155844155844154,0.38304711672963077,4.0743097574926725,Train
DTXSID9045132,0.7727272727272727,0.7565852672353677,5.824087911424415,Train
DTXSID1047310,0.6923076923076923,0.6085264735264735,4.931531202375181,Train
DTXSID1037806,0.631578947368421,0.5506900584795321,2.039607805437114,Train
DTXSID5032523,0.6666666666666666,0.6420545977011494,3.32264954516723,Train
DTXSID0045547,0.7413793103448276,0.7060755336617405,4.621688003316537,Train
DTXSID3046403,0.5862068965517241,0.563395225464191,2.946183972531247,Train
DTXSID9024063,0.5,0.44822332511119695,1.8,Train
DTXSID6020145,0.75,0.6918110493625369,2.0099751242241783,Train
DTXSID1040742,0.3382352941176471,0.24896223487554758,2.8284271247461903,Train
DTXSID0027565,0.65,0.574385026737968,2.489979919597747,Train
DTXSID4022658,0.6507936507936508,0.6136862946538391,5.2345009313209605,Train
DTXSID8057807,0.6071428571428571,0.5685099327087156,4.445222154178573,Train
DTXSID6022422,0.5555555555555556,0.5349377813673142,2.0,Train
DTXSID5046271,0.7068965517241379,0.6876614243648913,5.122499389946279,Train
DTXSID7022172,0.627906976744186,0.5221779254337393,3.5440090293338704,Train
DTXSID3034456,0.7547169811320755,0.7236383247160869,4.878524367060187,Train
DTXSID1026665,0.5769230769230769,0.5434503901895205,2.505992817228334,Train
DTXSID9024699,0.4827586206896552,0.4514551632913702,2.9120439557122073,Train
DTXSID6044486,0.6470588235294118,0.620269926152279,2.3151673805580453,Train
DTXSID9046651,0.6451612903225806,0.6273885254530416,3.88329756778952,Train
DTXSID3045435,0.6470588235294118,0.5960443307757886,4.494441010848846,Train
DTXSID2037508,0.6216216216216216,0.5762628269981211,3.1559467676119,Train
DTXSID0021123,0.6444444444444445,0.5698056585013107,3.5552777669262356,Train
DTXSID1041425,0.5909090909090909,0.4314935064935065,2.078460969082653,Train
DTXSID8027822,0.6111111111111112,0.5888888888888889,2.553429066960741,Train
DTXSID8024941,0.75,0.7021212121212121,2.3151673805580453,Train
DTXSID0039223,0.7209302325581395,0.5740028963284777,3.0594117081556713,Train
DTXSID7052446,0.5833333333333334,0.5668131868131868,2.5845695966640174,Train
DTXSID8021854,0.55,0.5102962962962962,2.1071307505705477,Train
DTXSID7041336,0.625,0.5983333333333334,2.5768197453450252,Train
DTXSID1044647,0.65,0.5643219893321313,3.0789608636681307,Train
DTXSID8022610,0.6285714285714286,0.5659290467548181,4.156921938165306,Train
DTXSID6032641,0.675,0.5556038617803324,3.4985711369071804,Train
DTXSID5044819,0.6129032258064516,0.5496434530430637,3.0594117081556713,Train
DTXSID8044599,0.43478260869565216,0.42028985507246375,2.727636339397171,Train
DTXSID3045306,0.4142857142857143,0.3568284081965038,4.3220365569948616,Train
DTXSID0057677,0.6060606060606061,0.5237694455431716,4.127953488110059,Train
DTXSID4041446,0.6666666666666666,0.6475665266106442,3.2186953878862163,Train
DTXSID0057754,0.5925925925925926,0.5471490603904396,3.0983866769659336,Train
DTXSID7024457,0.5909090909090909,0.5112770562770562,2.4166091947189146,Train
DTXSID6032352,0.5526315789473685,0.4689984319086486,2.638181191654584,Train
DTXSID1045297,0.6585365853658537,0.6345039485462729,4.147288270665545,Train
DTXSID8037594,0.5714285714285714,0.46894281157439055,3.352610922848042,Train
DTXSID4020668,0.7857142857142857,0.766137566137566,2.6608269391300143,Train
DTXSID4044618,0.5357142857142857,0.4735654919792851,2.3151673805580453,Train
DTXSID4046999,0.5384615384615384,0.5141035465173396,2.4248711305964283,Train
DTXSID3045649,0.5,0.46126984126984133,2.0,Train
DTXSID4021212,0.4782608695652174,0.4552173913043478,2.4738633753705965,Train
DTXSID5046225,0.64,0.5786346826586707,3.1368774282716245,Train
DTXSID9036226,0.0,0.0,0.0,Train
DTXSID2044925,0.6,0.5486716791979951,2.154065922853802,Train
DTXSID1020647,0.6296296296296297,0.552451124864918,2.7712812921102037,Train
DTXSID5045201,0.7441860465116279,0.6882785645331546,4.0,Train
DTXSID6046266,0.7580645161290323,0.7426590488701128,5.7306195127577615,Train
DTXSID0022935,0.6956521739130435,0.6093800322061191,2.891366458960192,Train
DTXSID7021158,0.48148148148148145,0.36359454191033136,1.6492422502470643,Train
DTXSID4041527,0.6785714285714286,0.6511387163561076,2.749545416973504,Train
DTXSID3020546,0.7647058823529411,0.6771170006464124,2.3323807579381204,Train
DTXSID9021059,0.6923076923076923,0.5172892896577107,2.3748684174075834,Train
DTXSID2023010,0.7714285714285715,0.7453690476190475,3.794733192202055,Train
DTXSID7029871,0.7021276595744681,0.6769885949779567,4.266145801540309,Train
DTXSID7047304,0.7678571428571429,0.7374227049310289,5.299056519796708,Train
DTXSID4047200,0.64,0.5683703703703704,4.132795663954365,Train
DTXSID4044955,0.43333333333333335,0.3907122507122507,2.5377155080899043,Train
DTXSID7034961,0.7761194029850746,0.6931345664024376,4.857983120596447,Train
DTXSID2044713,0.64,0.6256018971920612,5.299056519796708,Train
DTXSID0057671,0.76,0.7430230056357813,5.3065996645686395,Train
DTXSID9025112,0.7272727272727273,0.6987878787878788,1.7320508075688774,Train
DTXSID7045366,0.5882352941176471,0.5788851540616247,4.312771730569565,Train
DTXSID0034192,0.7162162162162162,0.6947583947583948,5.180733538795447,Train
DTXSID5046699,0.6046511627906976,0.5405975922254992,3.2062439083762797,Train
DTXSID5024687,0.52,0.45930303030303027,2.1354156504062622,Train
DTXSID4021137,0.47619047619047616,0.4412698412698413,1.6492422502470643,Train
DTXSID6046345,0.5714285714285714,0.5012554112554112,2.4738633753705965,Train
DTXSID2023276,0.5454545454545454,0.4806148834368319,3.714835124201342,Train
DTXSID8026802,0.6,0.465,1.6733200530681511,Train
DTXSID6025850,0.6956521739130435,0.484963768115942,1.8867962264113207,Train
DTXSID0020573,0.4067796610169492,0.27243436357593886,2.1166010488516727,Train
DTXSID0026204,0.5666666666666667,0.5050030967422272,2.6229754097208002,Train
DTXSID9045922,0.5633802816901409,0.5270377822490498,4.83735464897913,Train
DTXSID2034962,0.765625,0.7072251201923461,4.971921157862422,Train
DTXSID3021726,0.4166666666666667,0.37223443985457716,1.8654758106177631,Train
DTXSID4026715,0.4782608695652174,0.4483794466403162,2.5377155080899043,Train
DTXSID8029230,0.6190476190476191,0.5918964076858815,2.8,Train
DTXSID2040363,0.6440677966101694,0.6163026161380968,4.604345773288536,Train
DTXSID8037752,0.4666666666666667,0.40164631664631667,2.32379000772445,Train
DTXSID4047123,0.0,0.0,0.0,Train
DTXSID0057750,0.6470588235294118,0.602747160440299,3.5888716889852725,Train
DTXSID5021752,0.5625,0.5173076923076924,1.876166303929372,Train
DTXSID5022932,0.6666666666666666,0.6312010433749564,3.939543120718442,Train
DTXSID5024479,0.5,0.4531546489563567,2.5612496949731396,Train
DTXSID8041668,0.4,0.354264705882353,1.4000000000000001,Train
DTXSID6020779,0.5737704918032787,0.46514835350005307,3.5777087639996634,Train
DTXSID0045254,0.39285714285714285,0.28792290249433106,2.489979919597747,Train
DTXSID0025367,0.76,0.7250350877192983,2.7422618401604177,Train
DTXSID8047892,0.45,0.36337719298245613,1.5362291495737217,Train
DTXSID0047111,0.7142857142857143,0.6923082019640454,4.565084884205331,Train
DTXSID9021342,0.6086956521739131,0.5042858302228617,2.449489742783178,Train
DTXSID8021804,0.3333333333333333,0.3012006512006512,1.7663521732655694,Train
DTXSID1045530,0.7741935483870968,0.6889974505256102,4.503332099679081,Train
DTXSID2047565,0.6363636363636364,0.438011167576385,2.2891046284519194,Train
DTXSID6047604,0.375,0.3002871456500489,1.9390719429665317,Train
DTXSID8044880,0.3125,0.195,1.2328828005937953,Train
DTXSID8046828,0.8148148148148148,0.7684677324383207,3.8366652186501757,Train
DTXSID8041246,0.5,0.3833333333333333,1.3564659966250536,Train
DTXSID6045907,0.38666666666666666,0.3359743687349321,3.8157568056677826,Train
DTXSID0043765,0.6929824561403509,0.5914855071209185,5.878775382679628,Train
DTXSID2021656,0.44,0.3804901185770751,1.7204650534085255,Train
DTXSID9032406,0.64,0.613897435897436,3.3346664001066135,Train
DTXSID2041418,0.5,0.42985645933014355,2.1633307652783937,Train
DTXSID0027432,0.6190476190476191,0.567031746031746,2.315167380558045,Train
DTXSID1044564,0.5263157894736842,0.4957894736842105,2.4413111231467406,Train
DTXSID7041962,0.5454545454545454,0.524497071555895,2.3579652245103193,Train
DTXSID9021716,0.5,0.43121422482036287,2.1071307505705477,Train
DTXSID5020239,0.7254901960784313,0.6022570240576651,5.817215828899595,Train
DTXSID6023606,0.5416666666666666,0.5223182057281747,4.161730409336962,Train
DTXSID5021255,0.5476190476190477,0.5149742379203823,3.3704599092705436,Train
DTXSID5049312,0.631578947368421,0.5702786377708978,2.349468024894146,Train
DTXSID3044966,0.6388888888888888,0.613603779732812,3.6331804249169903,Train
DTXSID6042280,0.6226415094339622,0.5441566410273267,3.6932370625238775,Train
DTXSID9026924,0.3333333333333333,0.06666666666666667,0.48989794855663565,Train
DTXSID0026175,0.7333333333333333,0.7023474564651035,2.814249455894058,Train
DTXSID0020238,0.6792452830188679,0.6247239379575098,4.560701700396552,Train
DTXSID5046772,0.6891891891891891,0.664699018415681,5.989991652748775,Train
DTXSID8029575,0.7142857142857143,0.5401635401635402,2.6076809620810595,Train
DTXSID4041575,0.6086956521739131,0.5264450127877238,1.9798989873223334,Train
DTXSID2057815,0.71875,0.519910661044382,4.664761515876241,Train
DTXSID9025299,0.4791666666666667,0.43108624609263996,3.3406586176980135,Train
DTXSID9023889,0.6119402985074627,0.5072857878929389,4.209513035969837,Train
DTXSID8041793,0.7083333333333334,0.6370915032679739,2.756809750418044,Train
DTXSID6045870,0.6296296296296297,0.5410024944908666,2.6229754097208002,Train
DTXSID1040112,0.047619047619047616,0.009523809523809523,0.2,Train
DTXSID1047780,0.6052631578947368,0.5492476249913321,2.90516780926679,Train
DTXSID5040675,0.6136363636363636,0.5764663141736313,5.610704055642215,Train
DTXSID2021284,0.5833333333333334,0.5139928698752227,2.0,Train
DTXSID5024051,0.7058823529411765,0.6358624609263995,2.5377155080899043,Train
DTXSID5027069,0.5625,0.5075887021475257,1.98997487421324,Train
DTXSID7022093,0.7058823529411765,0.6383255933952529,2.340939982143925,Train
DTXSID7021946,0.0,0.0,0.0,Train
DTXSID1026619,0.5714285714285714,0.4889724310776942,2.227105745132009,Train
DTXSID6047787,0.65,0.549693936997367,3.9749213828703582,Train
DTXSID9024986,0.48,0.4026666666666666,1.5748015748023623,Train
DTXSID1023239,0.6666666666666666,0.6083903661726242,3.2310988842807027,Train
DTXSID3024942,0.75,0.7305827505827506,2.727636339397171,Train
DTXSID2022256,0.6153846153846154,0.5858040883847335,3.1811947441173736,Train
DTXSID1023990,0.5,0.4142203742203742,2.734958866235469,Train
DTXSID7022411,0.4827586206896552,0.37931034482758624,2.244994432064365,Train
DTXSID3046457,0.7457627118644068,0.7368211296370196,4.8,Train
DTXSID2026101,0.47368421052631576,0.42870148856990964,1.8110770276274835,Train
DTXSID1046689,0.6904761904761905,0.6149380362795437,3.9293765408777004,Train
DTXSID8029733,0.6666666666666666,0.36717171717171715,1.9078784028338913,Train
DTXSID7051715,0.6,0.5428870527142444,2.6758176320519307,Train
DTXSID3057648,0.5316455696202531,0.4854728453394575,4.857983120596447,Train
DTXSID5024710,0.5714285714285714,0.5395488721804511,2.553429066960741,Train
DTXSID3057777,0.75,0.7130926216640503,4.059556626036889,Train
DTXSID6020149,0.4230769230769231,0.38707915273132665,1.7549928774784245,Train
DTXSID9020114,0.5625,0.5078703703703703,2.5922962793631443,Train
DTXSID7020978,0.48148148148148145,0.3836541558280689,2.244994432064365,Train
DTXSID5023748,0.7580645161290323,0.7385879925824377,5.411099703387474,Train
DTXSID1032355,0.7288135593220338,0.6820712189812554,4.3817804600413295,Train
DTXSID5025570,0.48,0.4484844720496894,2.4657656011875906,Train
DTXSID2020212,0.4166666666666667,0.36392753623188406,1.9595917942265426,Train
DTXSID8020175,0.65,0.6287677077999658,3.1559467676119,Train
DTXSID9057848,0.6363636363636364,0.5405326066169439,4.6389654018972815,Train
DTXSID3057800,0.5813953488372093,0.5307598944656579,3.6,Train
DTXSID5044029,0.7362637362637363,0.7133386851243995,5.7306195127577615,Train
DTXSID5035163,0.5161290322580645,0.447962648556876,2.1725560982400434,Train
DTXSID6047785,0.6615384615384615,0.651913792422267,4.422668877499197,Train
DTXSID4020539,0.625,0.566501976284585,2.7129319932501077,Train
DTXSID2022753,0.6153846153846154,0.5719160550199349,5.377731863899501,Train
DTXSID2045232,0.6481481481481481,0.49320618465355304,3.8366652186501757,Train
DTXSID7045368,0.5833333333333334,0.5382998382998383,3.6769552621700474,Train
DTXSID2025763,0.5161290322580645,0.4748087557603687,2.95296461204668,Train
DTXSID9022734,0.5769230769230769,0.45941607412195645,3.627671429443411,Train
DTXSID7047562,0.5142857142857142,0.4431936278404576,2.6229754097208002,Train
DTXSID0020363,0.7727272727272727,0.6080124553808763,2.4083189157584592,Train
DTXSID5023370,0.39705882352941174,0.35308278867102394,3.22490309931942,Train
DTXSID4020290,0.7272727272727273,0.6829077172827173,5.203844732503075,Train
DTXSID1024465,0.6071428571428571,0.5746612158376865,3.0133038346638727,Train
DTXSID0024761,0.5217391304347826,0.4599033816425121,2.0099751242241783,Train
DTXSID3041877,0.55,0.48647058823529415,2.6457513110645907,Train
DTXSID5046142,0.54,0.3770017410126106,2.3323807579381204,Train
DTXSID3029364,0.6,0.5596239434190099,3.3166247903554,Train
DTXSID2025006,0.5555555555555556,0.49914529914529915,1.949358868961793,Train
DTXSID1057791,0.7222222222222222,0.6973878640545308,5.692099788303083,Train
DTXSID8048818,0.6862745098039216,0.5074737141233305,3.411744421846396,Train
DTXSID1046398,0.54,0.36167613050539876,2.814249455894058,Train
DTXSID4024692,0.5862068965517241,0.5679698175387831,3.0528675044947495,Train
DTXSID4020379,0.48936170212765956,0.4060582814686159,2.6981475126464085,Train
DTXSID3020548,0.5555555555555556,0.5126811594202898,2.6,Train
DTXSID2027200,0.5833333333333334,0.5482456140350878,2.04939015319192,Train
DTXSID5029762,0.6444444444444445,0.5505594270228417,3.9344631145812006,Train
DTXSID2045492,0.631578947368421,0.5738204467930293,3.340658617698013,Train
DTXSID1044722,0.5142857142857142,0.4645704633204633,2.891366458960192,Train
DTXSID9029649,0.65,0.6163333333333333,2.4979991993593593,Train
DTXSID6031380,0.7368421052631579,0.7149337805297559,2.5534290669607413,Train
DTXSID2022676,0.6451612903225806,0.570250950384432,3.0331501776206204,Train
DTXSID2026525,0.4583333333333333,0.4345238095238095,2.3065125189341593,Train
DTXSID9040685,0.7708333333333334,0.7579005289097247,4.494441010848846,Train
DTXSID3044839,0.6666666666666666,0.5844372294372294,2.734958866235469,Train
DTXSID2029327,0.6857142857142857,0.49421802054154995,2.7495454169735045,Train
DTXSID5024057,0.8125,0.7818006993006993,2.04939015319192,Train
DTXSID1046768,0.7142857142857143,0.6698901098901098,4.608687448721165,Train
DTXSID0021387,0.5128205128205128,0.43286713286713285,2.449489742783178,Train
DTXSID5044940,0.675,0.6699999999999999,4.849742261192857,Train
DTXSID9026631,0.47619047619047616,0.41078677084869036,1.8220867158288598,Train
DTXSID0044947,0.6785714285714286,0.6597032747032747,3.3763886032268267,Train
DTXSID0047450,0.6857142857142857,0.6297354497354497,3.0919249667480617,Train
DTXSID0044654,0.631578947368421,0.5943272660060239,4.422668877499196,Train
DTXSID6021581,0.6363636363636364,0.5531457431457432,2.4494897427831783,Train
DTXSID2020189,0.7285714285714285,0.42157844318778775,4.09878030638384,Train
DTXSID7049425,0.6923076923076923,0.6178021978021977,1.876166303929372,Train
DTXSID8020620,0.5853658536585366,0.5311770943796394,3.2310988842807027,Train
DTXSID5021627,0.6551724137931034,0.5831508848750229,2.7129319932501077,Train
DTXSID1046976,0.6190476190476191,0.5482253507863264,2.898275349237888,Train
DTXSID3040776,0.5918367346938775,0.4923600209314495,3.3882148692194836,Train
DTXSID6040404,0.32,0.17138119312436806,1.7663521732655694,Train
DTXSID4047622,0.16666666666666666,0.07509803921568628,0.5291502622129182,Train
DTXSID4025402,0.23529411764705882,0.23529411764705882,2.0,Train
DTXSID2029290,0.6451612903225806,0.3870967741935484,2.227105745132009,Train
DTXSID7048790,0.7575757575757576,0.7514379314379316,5.5641710972974225,Train
DTXSID9047205,0.4782608695652174,0.34589155126043475,2.3065125189341593,Train
DTXSID1040372,0.6619718309859155,0.6353932513699813,4.935585071701226,Train
DTXSID0048638,0.6363636363636364,0.562738424034958,3.237282811247729,Train
DTXSID6027218,0.64,0.5141660079051383,2.06881608655772,Train
DTXSID2045151,0.6666666666666666,0.5666666666666667,2.615339366124404,Train
DTXSID7041540,0.5161290322580645,0.4222505317263382,2.3065125189341593,Train
DTXSID2044979,0.5833333333333334,0.5286172161172161,2.340939982143925,Train
DTXSID3021986,0.55,0.5290446127946128,2.0591260281974004,Train
DTXSID1021320,0.6976744186046512,0.5111096787500644,2.918903903865285,Train
DTXSID4048696,0.4897959183673469,0.41900099970715654,3.5042830935870466,Train
DTXSID9022528,0.3333333333333333,0.3012006512006512,1.886796226411321,Train
DTXSID7027388,0.0,0.0,0.0,Train
DTXSID6041973,0.5862068965517241,0.4449524106724918,2.5768197453450252,Train
DTXSID9046570,0.6792452830188679,0.5796925589610088,3.7841775856849007,Train
DTXSID7045815,0.6346153846153846,0.6166337972860945,4.634652090502587,Train
DTXSID7041883,0.5151515151515151,0.41143278628065644,2.6907248094147422,Train
DTXSID4040713,0.3611111111111111,0.2666666666666667,2.23606797749979,Train
DTXSID9046738,0.7362637362637363,0.7005255282351375,5.015974481593782,Train
DTXSID4023096,0.5671641791044776,0.5470194026707004,5.542562584220407,Train
DTXSID0047161,0.5135135135135135,0.4758174027686223,3.3105890714493698,Train
DTXSID3037545,0.5918367346938775,0.5312888739801329,3.847076812334269,Train
DTXSID0020733,0.7741935483870968,0.7489708096918724,4.054626986542659,Train
DTXSID2020424,0.42857142857142855,0.4209829386299974,3.0463092423455636,Train
DTXSID6048882,0.696969696969697,0.35744949494949496,2.0591260281974,Train
DTXSID7047776,0.6428571428571429,0.582777213303529,3.867815921162743,Train
DTXSID1026615,0.23809523809523808,0.18523809523809526,1.3711309200802089,Train
DTXSID0049361,0.76,0.5681739130434783,2.584569596664017,Train
DTXSID5047160,0.4897959183673469,0.37225724691890105,3.0000000000000004,Train
DTXSID5025603,0.6,0.5712143102855178,2.3579652245103193,Train
DTXSID8047680,0.7407407407407407,0.7347621138925486,3.746998799039039,Train
DTXSID7022415,0.5357142857142857,0.4677470934862239,2.489979919597747,Train
DTXSID8046321,0.8,0.764312062937063,4.368065933568311,Train
DTXSID2046543,0.6071428571428571,0.5662171018945212,3.026549190084311,Train
DTXSID6047579,0.5151515151515151,0.4321327091071251,2.6907248094147422,Train
DTXSID5049287,0.7142857142857143,0.6372284878863826,2.5690465157330262,Train
DTXSID8057724,0.6122448979591837,0.5490592512268486,3.5552777669262356,Train
DTXSID7049392,0.5,0.4769230769230769,2.8284271247461903,Train
DTXSID5020863,0.6052631578947368,0.4752312219340083,2.6457513110645907,Train
DTXSID8040222,0.7125,0.6575791275590395,5.079370039680118,Train
DTXSID8027747,0.6666666666666666,0.618095238095238,2.842534080710379,Train
DTXSID9046023,0.717948717948718,0.7039468864468865,4.044749683231337,Train
DTXSID6021901,0.36363636363636365,0.3436720142602495,2.383275057562597,Train
DTXSID2021026,0.55,0.4344227168712294,1.8439088914585775,Train
DTXSID9025249,0.5454545454545454,0.422685379136992,2.569046515733026,Train
DTXSID1045952,0.7872340425531915,0.7195896445199869,6.06630035524124,Train
DTXSID2048820,0.7297297297297297,0.686350779207922,4.009987531152684,Train
DTXSID9021685,0.7241379310344828,0.6770498084291188,3.3823069050575527,Train
DTXSID4046313,0.7721518987341772,0.6277423384625231,5.411099703387474,Train
DTXSID7044473,0.45454545454545453,0.4238742706568793,2.039607805437114,Train
DTXSID4045973,0.5833333333333334,0.5090277777777779,3.039736830714133,Train
DTXSID1032484,0.575,0.503235294117647,3.1811947441173736,Train
DTXSID5026461,0.7142857142857143,0.6694765760555235,2.244994432064365,Train
DTXSID2028016,0.4444444444444444,0.4401709401709402,2.5377155080899043,Train
DTXSID3023340,0.7368421052631579,0.6445250144592249,5.440588203494177,Train
DTXSID3042477,0.625,0.5147557800047344,3.1496031496047245,Train
DTXSID8026981,0.5,0.4512315270935961,2.7568097504180447,Train
DTXSID1022425,0.44,0.36712280701754385,1.6248076809271923,Train
DTXSID8049410,0.7058823529411765,0.6149859943977591,1.9798989873223334,Train
DTXSID9045710,0.6808510638297872,0.6193623501241303,4.044749683231338,Train
DTXSID8048812,0.6,0.5065679824561403,4.551922670696417,Train
DTXSID9023411,0.6,0.5066466866466868,3.1937438845342627,Train
DTXSID7042514,0.5,0.3614035087719298,1.661324772583615,Train
DTXSID3044962,0.5714285714285714,0.477871635610766,2.1908902300206647,Train
DTXSID8047187,0.5,0.4454954954954955,3.0854497241083023,Train
DTXSID6024676,0.2608695652173913,0.18017391304347824,1.854723699099141,Train
DTXSID8049046,0.7142857142857143,0.6397537166917551,4.5166359162544865,Train
DTXSID8044967,0.7916666666666666,0.6550653594771242,2.630589287593181,Train
DTXSID2026789,0.6551724137931034,0.5975896667051088,2.842534080710379,Train
DTXSID9044582,0.6666666666666666,0.5445061253157204,2.95296461204668,Train
DTXSID5021889,0.5833333333333334,0.5354397094806302,2.4000000000000004,Train
DTXSID4049406,0.4642857142857143,0.43965517241379304,2.9933259094191533,Train
DTXSID2041256,0.38461538461538464,0.24551282051282053,0.8,Train
DTXSID6057827,0.6,0.5765192354814996,4.418144406874904,Train
DTXSID0020105,0.7659574468085106,0.40875435967111623,2.6758176320519302,Train
DTXSID1023605,0.7580645161290323,0.6859605890829263,4.2708313008125245,Train
DTXSID5045176,0.5714285714285714,0.487144930541157,3.6986484017813863,Train
DTXSID5021629,0.5,0.4187106227106227,2.3065125189341593,Train
DTXSID7046914,0.627906976744186,0.5809650490447271,5.912698199637793,Train
DTXSID2025422,0.5769230769230769,0.5371701969528055,2.7856776554368237,Train
DTXSID7049003,0.5686274509803921,0.4632861171224342,3.411744421846396,Train
DTXSID6044804,0.631578947368421,0.5794049225628173,2.3065125189341593,Train
DTXSID4026050,0.47058823529411764,0.358328173374613,1.4142135623730951,Train
DTXSID7044346,0.7984496124031008,0.7924016088148418,9.308061022576078,Train
DTXSID8020961,0.45454545454545453,0.4213438735177865,2.227105745132009,Train
DTXSID0044949,0.7619047619047619,0.651247947454844,3.0659419433511785,Train
DTXSID4029353,0.75,0.7023027815777474,4.363484845854286,Train
DTXSID1026033,0.48717948717948717,0.4772732414644179,2.8495613697550017,Train
DTXSID3057771,0.6222222222222222,0.5286553845597566,3.88329756778952,Train
DTXSID6049430,0.6590909090909091,0.6283579473902055,3.725587202039432,Train
DTXSID6048836,0.7368421052631579,0.6291184357438228,4.565084884205331,Train
DTXSID6026535,0.5384615384615384,0.5205477437735502,2.764054992217051,Train
DTXSID5042247,0.6944444444444444,0.6191615312791784,3.924283374069717,Train
DTXSID7037715,0.5555555555555556,0.5234204110066178,3.22490309931942,Train
DTXSID3021483,0.5263157894736842,0.49624060150375937,2.433105012119288,Train
DTXSID9048809,0.5238095238095238,0.49777777777777776,4.17612260356422,Train
DTXSID7027756,0.5,0.46496551724137924,2.553429066960741,Train
DTXSID4047547,0.631578947368421,0.5293460925039872,3.2924155266308657,Train
DTXSID0046690,0.7547169811320755,0.6170629688055467,3.9446165846632044,Train
DTXSID1049275,0.5185185185185185,0.473015873015873,3.1304951684997055,Train
DTXSID6046507,0.6363636363636364,0.5933951762523191,4.5166359162544865,Train
DTXSID2027098,0.5882352941176471,0.5426470588235295,2.5298221281347035,Train
DTXSID0047080,0.5384615384615384,0.5079429677873614,2.181742422927143,Train
DTXSID7057656,0.6727272727272727,0.6488377369756682,4.48998886412873,Train
DTXSID5026623,0.5909090909090909,0.49607401243556853,1.876166303929372,Train
DTXSID3048786,0.7435897435897436,0.6138945071675995,5.141984052872976,Train
DTXSID7025558,0.62,0.5640554181098467,3.898717737923586,Train
DTXSID4023385,0.6842105263157895,0.5427407067486139,4.681879964287851,Train
DTXSID0034223,0.72,0.7053907709373768,4.833218389437829,Train
DTXSID4041529,0.5,0.4403940886699508,2.433105012119288,Train
DTXSID2047193,0.6206896551724138,0.5359694328659845,3.1432467291003423,Train
DTXSID1047281,0.7105263157894737,0.6773382531987906,5.502726596879042,Train
DTXSID3032628,0.6875,0.6212129478086925,4.303486958270003,Train
DTXSID1047528,0.4,0.3398311444652908,3.2741411087489802,Train
DTXSID5045382,0.5066666666666667,0.42058215962441314,4.507771067833858,Train
DTXSID1026796,0.5833333333333334,0.4950885668276973,2.4494897427831783,Train
DTXSID5025318,0.6111111111111112,0.5725672877846791,2.4166091947189146,Train
DTXSID0045416,0.7692307692307693,0.7281404959732486,4.445222154178573,Train
DTXSID2023353,0.5769230769230769,0.48153051404258596,4.093897898091744,Train
DTXSID9040683,0.59375,0.4057929292249529,3.3941125496954285,Train
DTXSID4027991,0.0,0.0,0.0,Train
DTXSID8047474,0.7142857142857143,0.5377289377289378,1.8220867158288598,Train
DTXSID6025143,0.52,0.43794314663664513,2.029778313018444,Train
DTXSID6045741,0.7,0.6754912054912054,3.7629775444453557,Train
DTXSID7027596,0.6111111111111112,0.5863768115942029,2.4331050121192876,Train
DTXSID8049381,0.8055555555555556,0.793525578364288,4.294182110716778,Train
DTXSID7026867,0.0,0.0,0.0,Train
DTXSID8026141,0.5714285714285714,0.523003663003663,1.8330302779823362,Train
DTXSID9026841,0.0,0.0,0.0,Train
DTXSID3047849,0.6,0.5364837423438977,4.1182520563948,Train
DTXSID1046639,0.6086956521739131,0.5210203143671294,3.9698866482558417,Train
DTXSID1049302,0.38461538461538464,0.23076923076923078,1.3416407864998738,Train
DTXSID9044617,0.5681818181818182,0.5586363636363637,3.4,Train
DTXSID1025776,0.5517241379310345,0.4610779654161189,2.7422618401604177,Train
DTXSID8024101,0.5909090909090909,0.5384495584604934,4.582575694955841,Train
DTXSID9049326,0.5789473684210527,0.5247974101921471,2.12602916254693,Train
DTXSID0048842,0.6666666666666666,0.5609510525636059,5.635601121442149,Train
DTXSID5045700,0.6764705882352942,0.6569789002557546,3.4409301068170506,Train
DTXSID6042521,0.5405405405405406,0.5183256683256683,3.2,Train
DTXSID1026081,0.5384615384615384,0.493874635883051,2.0688160865577205,Train
DTXSID3032624,0.7045454545454546,0.521426861861263,3.736308338453881,Train
DTXSID9057717,0.525,0.4034921798631476,2.154065922853802,Train
DTXSID5026207,0.5652173913043478,0.4532815734989648,2.0199009876724157,Train
DTXSID9021683,0.0,0.0,0.0,Train
DTXSID7025342,0.7647058823529411,0.6609714795008912,2.2715633383201093,Train
DTXSID2020470,0.48484848484848486,0.45336740267954695,2.9933259094191533,Train
DTXSID4034287,0.22580645161290322,0.11984980372077145,1.2000000000000002,Train
DTXSID9044613,0.8125,0.7693310584832325,3.2310988842807027,Train
DTXSID0047533,0.3142857142857143,0.3142857142857143,3.3166247903554,Train
DTXSID1020140,0.4782608695652174,0.4481166684828012,2.227105745132009,Train
DTXSID3022162,0.625,0.558037037037037,2.449489742783178,Train
DTXSID5022647,0.5833333333333334,0.5062164943149663,4.219004621945797,Train
DTXSID2020505,0.5555555555555556,0.4606737053795877,1.8110770276274835,Train
DTXSID6045618,0.7222222222222222,0.6238555713905682,3.4871191548325386,Train
DTXSID8020755,0.48148148148148145,0.4430549169859515,2.1908902300206647,Train
DTXSID6025272,0.4117647058823529,0.3439908722109533,1.8973665961010275,Train
DTXSID4022523,0.25806451612903225,0.05850945494994438,0.66332495807108,Train
DTXSID1047819,0.7466666666666667,0.7044268258266879,5.223025942880239,Train
DTXSID0042084,0.5957446808510638,0.549715829594249,3.8418745424597094,Train
DTXSID2025892,0.5666666666666667,0.535042270531401,2.5922962793631443,Train
DTXSID4045002,0.6363636363636364,0.5602184637068358,3.7947331922020555,Train
DTXSID9029146,0.6086956521739131,0.5782104223008113,2.280350850198276,Train
DTXSID0046145,0.6222222222222222,0.5823066579103731,3.5440090293338704,Train
DTXSID5025237,0.6521739130434783,0.5823488815816182,2.5377155080899043,Train
DTXSID8026694,0.34375,0.32201612903225807,2.592296279363144,Train
DTXSID3020627,0.5882352941176471,0.49933354727597534,3.1749015732775088,Train
DTXSID2046541,0.7291666666666666,0.5840568603408162,3.358571124749333,Train
DTXSID6024624,0.4594594594594595,0.372852531676061,2.705549851693737,Train
DTXSID5023796,0.53125,0.4375,2.734958866235469,Train
DTXSID5041772,0.7142857142857143,0.6270048840866822,5.0,Train
DTXSID3034957,0.6086956521739131,0.48602484472049684,2.209072203437452,Train
DTXSID5023376,0.7777777777777778,0.6464491354631001,4.656178690729126,Train
DTXSID7027041,0.625,0.5351116427432216,2.349468024894146,Train
DTXSID8020597,0.5555555555555556,0.5333333333333334,1.50996688705415,Train
DTXSID5032577,0.6617647058823529,0.5787088733798604,4.927473997901968,Train
DTXSID2024242,0.6451612903225806,0.5634985414063617,3.9749213828703582,Train
DTXSID7046966,0.7111111111111111,0.6790382009589326,3.1937438845342623,Train
DTXSID8024234,0.6862745098039216,0.6471238271473139,4.476605857119878,Train
DTXSID0047822,0.7021276595744681,0.6601665197934421,3.611094017053558,Train
DTXSID1024831,0.6071428571428571,0.5057362637362638,2.4979991993593593,Train
DTXSID6045375,0.5476190476190477,0.466366406265834,4.294182110716777,Train
DTXSID0045888,0.7192982456140351,0.657485380116959,3.435112807463534,Train
DTXSID7047190,0.22580645161290322,0.11984980372077145,1.2000000000000002,Train
DTXSID6022058,0.55,0.4571306471306471,1.8330302779823362,Train
DTXSID1024126,0.625,0.5429166666666667,3.2557641192199416,Train
DTXSID8044622,0.5833333333333334,0.5238095238095238,3.0331501776206204,Train
DTXSID8044703,0.5909090909090909,0.5345108225108225,2.615339366124404,Train
DTXSID5045752,0.6181818181818182,0.5474343402738271,4.0743097574926725,Train
DTXSID3022663,0.6984126984126984,0.661218522496718,4.6000000000000005,Train
DTXSID7032553,0.5714285714285714,0.5251488823572572,4.3954521951671826,Train
DTXSID5048716,0.6285714285714286,0.5254139761167625,3.9749213828703582,Train
DTXSID8027585,0.4857142857142857,0.44599086481439415,3.2802438933713454,Train
DTXSID7044429,0.6071428571428571,0.46983208020050127,2.1166010488516727,Train
DTXSID1048596,0.6578947368421053,0.6426145648674532,4.431703961232068,Train
DTXSID0040464,0.7931034482758621,0.7847195374537154,8.017480901130979,Train
DTXSID1044728,0.6071428571428571,0.4920283624421556,2.154065922853802,Train
DTXSID2025058,0.6,0.5362787293222075,2.4,Train
DTXSID3046324,0.7692307692307693,0.6963119868843572,5.43323108288245,Train
DTXSID9021215,0.6451612903225806,0.5673839064161644,2.973213749463701,Train
DTXSID4026501,0.6451612903225806,0.3870967741935484,2.227105745132009,Train
DTXSID5057755,0.5957446808510638,0.5199658968759064,2.785677655436824,Train
DTXSID8045147,0.7297297297297297,0.7097111281321808,4.308131845707604,Train
DTXSID2022123,0.375,0.3361001317523057,2.2,Train
DTXSID8027113,0.65,0.6480645161290323,3.0659419433511785,Train
DTXSID8024498,0.5652173913043478,0.5011387163561076,2.0,Train
DTXSID4020533,0.6666666666666666,0.5674603174603174,1.5748015748023623,Train
DTXSID3027291,0.7333333333333333,0.655,2.04939015319192,Train
DTXSID1021952,0.5384615384615384,0.4226483194225129,1.886796226411321,Train
DTXSID3047348,0.717391304347826,0.6554526854219949,4.919349550499538,Train
DTXSID4038924,0.16129032258064516,0.16129032258064516,2.23606797749979,Train
DTXSID1032569,0.7755102040816326,0.7168192125334982,4.331281565541543,Train
DTXSID3021358,0.5476190476190477,0.4428571428571429,3.358571124749333,Train
DTXSID7042273,0.5483870967741935,0.5076572173346368,2.6229754097208002,Train
DTXSID1032640,0.6470588235294118,0.6161091648666972,4.1424630354415966,Train
DTXSID0040208,0.8165137614678899,0.7288356953001556,6.740919818541086,Train
DTXSID3024287,0.543859649122807,0.424941756620528,2.925747767665559,Train
DTXSID4035708,0.64,0.60209347154028,4.209513035969837,Train
DTXSID1021116,0.4444444444444444,0.36579012191915417,1.949358868961793,Train
DTXSID5057678,0.64,0.6174847303443796,4.963869458396343,Train
DTXSID8029652,0.6071428571428571,0.5579040959040958,2.6907248094147422,Train
DTXSID0025234,0.5319148936170213,0.4317503187837965,3.4409301068170506,Train
DTXSID1025649,0.42857142857142855,0.3922816314120662,2.009975124224178,Train
DTXSID5046019,0.559322033898305,0.5359883959979899,4.521061822182927,Train
DTXSID1041396,0.6470588235294118,0.5865546218487394,2.2181073012818837,Train
DTXSID2044840,0.6666666666666666,0.6504347826086956,2.877498913987632,Train
DTXSID5046697,0.6081081081081081,0.5528387929221192,4.907137658554119,Train
DTXSID4046076,0.7692307692307693,0.6603725388535515,5.1884487084291395,Train
DTXSID6048967,0.7088607594936709,0.6875409626403217,5.458937625582473,Train
DTXSID6021953,0.6363636363636364,0.5891857865279791,3.888444419044716,Train
DTXSID3021142,0.5675675675675675,0.48368900110835594,2.785677655436824,Train
DTXSID2021652,0.0,0.0,0.0,Train
DTXSID4047385,0.7261904761904762,0.6863627367943226,6.151422599691879,Train
DTXSID1047316,0.7307692307692307,0.7096504395307162,6.196773353931867,Train
DTXSID3022409,0.5,0.46047619047619043,1.8220867158288598,Train
DTXSID0023169,0.7142857142857143,0.6186809141327213,5.36283507111677,Train
DTXSID6027137,0.3333333333333333,0.30531400966183575,2.06881608655772,Train
DTXSID4021638,0.6666666666666666,0.5588157894736842,2.181742422927143,Train
DTXSID2025557,0.6333333333333333,0.5865151515151515,2.4979991993593593,Train
DTXSID1037224,0.7672413793103449,0.36475816818277496,4.127953488110059,Train
DTXSID6021294,0.7857142857142857,0.754088572881479,2.5768197453450252,Train
DTXSID6038798,0.5714285714285714,0.48538239538239536,1.8000000000000003,Train
DTXSID8033564,0.7608695652173914,0.6740686168367379,4.261455150532504,Train
DTXSID5020447,0.5641025641025641,0.5250333979745744,3.117691453623979,Train
DTXSID3022950,0.6415094339622641,0.5654899990297666,3.452535300326414,Train
DTXSID6057619,0.7553191489361702,0.483282360610416,5.039841267341661,Train
DTXSID0024921,0.7272727272727273,0.6658793820558527,2.513961017995307,Train
DTXSID9047093,0.6388888888888888,0.4841648745519714,3.32264954516723,Train
DTXSID4057764,0.6666666666666666,0.5044642178779112,3.9749213828703582,Train
DTXSID1040320,0.45,0.4143722729521839,3.2802438933713454,Train
DTXSID4046288,0.64,0.6273843483339282,3.2680269276736382,Train
DTXSID8045515,0.5686274509803921,0.5398870947366522,4.044749683231338,Train
DTXSID9023914,0.6976744186046512,0.6240808539163616,3.7416573867739418,Train
DTXSID8025886,0.5897435897435898,0.5582621581081144,3.698648401781386,Train
DTXSID2040735,0.75,0.7251918158567776,2.8000000000000003,Train
DTXSID7046093,0.7831325301204819,0.756151998368841,5.670978751503131,Train
DTXSID3045851,0.6451612903225806,0.610313046241856,3.352610922848042,Train
DTXSID1020015,0.5384615384615384,0.47294871794871784,2.6608269391300143,Train
DTXSID0022646,0.660377358490566,0.6323504289390147,4.039801975344831,Train
DTXSID6045161,0.7,0.6579017320607988,3.867815921162743,Train
DTXSID4047412,0.5,0.47192307692307695,3.1496031496047245,Train
DTXSID4025406,0.16666666666666666,0.06533333333333333,0.6324555320336759,Train
DTXSID6057667,0.6744186046511628,0.6510968728576702,3.2802438933713454,Train
DTXSID9022948,0.6785714285714286,0.6572904546433959,3.6,Train
DTXSID5048895,0.5581395348837209,0.4697108105402791,3.2619012860600183,Train
DTXSID7040788,0.5,0.4610837438423645,3.006659275674582,Train
DTXSID6021080,0.6716417910447762,0.4980518710947213,3.487119154832539,Train
DTXSID4027494,0.56,0.456008658008658,2.244994432064365,Train
DTXSID0032520,0.7457627118644068,0.7038625382593479,5.499090833947008,Train
DTXSID6020199,0.6428571428571429,0.5855372405372405,1.788854381999832,Train
DTXSID2047644,0.64,0.5868823529411765,2.6076809620810595,Train
DTXSID2027624,0.75,0.686015037593985,2.7422618401604177,Train
DTXSID8024810,0.6,0.5485353535353534,2.513961017995307,Train
DTXSID5020281,0.44,0.4257926421404682,2.1633307652783937,Train
DTXSID8041298,0.4,0.36882910193255014,2.986636904613616,Train
DTXSID9045631,0.7021276595744681,0.6543665393523513,3.5777087639996634,Train
DTXSID4038922,0.6470588235294118,0.5288794012228547,2.891366458960192,Train
DTXSID4045183,0.6538461538461539,0.6356456446779026,3.4351128074635335,Train
DTXSID9049037,0.6610169491525424,0.6308970835242022,4.565084884205332,Train
DTXSID0044735,0.5185185185185185,0.4262678062678063,2.04939015319192,Train
DTXSID7031903,0.5517241379310345,0.4563563218390804,2.2,Train
DTXSID3021437,0.78125,0.7203052995391704,3.298484500494129,Train
DTXSID3047891,0.5454545454545454,0.47623431107412795,2.244994432064365,Train
DTXSID6021032,0.6086956521739131,0.46978591406051357,2.1908902300206647,Train
DTXSID5022641,0.625,0.5848911411411412,3.594440151122286,Train
DTXSID2020686,0.8333333333333334,0.5,1.7435595774162695,Train
DTXSID1021089,0.5932203389830508,0.5172101055324593,3.746998799039039,Train
DTXSID1049015,0.42592592592592593,0.322592996161844,2.553429066960741,Train
DTXSID2021941,0.3125,0.2125,1.3711309200802089,Train
DTXSID7024586,0.6206896551724138,0.6042440318302387,3.566510900025402,Train
DTXSID0047614,0.45714285714285713,0.4123657659544756,3.304542328371661,Train
DTXSID6046472,0.5849056603773585,0.5500220677479863,3.893584466786357,Train
DTXSID3026562,0.55,0.4808971115327852,2.449489742783178,Train
DTXSID8020753,0.5609756097560976,0.48859745835355595,3.538361202590827,Train
DTXSID0041270,0.5483870967741935,0.5136751457663582,2.6758176320519307,Train
DTXSID8048943,0.6804123711340206,0.6611330617682043,5.772347875864725,Train
DTXSID7020261,0.7272727272727273,0.6702551834130782,2.0976176963403033,Train
DTXSID6044725,0.4074074074074074,0.3592785829307569,2.4819347291981715,Train
DTXSID1041920,0.5,0.46861471861471865,2.85657137141714,Train
DTXSID7031248,0.7391304347826086,0.7063909017713366,3.3941125496954285,Train
DTXSID5045590,0.6822429906542056,0.5563481389625418,5.321653878260029,Train
DTXSID1037696,0.6451612903225806,0.5879994395316975,3.3105890714493698,Train
DTXSID2033314,0.65,0.5919138369138369,3.7202150475476548,Train
DTXSID3045140,0.7377049180327869,0.7188772560676406,5.6107040556422145,Train
DTXSID4047381,0.7613636363636364,0.7273291824306635,6.16765757804371,Train
DTXSID2020210,0.56,0.4645072463768116,2.3916521486202797,Train
DTXSID7022128,0.3333333333333333,0.3142857142857142,2.340939982143925,Train
DTXSID6032431,0.5957446808510638,0.39731225835527406,2.8425340807103794,Train
DTXSID3026223,0.43478260869565216,0.309001976284585,1.4142135623730951,Train
DTXSID4026921,0.19047619047619047,0.0680952380952381,0.7211102550927979,Train
DTXSID0048181,0.5263157894736842,0.4941520467836257,2.2,Train
DTXSID5048186,0.5853658536585366,0.4648053059477963,3.5440090293338704,Train
DTXSID4031356,0.6046511627906976,0.4564950014933201,2.898275349237888,Train
DTXSID1047782,0.6444444444444445,0.5635540472599296,3.358571124749333,Train
DTXSID5024182,0.5333333333333333,0.41073906485671186,2.0591260281974,Train
DTXSID8024781,0.5609756097560976,0.47693655300922977,2.6381811916545836,Train
DTXSID1042285,0.6666666666666666,0.6590062111801241,3.815756805667783,Train
DTXSID8042260,0.6206896551724138,0.54266171333185,3.964845520319802,Train
DTXSID1041184,0.6451612903225806,0.5070967741935484,3.059411708155671,Train
DTXSID4020749,0.4411764705882353,0.3800229285262492,2.1354156504062622,Train
DTXSID6025565,0.5555555555555556,0.5211111111111111,2.4738633753705965,Train
DTXSID2027412,0.23809523809523808,0.17142857142857143,1.6492422502470645,Train
DTXSID5048184,0.6410256410256411,0.5109995918475074,4.8,Train
DTXSID5046510,0.6363636363636364,0.5995376845376845,3.9899874686520005,Train
DTXSID5047037,0.7647058823529411,0.7198964434258552,5.670978751503131,Train
DTXSID8044383,0.6,0.5222222222222223,1.7435595774162693,Train
DTXSID1032488,0.7936507936507936,0.7345513513462019,5.531726674375733,Train
DTXSID9057634,0.5918367346938775,0.5284342537183015,3.566510900025402,Train
DTXSID3047057,0.44,0.4203809523809524,1.7663521732655694,Train
DTXSID3025045,0.34782608695652173,0.3087191793713533,1.6852299546352718,Train
DTXSID0046147,0.7021276595744681,0.6820379215515994,3.9648455203198023,Train
DTXSID9045425,0.6101694915254238,0.5747053385669505,4.024922359499622,Train
DTXSID9021631,0.7142857142857143,0.6827812284334024,3.2434549480453714,Train
DTXSID0027721,0.5217391304347826,0.45907815323107676,2.227105745132009,Train
DTXSID0034518,0.5769230769230769,0.558411826268969,3.6441734316577197,Train
DTXSID6020569,0.5555555555555556,0.5451752822341056,2.3832750575625967,Train
DTXSID5029265,0.5853658536585366,0.502697779862414,3.2310988842807027,Train
DTXSID6044777,0.5384615384615384,0.5003777831364038,2.932575659723036,Train
DTXSID7029160,0.41935483870967744,0.24367488931056297,1.8439088914585775,Train
DTXSID2045490,0.5344827586206896,0.4944014250184849,4.237924020083418,Train
DTXSID0046567,0.4838709677419355,0.4259170506912442,2.0591260281974,Train
DTXSID8044676,0.23809523809523808,0.06761904761904762,0.7211102550927979,Train
DTXSID0026967,0.32142857142857145,0.23994708994708996,1.8220867158288598,Train
DTXSID0037576,0.475,0.36809211445034873,2.1908902300206647,Train
DTXSID0037730,0.59375,0.5482721027479092,3.1874754901018454,Train
DTXSID3026564,0.5,0.38688172043010755,2.349468024894146,Train
DTXSID9037038,0.5454545454545454,0.473715092097445,3.0594117081556713,Train
DTXSID7027544,0.6190476190476191,0.5195238095238095,2.1725560982400434,Train
DTXSID8047717,0.6060606060606061,0.5398902821316615,2.8425340807103794,Train
DTXSID9047124,0.0,0.0,0.0,Train
DTXSID7044899,0.6428571428571429,0.5968257105213627,2.90516780926679,Train
DTXSID0046804,0.7123287671232876,0.6416304999684362,4.503332099679081,Train
DTXSID9025453,0.4782608695652174,0.42525534851621805,1.9390719429665317,Train
DTXSID2040284,0.6296296296296297,0.6142549181118606,3.174901573277509,Train
DTXSID1044433,0.6363636363636364,0.5558152958152958,2.3323807579381204,Train
DTXSID6025775,0.5161290322580645,0.46047709406343185,2.3323807579381204,Train
DTXSID9044875,0.55,0.3930882352941177,1.9183326093250879,Train
DTXSID6047523,0.5,0.4453333333333333,2.0,Train
DTXSID9020796,0.4177215189873418,0.3570532907255729,3.768288736283355,Train
DTXSID8057772,0.6862745098039216,0.5899533146591971,3.7947331922020555,Train
DTXSID1023102,0.631578947368421,0.539589492514829,3.2741411087489802,Train
DTXSID3037709,0.6538461538461539,0.5422998291064258,2.6907248094147422,Train
DTXSID9047706,0.7352941176470589,0.7162882696938425,4.18568990729127,Train
DTXSID8026933,0.3157894736842105,0.3157894736842105,2.449489742783178,Train
DTXSID8057853,0.5522388059701493,0.4449106403627914,3.611094017053558,Train
DTXSID5022439,0.6060606060606061,0.5854879679144385,3.3286633954186478,Train
DTXSID6024886,0.7142857142857143,0.6761904761904762,1.61245154965971,Train
DTXSID0057623,0.5769230769230769,0.537077737077737,2.90516780926679,Train
DTXSID7044394,0.6666666666666666,0.5643589743589743,2.2715633383201093,Train
DTXSID6034764,0.6438356164383562,0.6043320235597555,5.106858133921482,Train
DTXSID3041451,0.6818181818181818,0.6434875066454013,2.898275349237888,Train
DTXSID4044535,0.4827586206896552,0.4776150386345289,2.4413111231467406,Train
DTXSID1041423,0.6666666666666666,0.5296190707734936,2.891366458960192,Train
DTXSID2020688,0.7647058823529411,0.7549411764705882,2.821347195933177,Train
DTXSID0024923,0.7222222222222222,0.6847206156416683,2.4166091947189146,Train
DTXSID5023322,0.7088607594936709,0.6767038868304691,6.059702963017247,Train
DTXSID7020213,0.6944444444444444,0.6537883925500024,3.984971769034255,Train
DTXSID7026029,0.7222222222222222,0.6942279942279943,3.752332607858744,Train
DTXSID5047085,0.6774193548387096,0.5537402812241521,2.8425340807103794,Train
DTXSID9022736,0.6756756756756757,0.6649596965386438,4.054626986542659,Train
DTXSID9020582,0.6666666666666666,0.5963498452860155,3.627671429443411,Train
DTXSID2057732,0.4411764705882353,0.41293959519291584,2.9461839725312475,Train
DTXSID5025732,0.3225806451612903,0.3133179723502304,2.144761058952722,Train
DTXSID1048176,0.7674418604651163,0.7201508683396451,6.57571288910944,Train
DTXSID6048597,0.5211267605633803,0.4856870635764321,4.935585071701226,Train
DTXSID2041252,0.5185185185185185,0.4889417989417989,2.6758176320519307,Train
DTXSID9022310,0.6097560975609756,0.4516995032650556,2.814249455894058,Train
DTXSID8044626,0.6666666666666666,0.5646201121091375,4.458699361921591,Train
DTXSID0045705,0.7454545454545455,0.7352876129044253,5.207686626516615,Train
DTXSID1046392,0.6792452830188679,0.6543375856186183,3.9749213828703582,Train
DTXSID3045930,0.6268656716417911,0.5856545196097435,4.47213595499958,Train
DTXSID2027832,0.36363636363636365,0.33872067448680354,2.638181191654584,Train
DTXSID3025758,0.5555555555555556,0.5233333333333332,2.5059928172283334,Train
DTXSID4024729,0.4222222222222222,0.3663330984261217,2.5455844122715714,Train
DTXSID1022394,0.5918367346938775,0.4570288985159281,3.440930106817051,Train
DTXSID8041957,0.7058823529411765,0.6104713423831072,2.227105745132009,Train
DTXSID6049278,0.43333333333333335,0.38611847922192755,2.4248711305964283,Train
DTXSID7049211,0.5641025641025641,0.5404990842490841,3.5665109000254014,Train
DTXSID6025696,0.5238095238095238,0.4265481886534518,1.7888543819998317,Train
DTXSID4025741,0.5172413793103449,0.42223645320197045,2.7202941017470885,Train
DTXSID3037541,0.6571428571428571,0.6015305638384386,3.4,Train
DTXSID6042157,0.5789473684210527,0.47619085592769805,3.3406586176980135,Train
DTXSID8049339,0.0,0.0,0.0,Train
DTXSID3046405,0.5555555555555556,0.49126071884692574,2.7129319932501077,Train
DTXSID5023794,0.6451612903225806,0.5837941628264208,4.349712634186309,Train
DTXSID8029157,0.5714285714285714,0.4101680672268907,2.4494897427831783,Train
DTXSID4045139,0.5483870967741935,0.42460352772922294,2.2715633383201093,Train
DTXSID4020616,0.7333333333333333,0.7086021505376344,3.538361202590827,Train
DTXSID1045742,0.75,0.7414423076923077,6.235382907247958,Train
DTXSID4049294,0.5,0.4694848484848485,2.3151673805580453,Train
DTXSID0020494,0.7083333333333334,0.6063888888888889,2.253885533916929,Train
DTXSID4027153,0.5882352941176471,0.5325818316530391,2.0199009876724157,Train
DTXSID2034833,0.59375,0.42649709161805943,2.6,Train
DTXSID3044754,0.35714285714285715,0.2857142857142857,2.5298221281347035,Train
DTXSID0045703,0.6875,0.6437643062643063,3.627671429443411,Train
DTXSID5045209,0.7101449275362319,0.6261518712613198,4.967896939349688,Train
DTXSID8042266,0.4782608695652174,0.3785294273785322,1.50996688705415,Train
DTXSID3027615,0.6153846153846154,0.5466905967595623,2.6229754097208002,Train
DTXSID7045867,0.45161290322580644,0.35661722903829035,2.9461839725312475,Train
DTXSID7046047,0.5714285714285714,0.44634071810542403,2.863564212655271,Train
DTXSID1022683,0.6078431372549019,0.5713247781649794,4.358898943540674,Train
DTXSID1020308,0.5652173913043478,0.5116066966516741,2.6076809620810595,Train
DTXSID5045916,0.5967741935483871,0.5832332017259715,4.975942121849891,Train
DTXSID4023626,0.6904761904761905,0.6590153055594963,4.368065933568311,Train
DTXSID3024441,0.4722222222222222,0.41944444444444445,2.4494897427831783,Train
DTXSID5041148,0.723404255319149,0.6666039279869067,3.97994974842648,Train
DTXSID6020224,0.2777777777777778,0.22418300653594772,1.8330302779823362,Train
DTXSID5047667,0.5357142857142857,0.5145502645502645,2.4738633753705965,Train
DTXSID8025830,0.8,0.7605128205128204,2.3151673805580453,Train
DTXSID1027502,0.7619047619047619,0.7107142857142856,3.588871688985272,Train
DTXSID4020117,0.56,0.5333878459185093,4.084115571332427,Train
DTXSID9021398,0.5833333333333334,0.5332298136645963,2.3916521486202797,Train
DTXSID4020791,0.6060606060606061,0.5163076139546728,3.104834939252005,Train
DTXSID7045948,0.5844155844155844,0.5623918802716271,5.280151512977635,Train
DTXSID3027370,0.7058823529411765,0.6338046757164404,2.04939015319192,Train
DTXSID1041346,0.3333333333333333,0.2980118387945954,2.5298221281347035,Train
DTXSID0047406,0.6,0.5427264239028945,3.622154055254967,Train
DTXSID1047150,0.5333333333333333,0.4637547892720306,2.778488797889961,Train
DTXSID7057810,0.625,0.5083408303720031,3.8262252939417984,Train
DTXSID9025796,0.0,0.0,0.0,Train
DTXSID9043938,0.42424242424242425,0.3628452007762353,2.489979919597747,Train
DTXSID8042399,0.7794117647058824,0.6171445773995268,4.214261501141095,Train
DTXSID6020068,0.4827586206896552,0.4509528785390854,2.705549851693737,Train
DTXSID5041190,0.6444444444444445,0.589770823455034,3.9899874686520005,Train
DTXSID3025332,0.575,0.4384846669329428,2.6758176320519307,Train
DTXSID1043881,0.5,0.40441041287723206,2.2891046284519194,Train
DTXSID4022812,0.7096774193548387,0.6616393361510692,4.753945729601885,Train
DTXSID4047098,0.6206896551724138,0.5931749680715198,2.932575659723036,Train
DTXSID7026655,0.4444444444444444,0.42079053843759723,2.5298221281347035,Train
DTXSID9046281,0.6891891891891891,0.6312602432219391,4.331281565541543,Train
DTXSID0050423,0.74,0.6872987074131143,5.2421369688324635,Train
DTXSID3027530,0.5172413793103449,0.44190981432360743,2.891366458960192,Train
DTXSID4041232,0.5789473684210527,0.4934972234507839,2.262741699796952,Train
DTXSID2027333,0.5,0.42155670416539986,2.32379000772445,Train
DTXSID8027826,0.725,0.6952812307505882,4.049691346263318,Train
DTXSID1044481,0.6521739130434783,0.6214520798996302,3.1368774282716245,Train
DTXSID5046693,0.6333333333333333,0.5355752439650745,3.9191835884530852,Train
DTXSID0034229,0.22580645161290322,0.12219832735961769,1.2000000000000002,Train
DTXSID3046459,0.72,0.684740600413876,5.0079936102195655,Train
DTXSID1023869,0.4,0.30121212121212115,1.6492422502470643,Train
DTXSID0022436,0.5945945945945946,0.545441907424666,3.4176014981270124,Train
DTXSID7043873,0.56,0.4974497354497355,2.5219040425836985,Train
DTXSID4021761,0.631578947368421,0.5584927628271282,1.876166303929372,Train
DTXSID6023999,0.7058823529411765,0.6636038210155858,3.117691453623979,Train
DTXSID8023971,0.5217391304347826,0.44462242562929066,2.227105745132009,Train
DTXSID9023170,0.41935483870967744,0.3645149071358749,1.969771560359221,Train
DTXSID8047476,0.782608695652174,0.7673441775615688,3.3645207682521443,Train
DTXSID8047686,0.7608695652173914,0.6764670528281771,3.82099463490856,Train
DTXSID2033736,0.7471264367816092,0.7278877345398607,6.452906321960671,Train
DTXSID1023572,0.4857142857142857,0.4261512203447687,2.6229754097208002,Train
DTXSID5020021,0.6666666666666666,0.5666666666666667,2.80713376952364,Train
DTXSID1023495,0.75,0.7397617420173812,3.893584466786357,Train
DTXSID5057701,0.7323943661971831,0.7083331583143723,5.106858133921482,Train
DTXSID9048693,0.5952380952380952,0.5555592103184488,3.026549190084311,Train
DTXSID5048920,0.6666666666666666,0.6380840537375492,4.4,Train
DTXSID7020267,0.5625,0.5508333333333333,3.4525353003264136,Train
DTXSID4046492,0.7027027027027027,0.6754522320828291,5.535341001239219,Train
DTXSID1042077,0.525,0.44561624649859943,2.9597297173897488,Train
DTXSID1047813,0.782608695652174,0.7355790379392864,3.1811947441173736,Train
DTXSID7020687,0.8333333333333334,0.5,1.7435595774162695,Train
DTXSID3020673,0.7397260273972602,0.4336647954964377,4.3817804600413295,Train
DTXSID2044424,0.59375,0.5264679487179487,2.4979991993593593,Train
DTXSID1023231,0.6813186813186813,0.48767574890862553,3.9089640571384128,Train
DTXSID8040436,0.6857142857142857,0.5908984582668794,5.223025942880239,Train
DTXSID1049067,0.7419354838709677,0.7077485686356655,5.578530272392541,Train
DTXSID1046506,0.7368421052631579,0.7273654519574196,4.512205669071391,Train
DTXSID4048195,0.4411764705882353,0.4019175869581549,2.23606797749979,Train
DTXSID0027561,0.45454545454545453,0.4321257689678742,2.6981475126464085,Train
DTXSID2049260,0.6206896551724138,0.5390871557228378,2.814249455894058,Train
DTXSID4044953,0.5555555555555556,0.4853217893217893,2.227105745132009,Train
DTXSID9020374,0.5925925925925926,0.5133425350816655,2.4576411454889016,Train
DTXSID4032459,0.5263157894736842,0.4328455754771544,2.4494897427831783,Train
DTXSID2026232,0.6666666666666666,0.6327956989247311,3.2802438933713454,Train
DTXSID7057735,0.6666666666666666,0.5851973684210526,3.1685959035509725,Train
DTXSID2057817,0.6935483870967742,0.625645601974264,4.449719092257398,Train
DTXSID1047312,0.7464788732394366,0.7155498811616404,4.83735464897913,Train
DTXSID5020445,0.3953488372093023,0.3603594782052555,2.932575659723036,Train
DTXSID0023244,0.6296296296296297,0.5128654970760234,2.986636904613616,Train
DTXSID9027368,0.5405405405405406,0.4993779493779494,3.6441734316577197,Train
DTXSID3021805,0.6557377049180327,0.6167090383098097,4.613025037868319,Train
DTXSID9024065,0.30434782608695654,0.30434782608695654,1.4832396974191329,Train
DTXSID2020139,0.5,0.44382608695652176,2.5219040425836985,Train
DTXSID6027181,0.5483870967741935,0.4760844905445186,1.9390719429665317,Train
DTXSID2026527,0.5925925925925926,0.5460212498163163,3.006659275674582,Train
DTXSID1047811,0.726027397260274,0.544003798779786,3.924283374069717,Train
DTXSID3020833,0.6666666666666666,0.5684848484848485,1.8439088914585775,Train
DTXSID1042360,0.6304347826086957,0.5905709125105272,4.237924020083418,Train
DTXSID2022048,0.5882352941176471,0.5278851540616247,2.842534080710379,Train
DTXSID0044785,0.6666666666666666,0.584007659007659,3.746998799039039,Train
DTXSID5045881,0.6274509803921569,0.5795008912655971,3.3882148692194836,Train
DTXSID1040792,0.7096774193548387,0.5377582434868308,2.8425340807103794,Train
DTXSID0045466,0.5068493150684932,0.4331387039071607,4.1952353926806065,Train
DTXSID5037571,0.47368421052631576,0.40891640866873064,2.8635642126552705,Train
DTXSID3047974,0.5294117647058824,0.41951871657754014,2.553429066960741,Train
DTXSID6046181,0.5882352941176471,0.5538696097394471,3.8626415831655936,Train
DTXSID2023143,0.7536231884057971,0.7039304408869625,5.513619500836089,Train
DTXSID8044414,0.5333333333333333,0.5214814814814814,2.7568097504180447,Train
DTXSID5027352,0.0,0.0,0.0,Train
DTXSID5048182,0.6,0.5821048449398522,3.1559467676119,Train
DTXSID8020468,0.7857142857142857,0.7752747252747252,2.433105012119288,Train
DTXSID7025506,0.35294117647058826,0.2981744421906694,2.32379000772445,Train
DTXSID1049273,0.46153846153846156,0.3802197802197802,1.61245154965971,Train
DTXSID3057806,0.6231884057971014,0.5454420304536731,4.161730409336962,Train
DTXSID0048210,0.4074074074074074,0.33171204801639587,1.7435595774162695,Train
DTXSID2045107,0.65,0.6451393188854488,2.6076809620810595,Train
DTXSID4040476,0.7111111111111111,0.6898036758563075,4.3817804600413295,Train
DTXSID2041759,0.4,0.3288888888888889,2.1166010488516727,Train
DTXSID5057836,0.44285714285714284,0.393172268907563,4.113392760240627,Train
DTXSID7042352,0.6666666666666666,0.619384651108789,4.853864439804639,Train
DTXSID9022100,0.38095238095238093,0.33073593073593066,2.297825058615212,Train
DTXSID6044226,0.68,0.6296722436722437,3.9293765408777004,Train
DTXSID1021405,0.6666666666666666,0.5445061253157204,2.9529646120466806,Train
DTXSID1021164,0.7058823529411765,0.557843137254902,1.7663521732655694,Train
DTXSID5026049,0.47058823529411764,0.358328173374613,1.4142135623730951,Train
DTXSID2045860,0.6363636363636364,0.6002067209804804,3.3823069050575527,Train
DTXSID1044772,0.5,0.4504649811101425,3.0,Train
DTXSID3022798,0.7301587301587301,0.7080662149917438,4.331281565541543,Train
DTXSID8046296,0.6111111111111112,0.574957264957265,4.171330722922842,Train
DTXSID1026241,0.5909090909090909,0.555157585843916,3.4985711369071804,Train
DTXSID6032354,0.6119402985074627,0.5774529947664278,4.498888751680798,Train
DTXSID7027259,0.5909090909090909,0.4891414141414141,2.28910462845192,Train
DTXSID7029110,0.6363636363636364,0.5708702142435276,2.925747767665559,Train
DTXSID4021002,0.5172413793103449,0.5007917293725054,2.6832815729997477,Train
DTXSID3020093,0.5,0.4376007954669282,1.7435595774162695,Train
DTXSID4048937,0.4444444444444444,0.34402882284655684,2.95296461204668,Train
DTXSID0023870,0.5882352941176471,0.5530438842203549,2.1071307505705477,Train
DTXSID1042570,0.6363636363636364,0.6030726437305385,4.049691346263318,Train
DTXSID3025671,0.5555555555555556,0.5355555555555555,1.969771560359221,Train
DTXSID4022448,0.5957446808510638,0.39731225835527406,2.8425340807103794,Train
DTXSID6047818,0.625,0.5008743961352657,3.464101615137755,Train
DTXSID8024999,0.44,0.36674276261373034,2.078460969082653,Train
DTXSID6041636,0.5769230769230769,0.5075441135925007,2.6381811916545836,Train
DTXSID2045783,0.6764705882352942,0.6515361783110262,3.2741411087489802,Train
DTXSID9035206,0.6666666666666666,0.6063492063492063,2.1908902300206647,Train
DTXSID2021575,0.5625,0.4982142857142858,1.886796226411321,Train
DTXSID7044976,0.6,0.537,3.0,Train
DTXSID5046988,0.56,0.4290289855072464,2.2,Train
DTXSID1046502,0.7547169811320755,0.7279412840168977,4.476605857119878,Train
DTXSID6020484,0.6857142857142857,0.6493944048782758,3.515679166249389,Train
DTXSID6020561,0.5625,0.41916666666666663,2.5768197453450252,Train
DTXSID7046386,0.6190476190476191,0.5548249995618417,3.989987468652001,Train
DTXSID4021268,0.46153846153846156,0.32348717948717953,1.4000000000000001,Train
DTXSID0027981,0.8085106382978723,0.7546054952018648,4.266145801540309,Train
DTXSID2049399,0.7142857142857143,0.6860805860805861,2.9664793948382653,Train
DTXSID3020708,0.52,0.4793703703703704,2.8425340807103794,Train
DTXSID7057737,0.6382978723404256,0.5858097576182683,3.4985711369071804,Train
DTXSID1057749,0.5606060606060606,0.5118398054744373,4.039801975344831,Train
DTXSID9040716,0.6538461538461539,0.5189679885332059,2.4576411454889016,Train
DTXSID9045346,0.7209302325581395,0.6995545705690851,4.4136152981427825,Train
DTXSID3021144,0.5416666666666666,0.49286348761103316,2.5298221281347035,Train
DTXSID7044390,0.7368421052631579,0.6212059560666372,2.5690465157330262,Train
DTXSID7044843,0.5319148936170213,0.4317503187837965,3.440930106817051,Train
DTXSID6020692,0.8571428571428571,0.7878787878787878,2.1166010488516727,Train
DTXSID3047556,0.5128205128205128,0.4593208593208593,2.668332812825267,Train
DTXSID5020152,0.5217391304347826,0.472793646520393,1.9183326093250879,Train
DTXSID5034270,0.6166666666666667,0.5754511278195489,4.6173585522460785,Train
DTXSID5023293,0.6792452830188679,0.6451187424462868,3.709447398198282,Train
DTXSID7048875,0.696969696969697,0.6638872238872239,4.113392760240627,Train
DTXSID3037094,0.575,0.3952173913043478,2.65329983228432,Train
DTXSID3021198,0.4,0.2927811213177066,2.0099751242241783,Train
DTXSID1040295,0.6129032258064516,0.5510745236551688,3.0463092423455636,Train
DTXSID8045359,0.6666666666666666,0.6538881845526636,4.525483399593904,Train
DTXSID2044559,0.5306122448979592,0.4550740429627903,3.6660605559646724,Train
DTXSID2045315,0.5714285714285714,0.4903385927294785,3.0,Train
DTXSID2021288,0.5609756097560976,0.5009295706856682,3.4351128074635335,Train
DTXSID3048607,0.7222222222222222,0.7048834941051398,5.817215828899595,Train
DTXSID4040682,0.3488372093023256,0.3323524758740705,2.764054992217051,Train
DTXSID3026566,0.631578947368421,0.4846315789473684,2.078460969082653,Train
DTXSID9022576,0.59375,0.5644638805240814,4.059556626036889,Train
DTXSID9025879,0.5357142857142857,0.442,2.3748684174075834,Train
DTXSID0024183,0.5555555555555556,0.509090909090909,2.078460969082653,Train
DTXSID6049220,0.7407407407407407,0.7351111111111109,3.5552777669262356,Train
DTXSID8020094,0.48,0.4401884057971014,2.3065125189341593,Train
DTXSID6027341,0.375,0.36666666666666664,2.0099751242241783,Train
DTXSID1046051,0.47368421052631576,0.29649122807017536,1.1135528725660044,Train
DTXSID1022764,0.6,0.544695233898803,4.707440918375928,Train
DTXSID8020919,0.6,0.5532664281928988,2.9664793948382653,Train
DTXSID9027310,0.75,0.5,1.5231546211727818,Train
DTXSID9040687,0.6428571428571429,0.5723870113481305,3.8574603043971822,Train
DTXSID6045957,0.6417910447761194,0.5708356989765735,5.122499389946279,Train
DTXSID5037028,0.3333333333333333,0.18666666666666668,1.0583005244258363,Train
DTXSID9025166,0.5,0.43007459207459214,2.615339366124404,Train
DTXSID5044732,0.6451612903225806,0.5418142129517342,2.5922962793631443,Train
DTXSID7021029,0.6956521739130435,0.6432971014492753,2.3065125189341593,Train
DTXSID7045863,0.64,0.5188722976370035,2.973213749463701,Train
DTXSID1026083,0.7857142857142857,0.7509890109890109,2.039607805437114,Train
DTXSID1026954,0.5666666666666667,0.502456486042693,2.6457513110645907,Train
DTXSID7020681,0.2857142857142857,0.05714285714285714,0.4,Train
DTXSID9041491,0.5454545454545454,0.5030332167832168,2.7928480087537886,Train
DTXSID0045410,0.4423076923076923,0.3964376680438061,3.388214869219483,Train
DTXSID6023602,0.38461538461538464,0.35860805860805856,1.6370705543744901,Train
DTXSID2044638,0.6388888888888888,0.4959745564892623,3.358571124749333,Train
DTXSID3025209,0.6779661016949152,0.5971272981210393,4.190465367951393,Train
DTXSID6024880,0.6875,0.6600108225108225,2.280350850198276,Train
DTXSID4036489,0.6031746031746031,0.5495142683667275,4.049691346263318,Train
DTXSID4024771,0.4583333333333333,0.4129776021080369,1.9595917942265426,Train
DTXSID0024890,0.5714285714285714,0.426625386996904,1.8654758106177631,Train
DTXSID8047266,0.7402597402597403,0.6757330801601161,4.749736834815167,Train
DTXSID8034871,0.6461538461538462,0.6067309306105311,5.291502622129181,Train
DTXSID6023313,0.5737704918032787,0.4963424215072513,4.064480286580316,Train
DTXSID6020193,0.6865671641791045,0.649947303581308,4.1521078984053394,Train
DTXSID1046188,0.6206896551724138,0.5779171020550331,3.3406586176980135,Train
DTXSID5027308,0.5172413793103449,0.44591973988192013,2.6981475126464085,Train
DTXSID8044252,0.5,0.4894736842105263,3.0066592756745814,Train
DTXSID4057760,0.6363636363636364,0.620301374399735,4.358898943540674,Train
DTXSID7025423,0.5217391304347826,0.4126811594202898,1.8,Train
DTXSID7025429,0.65,0.5474876847290641,2.6758176320519307,Train
DTXSID4041442,0.4583333333333333,0.4086274239500046,2.0591260281974004,Train
DTXSID4042090,0.47368421052631576,0.3347368421052631,1.9899748742132402,Train
DTXSID4047044,0.047619047619047616,0.009523809523809523,0.2,Train
DTXSID1023998,0.3148148148148148,0.1761505440750724,1.9390719429665317,Train
DTXSID5023611,0.37209302325581395,0.34206065252576884,2.4576411454889016,Train
DTXSID1042364,0.6486486486486487,0.5557126357126357,3.538361202590827,Train
DTXSID0025789,0.5555555555555556,0.4207885304659499,2.383275057562597,Train
DTXSID3045695,0.625,0.5840421206700277,3.4467375879228177,Train
DTXSID1046348,0.6206896551724138,0.6029599579295319,3.440930106817051,Train
DTXSID7020895,0.8333333333333334,0.7735507246376813,2.6683328128252666,Train
DTXSID7022540,0.6885245901639344,0.4706261303051571,3.370459909270543,Train
DTXSID0041519,0.625,0.5870751879699247,2.727636339397171,Train
DTXSID2020509,0.6551724137931034,0.6354321136645298,2.4576411454889016,Train
DTXSID3047001,0.5909090909090909,0.549391213484167,2.785677655436824,Train
DTXSID3024574,0.5714285714285714,0.511529855844777,3.2984845004941286,Train
DTXSID4047624,0.35294117647058826,0.29862506914991704,2.2360679774997902,Train
DTXSID7044427,0.6363636363636364,0.5934841495482227,2.489979919597747,Train
DTXSID5020443,0.37777777777777777,0.2463861618938193,1.8973665961010278,Train
DTXSID2032631,0.7142857142857143,0.6873669467787116,5.03189825016365,Train
DTXSID5040708,0.37037037037037035,0.26609574000878344,1.969771560359221,Train
DTXSID0034695,0.7272727272727273,0.7144839701361441,2.891366458960192,Train
DTXSID5048211,0.3448275862068966,0.2974555457314078,2.0,Train
DTXSID8021563,0.5,0.4242105263157894,1.8110770276274835,Train
DTXSID4026139,0.5238095238095238,0.4640504423113119,2.4657656011875906,Train
DTXSID7047356,0.7160493827160493,0.7061005390526005,6.437390775772433,Train
DTXSID3047637,0.4857142857142857,0.4373214285714285,2.814249455894058,Train
DTXSID0047327,0.7471264367816092,0.7198870163067005,6.758698099486321,Train
DTXSID7027334,0.5652173913043478,0.5506503158677072,3.243454948045371,Train
DTXSID8046454,0.723404255319149,0.6968871684965701,5.528109984434102,Train
DTXSID0049369,0.6363636363636364,0.36160856687172477,2.0297783130184444,Train
DTXSID9022655,0.5333333333333333,0.44384073291050036,3.5213633723318023,Train
DTXSID4025167,0.6341463414634146,0.6145393960028106,3.815756805667783,Train
DTXSID3038852,0.6666666666666666,0.6254378948082862,3.9089640571384128,Train
DTXSID9020667,0.5714285714285714,0.5582417582417583,2.1725560982400434,Train
DTXSID7042190,0.4,0.4,2.513961017995307,Train
DTXSID9047540,0.5428571428571428,0.5141269841269841,2.891366458960192,Train
DTXSID3034872,0.673469387755102,0.6443430003580379,3.6932370625238775,Train
DTXSID5021170,0.7076923076923077,0.49975720090474185,3.286335345030997,Train
DTXSID4048519,0.7647058823529411,0.7443036533633188,6.4031242374328485,Train
DTXSID9045897,0.7368421052631579,0.7054236991079097,2.12602916254693,Train
DTXSID3044201,0.6507936507936508,0.6201510162832753,4.6604720790924175,Train
DTXSID7044710,0.6428571428571429,0.5971102971102971,2.891366458960192,Train
DTXSID1020770,0.8,0.729642857142857,3.039736830714133,Train
DTXSID1024176,0.6875,0.6211726998491705,2.0976176963403033,Train
DTXSID4047129,0.48484848484848486,0.4476565101565102,3.2,Train
DTXSID3057854,0.6428571428571429,0.5595965181771633,3.0199337741083,Train
DTXSID2034881,0.7428571428571429,0.7010053091562527,4.368065933568311,Train
DTXSID1021744,0.7441860465116279,0.6800395256916996,4.404543109109048,Train
DTXSID4020402,0.5185185185185185,0.460573268921095,2.0591260281974,Train
DTXSID0027066,0.4666666666666667,0.4302791461412151,2.979932885150268,Train
DTXSID8022749,0.6125,0.4549544024590853,3.8262252939417984,Train
DTXSID3029154,0.5789473684210527,0.4196855775803144,1.6248076809271923,Train
DTXSID1046007,0.5384615384615384,0.46424733161575266,2.3409399821439254,Train
DTXSID4045391,0.5555555555555556,0.45418992557150445,2.383275057562597,Train
DTXSID1026457,0.6818181818181818,0.6165106951871657,2.5845695966640174,Train
DTXSID3047267,0.7931034482758621,0.7865803186786312,5.6,Train
DTXSID0025571,0.5333333333333333,0.47025210084033614,2.029778313018444,Train
DTXSID6048674,0.5714285714285714,0.4403846153846153,2.32379000772445,Train
DTXSID7023352,0.5844155844155844,0.46480166891931596,3.714835124201342,Train
DTXSID6041715,0.625,0.5855943595587665,5.173006862551025,Train
DTXSID7046910,0.7205882352941176,0.7021901417283332,5.542562584220407,Train
DTXSID2045656,0.6808510638297872,0.6437700257626848,4.237924020083418,Train
DTXSID6044933,0.7333333333333333,0.683899235934831,3.3105890714493698,Train
DTXSID3026148,0.7666666666666667,0.5843849206349206,3.2186953878862163,Train
DTXSID7031294,0.6190476190476191,0.5374746821805646,2.3664319132398464,Train
DTXSID3029572,0.75,0.7227678118982468,4.534313619501853,Train
DTXSID3045485,0.7027027027027027,0.6866311430380339,4.565084884205332,Train
DTXSID7029247,0.55,0.4306442577030813,1.6733200530681513,Train
DTXSID2024953,0.4117647058823529,0.2548606811145511,1.2489995996796799,Train
DTXSID6043915,0.46153846153846156,0.4424912796914523,4.242640687119285,Train
DTXSID1040114,0.5833333333333334,0.5382618690654672,2.433105012119288,Train
DTXSID4027490,0.56,0.4990562770562771,2.2715633383201097,Train
DTXSID9046287,0.48717948717948717,0.45781404869640163,2.727636339397171,Train
DTXSID0057835,0.5308641975308642,0.4379701096133021,4.308131845707604,Train
DTXSID9025403,0.2727272727272727,0.20689356620391103,1.5362291495737217,Train
DTXSID2023640,0.7021276595744681,0.6323467852647184,4.595650117230423,Train
DTXSID1044776,0.4642857142857143,0.44413919413919417,3.006659275674582,Train
DTXSID8026515,0.6818181818181818,0.6265734265734265,2.5455844122715714,Train
DTXSID3044203,0.696969696969697,0.6549525081980685,4.6,Train
DTXSID2044769,0.6206896551724138,0.5600508143611591,3.0199337741083,Train
DTXSID3046451,0.7142857142857143,0.6706362572736322,5.3065996645686395,Train
DTXSID7024902,0.8076923076923077,0.7983843396746624,3.9140771581561853,Train
DTXSID5025285,0.47368421052631576,0.34291866028708134,1.6733200530681511,Train
DTXSID8041400,0.6363636363636364,0.572799043062201,2.785677655436824,Train
DTXSID2026494,0.64,0.6168811387532616,2.5690465157330262,Train
DTXSID1035286,0.41379310344827586,0.27065416600455533,1.7663521732655696,Train
DTXSID6047028,0.5909090909090909,0.4859146867970397,3.538361202590827,Train
DTXSID1047609,0.2903225806451613,0.18187403993855605,1.6970562748477143,Train
DTXSID0044107,0.5882352941176471,0.4955883611252322,2.749545416973504,Train
DTXSID0023163,0.6833333333333333,0.5755275901618454,4.6475800154489,Train
DTXSID0020022,0.43636363636363634,0.3099286651829024,2.749545416973504,Train
DTXSID2024589,0.5217391304347826,0.5126956521739131,2.0976176963403033,Train
DTXSID8040270,0.6896551724137931,0.673153768737751,3.671511950137164,Train
DTXSID7023271,0.5416666666666666,0.4669308887050822,2.2891046284519194,Train
DTXSID3047429,0.29333333333333333,0.19975401069518717,2.7928480087537886,Train
DTXSID3032464,0.6727272727272727,0.604837780171357,4.280186911806539,Train
DTXSID9045003,0.6190476190476191,0.5623411847276045,4.481071300481616,Train
DTXSID2026781,0.5333333333333333,0.46013495276653166,1.8973665961010278,Train
DTXSID0027195,0.0,0.0,0.0,Train
DTXSID9045265,0.5116279069767442,0.4528413834227788,3.2619012860600183,Train
DTXSID1020069,0.6060606060606061,0.5797143734643735,3.0331501776206204,Train
DTXSID1023368,0.5476190476190477,0.4363527771663366,2.638181191654584,Train
DTXSID4035209,0.7714285714285715,0.7111141230685822,3.6166282640050254,Train
DTXSID4038926,0.37037037037037035,0.3408213268213268,1.9899748742132402,Train
DTXSID6021375,0.38235294117647056,0.3764705882352941,3.006659275674582,Train
DTXSID4024644,0.6470588235294118,0.5651260504201681,2.253885533916929,Train
DTXSID8022161,0.68,0.6218037135278516,3.2924155266308657,Train
DTXSID9021928,0.42857142857142855,0.35269036226930967,2.0976176963403033,Train
DTXSID2027048,0.4838709677419355,0.4441687344913151,2.6907248094147422,Train
DTXSID9025873,0.5161290322580645,0.4577639220092188,2.1908902300206647,Train
DTXSID7049346,0.6,0.5778042328042329,2.7928480087537886,Train
DTXSID7022049,0.5238095238095238,0.4936414565826331,1.8973665961010278,Train
DTXSID1025809,0.2608695652173913,0.12742474916387958,1.0392304845413265,Train
DTXSID3025041,0.5,0.4409786721706226,2.039607805437114,Train
DTXSID0042117,0.631578947368421,0.609978298136193,3.888444419044716,Train
DTXSID1029207,0.6818181818181818,0.5936969696969696,2.6076809620810595,Train
DTXSID0044860,0.6538461538461539,0.5801184976562551,2.6758176320519302,Train
DTXSID3044623,0.35714285714285715,0.2810323734236778,2.154065922853802,Train
DTXSID6022345,0.6451612903225806,0.5254214713180557,3.0199337741083,Train
DTXSID2020892,0.6938775510204082,0.5422643135131674,3.0594117081556713,Train
DTXSID0023618,0.7272727272727273,0.6274297537455432,4.004996878900157,Train
DTXSID9045506,0.6949152542372882,0.6186393344135156,3.709447398198282,Train
DTXSID4048690,0.7058823529411765,0.6988318953322677,5.885575587824865,Train
DTXSID4045420,0.7441860465116279,0.6051074272081245,3.7629775444453557,Train
DTXSID3047928,0.5454545454545454,0.5179593487713621,3.627671429443411,Train
DTXSID4047252,0.7361111111111112,0.7160408533902511,5.7306195127577615,Train
DTXSID4021717,0.5925925925925926,0.5040551268377356,2.4657656011875906,Train
DTXSID8026563,0.4411764705882353,0.4404411764705882,3.3346664001066135,Train
DTXSID4020244,0.6,0.5242124542124542,1.7663521732655696,Train
DTXSID0049022,0.5625,0.4996171982719,3.9899874686520005,Train
DTXSID5044786,0.7049180327868853,0.6972034296193054,5.015974481593782,Train
DTXSID5044784,0.4666666666666667,0.4543386243386244,3.0724582991474434,Train
DTXSID8047185,0.3870967741935484,0.3806451612903226,3.013303834663873,Train
DTXSID8044200,0.5454545454545454,0.47668894830659536,2.0591260281974,Train
DTXSID8027589,0.47619047619047616,0.3834433682259769,1.9390719429665317,Train
DTXSID8045488,0.6944444444444444,0.6682385016595542,4.044749683231337,Train
DTXSID6021373,0.7,0.6632303732303733,3.7841775856849007,Train
DTXSID5020861,0.4583333333333333,0.3944729907773386,1.8973665961010278,Train
DTXSID1045118,0.6521739130434783,0.6263751620124898,3.9038442591886273,Train
DTXSID5048891,0.475,0.419315619559522,2.90516780926679,Train
DTXSID8057726,0.6388888888888888,0.6211843711843712,3.6386810797320503,Train
DTXSID9024770,0.4230769230769231,0.39710232296439196,1.854723699099141,Train
DTXSID2025185,0.6666666666666666,0.5361904761904761,2.4166091947189146,Train
DTXSID6047490,0.44680851063829785,0.36067459975634664,2.7712812921102037,Train
DTXSID9040710,0.7222222222222222,0.6202529496647144,2.209072203437452,Train
DTXSID5033595,0.7027027027027027,0.6132477477477477,3.9140771581561857,Train
DTXSID2044929,0.4666666666666667,0.45888888888888896,2.3664319132398464,Train
DTXSID9024641,0.6666666666666666,0.49627953745600806,1.886796226411321,Train
DTXSID1040326,0.6190476190476191,0.5618706613080015,2.4083189157584592,Train
DTXSID7045441,0.6842105263157895,0.6595660237423602,4.161730409336962,Train
DTXSID1023314,0.5,0.4784090909090909,3.4583232931581165,Train
DTXSID9026132,0.65,0.6000039484403661,3.9496835316263,Train
DTXSID1024338,0.625,0.5456575682382134,3.104834939252005,Train
DTXSID6046767,0.4146341463414634,0.33555545966782085,2.513961017995307,Train
DTXSID1046633,0.5362318840579711,0.4334116977184087,3.8418745424597094,Train
DTXSID2023723,0.6666666666666666,0.5697435897435896,2.1447610589527217,Train
DTXSID9046946,0.7115384615384616,0.6977256544878809,4.6604720790924175,Train
DTXSID5026544,0.6857142857142857,0.6159663865546218,3.1368774282716245,Train
DTXSID6026088,0.5238095238095238,0.45297619047619053,1.341640786499874,Train
DTXSID5026706,0.4827586206896552,0.425708171555248,2.1725560982400434,Train
DTXSID4046284,0.5789473684210527,0.5453752473876313,3.0854497241083023,Train
DTXSID5047451,0.6511627906976745,0.526441075444762,3.5552777669262356,Train
DTXSID5029263,0.6666666666666666,0.603982683982684,2.918903903865285,Train
DTXSID7057731,0.5,0.4378482404692082,2.6,Train
DTXSID9027603,0.7368421052631579,0.7038226694186447,3.006659275674582,Train
DTXSID5021338,0.723404255319149,0.514106688384404,3.2619012860600183,Train
DTXSID8057722,0.6206896551724138,0.533362669710441,3.3823069050575527,Train
DTXSID0047587,0.38095238095238093,0.2810890863522443,1.6248076809271923,Train
DTXSID3030636,0.7529411764705882,0.4153903013395214,3.6606010435446255,Train
DTXSID5049233,0.7272727272727273,0.6610427807486632,3.768288736283355,Train
DTXSID6025018,0.6,0.5788636363636364,2.2181073012818837,Train
DTXSID1041261,0.7058823529411765,0.6672294642934029,3.1874754901018454,Train
DTXSID3032547,0.7659574468085106,0.7609381578231371,4.317406628984581,Train
DTXSID1020697,0.5952380952380952,0.5830550716221448,3.521363372331802,Train
DTXSID7024035,0.4523809523809524,0.3329029793735676,2.253885533916929,Train
DTXSID4047969,0.4090909090909091,0.396936026936027,1.8220867158288598,Train
DTXSID6033825,0.5172413793103449,0.4214482758620689,1.9287301521985911,Train
DTXSID6024127,0.0,0.0,0.0,Train
DTXSID7021520,0.23809523809523808,0.17142857142857143,1.6492422502470645,Train
DTXSID7038818,0.5483870967741935,0.46832844574780064,2.6305892875931813,Train
DTXSID9025401,0.20833333333333334,0.17719298245614037,1.8000000000000003,Train
DTXSID0044737,0.6851851851851852,0.6448824143458091,4.1521078984053394,Train
DTXSID4022070,0.38095238095238093,0.2403361344537815,1.7088007490635062,Train
DTXSID0020529,0.41379310344827586,0.37188328912466845,2.107130750570548,Train
DTXSID9041659,0.52,0.492,2.9597297173897488,Train
DTXSID9026716,0.5,0.433625730994152,2.0688160865577205,Train
DTXSID3047188,0.5862068965517241,0.5480350301039956,2.6229754097208002,Train
DTXSID8032623,0.5121951219512195,0.4413992033791173,3.2,Train
DTXSID3021647,0.55,0.5095080839353285,2.244994432064365,Train
DTXSID5047039,0.7291666666666666,0.6112421383647798,4.156921938165306,Train
DTXSID5023453,0.6129032258064516,0.5452515937778911,2.749545416973504,Train
DTXSID3020120,0.5,0.4556891067193396,4.866210024238575,Train
DTXSID6044436,0.6857142857142857,0.6428440065681444,3.0066592756745814,Train
DTXSID0041983,0.4603174603174603,0.36685435277266343,3.778888725538237,Train
DTXSID1023283,0.7010309278350515,0.5266565248856502,4.6389654018972815,Train
DTXSID0038700,0.46875,0.38567528735632184,2.5298221281347035,Train
DTXSID8024993,0.7837837837837838,0.7184970164970165,2.9120439557122073,Train
DTXSID4034653,0.576271186440678,0.5130038084716689,3.8366652186501757,Train
DTXSID3027085,0.34615384615384615,0.24830769230769228,2.0,Train
DTXSID4020296,0.5555555555555556,0.4790058479532163,1.7663521732655696,Train
DTXSID6045084,0.6,0.5725,2.3065125189341593,Train
DTXSID1026792,0.5217391304347826,0.4396859753817622,1.8973665961010278,Train
DTXSID7047308,0.7076923076923077,0.6929423893724529,4.882622246293481,Train
DTXSID0020286,0.5185185185185185,0.45543492900014637,2.2715633383201093,Train
DTXSID9023201,0.6818181818181818,0.6593383020919966,4.190465367951393,Train
DTXSID3020964,0.45454545454545453,0.4168181818181818,1.8439088914585775,Train
DTXSID9025328,0.5319148936170213,0.46259051885031727,3.5777087639996634,Train
DTXSID6025569,0.4166666666666667,0.37599715099715103,1.8973665961010278,Train
DTXSID1042491,0.5172413793103449,0.35727042625172506,1.9287301521985913,Train
DTXSID5026702,0.4482758620689655,0.38775190326914466,1.6370705543744901,Train
DTXSID0021547,0.6,0.5266666666666666,1.7549928774784245,Train
DTXSID2057609,0.5777777777777777,0.44125046203321866,3.2619012860600183,Train
DTXSID1020354,0.7307692307692307,0.6920753164963692,2.898275349237888,Train
DTXSID8044759,0.7727272727272727,0.699815492385152,2.95296461204668,Train
DTXSID0047030,0.4666666666666667,0.3493040293040293,1.4000000000000001,Train
DTXSID3023427,0.7317073170731707,0.6738608432595953,3.898717737923586,Train
DTXSID8034956,0.6615384615384615,0.5872251168051533,4.6000000000000005,Train
DTXSID3032622,0.7419354838709677,0.7262030417428857,3.2496153618543846,Train
DTXSID9022364,0.6071428571428571,0.5743848308554191,3.725587202039432,Train
DTXSID7040990,0.6829268292682927,0.6526751094434021,3.725587202039432,Train
DTXSID9042382,0.6818181818181818,0.6085127591706538,2.4819347291981715,Train
DTXSID0034227,0.7446808510638298,0.7263629101395059,4.703190406521939,Train
DTXSID2027254,0.5217391304347826,0.4735785953177258,2.297825058615212,Train
DTXSID1041683,0.5526315789473685,0.40919542445858237,2.280350850198276,Train
DTXSID8041828,0.5625,0.47360177404295045,2.6608269391300143,Train
DTXSID2045153,0.7169811320754716,0.6865177565328697,4.626013402488151,Train
DTXSID8037754,0.7391304347826086,0.7093137221283674,3.1559467676119,Train
DTXSID9046073,0.4230769230769231,0.38545063807160584,1.7888543819998317,Train
DTXSID3035214,0.5806451612903226,0.5455258576548899,3.124099870362662,Train
DTXSID4042094,0.6521739130434783,0.46185968633141705,3.1368774282716245,Train
DTXSID9029223,0.6190476190476191,0.5821067821067821,2.553429066960741,Train
DTXSID4057683,0.6739130434782609,0.6590354822588705,4.529900661162451,Train
DTXSID0022563,0.44680851063829785,0.3767945829723051,3.2496153618543846,Train
DTXSID9046310,0.5967741935483871,0.5146141546162403,4.791659420284375,Train
DTXSID5044522,0.6153846153846154,0.5384733425142632,2.0976176963403033,Train
DTXSID0047959,0.5714285714285714,0.5016335403726708,2.4083189157584592,Train
DTXSID5021201,0.45454545454545453,0.35965909090909093,2.2978250586152114,Train
DTXSID1057618,0.5625,0.5379724731432918,3.4756294393965534,Train
DTXSID4030047,0.696969696969697,0.5346320346320347,2.349468024894146,Train
DTXSID1025300,0.5,0.4420479520479521,2.95296461204668,Train
DTXSID9047463,0.75,0.7017857142857143,3.5552777669262356,Train
DTXSID1030604,0.7111111111111111,0.6688455988455989,4.787483681434329,Train
DTXSID3037757,0.47619047619047616,0.4423319327731092,2.1260291625469296,Train
DTXSID0044993,0.631578947368421,0.5066120241314749,2.28910462845192,Train
DTXSID8020541,0.6428571428571429,0.6024373488210499,3.2434549480453714,Train
DTXSID3027297,0.0,0.0,0.0,Train
DTXSID2020349,0.52,0.4645801605801606,2.039607805437114,Train
DTXSID2025688,0.6666666666666666,0.6285714285714286,2.253885533916929,Train
DTXSID1048590,0.5824175824175825,0.4665395388924801,4.294182110716778,Train
DTXSID4036514,0.6346153846153846,0.5826523371806391,3.969886648255842,Train
DTXSID3020752,0.8235294117647058,0.7364450127877238,3.1811947441173736,Train
DTXSID1045663,0.6590909090909091,0.6376713564213564,3.8781438859330635,Train
DTXSID8032386,0.5581395348837209,0.4805919661733616,3.594440151122286,Train
DTXSID1025431,0.5,0.44615489874110564,2.12602916254693,Train
DTXSID7047306,0.7368421052631579,0.732065650120146,4.91121166312347,Train
DTXSID9024481,0.5405405405405406,0.43285393139051676,2.3664319132398464,Train
DTXSID3046584,0.5882352941176471,0.4914362326127032,2.6532998322843198,Train
DTXSID0024507,0.6111111111111112,0.5846705529058471,3.5496478698597698,Train
DTXSID6025307,0.40540540540540543,0.34803295273883517,2.2181073012818833,Train
DTXSID6044430,0.44,0.42687625418060204,2.3409399821439254,Train
DTXSID7023190,0.6724137931034483,0.5479171020550331,3.872983346207417,Train
DTXSID7035305,0.45,0.3249897470950102,1.8654758106177631,Train
DTXSID9044451,0.375,0.29214285714285715,1.949358868961793,Train
DTXSID4022020,0.7727272727272727,0.7510731003413931,4.161730409336962,Train
DTXSID3029150,0.6521739130434783,0.5568400113668656,2.32379000772445,Train
DTXSID1022681,0.6153846153846154,0.5962823492990375,4.054626986542659,Train
DTXSID2022096,0.6666666666666666,0.6066339869281046,1.9390719429665317,Train
DTXSID3020916,0.5217391304347826,0.4176811594202898,1.7204650534085255,Train
DTXSID4024274,0.6,0.5869269045984901,3.3105890714493698,Train
DTXSID9044879,0.6111111111111112,0.45499999999999996,2.1071307505705477,Train
DTXSID2024747,0.6721311475409836,0.5639643605500873,4.345112196480087,Train
DTXSID7025639,0.4666666666666667,0.43960626185958257,3.0133038346638727,Train
DTXSID0045701,0.569620253164557,0.4456571742434462,3.693237062523878,Train
DTXSID2023775,0.675,0.6344118043617486,3.4813790371058424,Train
DTXSID3048576,0.6101694915254238,0.5629351627656713,4.503332099679081,Train
DTXSID8026931,0.2608695652173913,0.12742474916387958,1.0392304845413265,Train
DTXSID4020371,0.5,0.43047619047619046,1.7204650534085255,Train
DTXSID7044841,0.6153846153846154,0.5778886940207195,3.8574603043971822,Train
DTXSID8045640,0.4897959183673469,0.39819333832197135,2.720294101747089,Train
DTXSID1041132,0.7058823529411765,0.6564294376165363,4.223742416388576,Train
DTXSID7022382,0.5416666666666666,0.5340397028376567,2.4819347291981715,Train
DTXSID1032482,0.6666666666666666,0.6483588512328008,4.498888751680798,Train
DTXSID5046277,0.723404255319149,0.6252266843862719,3.8781438859330635,Train
DTXSID3027586,0.4074074074074074,0.3925925925925926,2.8425340807103794,Train
DTXSID5042089,0.5416666666666666,0.5376811594202897,2.95296461204668,Train
DTXSID1045580,0.625,0.587379689276241,3.3645207682521443,Train
DTXSID5024926,0.5882352941176471,0.5470194202082748,3.5496478698597698,Train
DTXSID5023324,0.7222222222222222,0.6309186517938311,3.693237062523878,Train
DTXSID7020427,0.5416666666666666,0.49730576441102753,2.0297783130184444,Train
DTXSID7048825,0.6521739130434783,0.64061358209784,4.669047011971501,Train
DTXSID3020756,0.5806451612903226,0.47390708029698214,2.04939015319192,Train
DTXSID1027342,0.625,0.5881746031746032,2.3323807579381204,Train
DTXSID5032525,0.6551724137931034,0.6360176477417857,4.33589667773576,Train
DTXSID0025818,0.6595744680851063,0.6256540771658353,4.354308211415448,Train
DTXSID3029233,0.52,0.4412924648786718,2.6907248094147422,Train
DTXSID9023590,0.6142857142857143,0.4928624353672518,4.458699361921591,Train
DTXSID1045245,0.6666666666666666,0.6490989988876529,3.8781438859330635,Train
DTXSID0027143,0.5945945945945946,0.529757698875346,3.013303834663873,Train
DTXSID7045655,0.6285714285714286,0.5940726319853454,3.3763886032268267,Train
DTXSID7021607,0.058823529411764705,0.058823529411764705,1.0,Train
DTXSID2032550,0.7096774193548387,0.68834631071561,5.789645930452051,Train
DTXSID7047807,0.6486486486486487,0.6021367789452896,3.847076812334269,Train
DTXSID9021267,0.5833333333333334,0.5561895726032348,3.2557641192199416,Train
DTXSID6047606,0.4864864864864865,0.42447678447678444,2.6305892875931813,Train
DTXSID0020076,0.76,0.7284409811900773,3.117691453623979,Train
DTXSID6026080,0.29411764705882354,0.2798039215686275,0.9591663046625439,Train
DTXSID4020828,0.4782608695652174,0.44428053830227743,1.886796226411321,Train
DTXSID0048713,0.35714285714285715,0.303540151238361,3.594440151122286,Train
DTXSID6023733,0.42857142857142855,0.38291182501708815,1.6970562748477143,Train
DTXSID4047125,0.42857142857142855,0.41198156682027653,3.0199337741083,Train
DTXSID4021977,0.45,0.39985752424539606,1.7204650534085255,Train
DTXSID5038830,0.5789473684210527,0.4817681458548332,3.0659419433511785,Train
DTXSID9022522,0.41935483870967744,0.36288880649281097,1.8973665961010278,Train
DTXSID1034212,0.7708333333333334,0.7627429843783136,5.1536394906900505,Train
DTXSID0045208,0.703125,0.6626130301847515,5.0079936102195655,Train
DTXSID5022982,0.3968253968253968,0.34327514779127677,2.9189039038652846,Train
DTXSID3023261,0.6666666666666666,0.5503289369140314,2.6608269391300143,Train
DTXSID3033307,0.5185185185185185,0.24179894179894176,1.61245154965971,Train
DTXSID4023200,0.6176470588235294,0.5757831461546058,4.521061822182927,Train
DTXSID4049323,0.5833333333333334,0.511474358974359,1.6370705543744901,Train
DTXSID1037511,0.5428571428571428,0.49092901351522034,2.668332812825267,Train
DTXSID1046134,0.6545454545454545,0.5287608302766384,3.655133376499413,Train
DTXSID3038939,0.6538461538461539,0.5319550015202188,2.6,Train
DTXSID8040694,0.2903225806451613,0.2285078658827268,1.6613247725836149,Train
DTXSID0044787,0.5897435897435898,0.533272290744751,3.286335345030997,Train
DTXSID4023416,0.676056338028169,0.5861485075447108,4.762352359916263,Train
DTXSID5037579,0.5925925925925926,0.5369706481742085,3.0331501776206204,Train
DTXSID5045099,0.5490196078431373,0.46680179729293875,3.3346664001066135,Train
DTXSID8046030,0.7682926829268293,0.7178816828085122,6.16765757804371,Train
DTXSID9027364,0.4583333333333333,0.33275862068965517,1.9798989873223334,Train
DTXSID3041613,0.603448275862069,0.5082647047996081,3.709447398198282,Train
DTXSID8026513,0.7272727272727273,0.5159774867488752,2.4819347291981715,Train
DTXSID1027390,0.47619047619047616,0.44698108908635226,1.9287301521985911,Train
DTXSID7026811,0.625,0.6019327731092436,2.2181073012818837,Train
DTXSID5057705,0.725,0.7114997122747997,4.33589667773576,Train
DTXSID1042154,0.6216216216216216,0.6031941031941032,3.698648401781386,Train
DTXSID7044502,0.5806451612903226,0.4543554998323581,2.2891046284519194,Train
DTXSID8031865,0.0,0.0,0.0,Train
DTXSID6024204,0.8181818181818182,0.7607799186746556,4.242640687119285,Train
DTXSID1045584,0.6222222222222222,0.5616991614255765,4.127953488110059,Train
DTXSID1048170,0.7469879518072289,0.7372001824911094,5.751521537819362,Train
DTXSID5044526,0.4594594594594595,0.35922961084251404,2.1166010488516727,Train
DTXSID7048879,0.6216216216216216,0.5761870694223635,3.0724582991474434,Train
DTXSID1024598,0.3888888888888889,0.35686379928315415,2.1633307652783937,Train
DTXSID0027852,0.5,0.44333333333333336,1.5874507866387546,Train
DTXSID5048841,0.5,0.3353646353646354,2.0,Train
DTXSID6044648,0.6451612903225806,0.5492942594167812,3.085449724108303,Train
DTXSID6040668,0.7708333333333334,0.7521290975577903,4.132795663954365,Train
DTXSID7048871,0.6,0.42480519480519485,2.383275057562597,Train
DTXSID9031800,0.45454545454545453,0.39766021016021014,3.6606010435446255,Train
DTXSID8040274,0.5581395348837209,0.474857118216225,2.6457513110645907,Train
DTXSID0048680,0.45454545454545453,0.3831098631098631,2.280350850198276,Train
DTXSID4022446,0.4782608695652174,0.4177158310796754,1.9287301521985911,Train
DTXSID7029665,0.6206896551724138,0.5915753887762001,3.2924155266308657,Train
DTXSID7032559,0.38333333333333336,0.1959725585149314,2.4819347291981715,Train
DTXSID5037731,0.6363636363636364,0.5963599963599964,3.006659275674582,Train
DTXSID4047468,0.5555555555555556,0.44747474747474747,2.340939982143925,Train
DTXSID2049422,0.5576923076923077,0.4652955897316799,2.5298221281347035,Train
DTXSID7027099,0.27586206896551724,0.21790752351097176,1.6370705543744901,Train
DTXSID9026712,0.6666666666666666,0.5434523809523809,1.5748015748023623,Train
DTXSID1045748,0.5833333333333334,0.5023187338976812,3.026549190084311,Train
DTXSID2024454,0.5526315789473685,0.43685362832368274,2.6,Train
DTXSID5021708,0.48148148148148145,0.4195223456093021,1.949358868961793,Train
DTXSID4020242,0.7317073170731707,0.6202700348432055,3.794733192202055,Train
DTXSID7047271,0.7529411764705882,0.6891464169056223,5.768882040742383,Train
DTXSID7025972,0.6571428571428571,0.6231248188930745,3.7094473981982814,Train
DTXSID4057843,0.7096774193548387,0.6680325893798379,3.5042830935870466,Train
DTXSID0023616,0.4666666666666667,0.3420893891512156,2.65329983228432,Train
DTXSID0024266,0.64,0.5107497342563065,3.3823069050575527,Train
DTXSID5044996,0.696969696969697,0.6797059262576504,3.394112549695428,Train
DTXSID4032376,0.6724137931034483,0.5527519893899204,3.989987468652001,Train
DTXSID5032315,0.6857142857142857,0.666646403242148,4.298837052040936,Train
DTXSID4021472,0.6071428571428571,0.5901465201465201,3.3763886032268267,Train
DTXSID4031980,0.6521739130434783,0.6270086892512522,3.0397368307141326,Train
DTXSID2048167,0.7560975609756098,0.7436874609130706,4.363484845854286,Train
DTXSID4046020,0.7428571428571429,0.5473819017240069,2.9120439557122073,Train
DTXSID8045939,0.53125,0.41923590298590296,3.6441734316577197,Train
DTXSID9023205,0.7397260273972602,0.6956636894691225,5.1613951602255765,Train
DTXSID9025293,0.38461538461538464,0.3475897435897436,1.876166303929372,Train
DTXSID0024559,0.5945945945945946,0.5052162512162512,2.6758176320519302,Train
DTXSID7044974,0.5714285714285714,0.5158998038574698,2.32379000772445,Train
DTXSID0045171,0.7368421052631579,0.725812865497076,4.967896939349688,Train
DTXSID7047641,0.0,0.0,0.0,Train
DTXSID8026228,0.55,0.4377777777777778,1.61245154965971,Train
DTXSID7048873,0.75,0.576289226049828,3.2062439083762797,Train
DTXSID8034580,0.7674418604651163,0.7503226145619406,5.110772935672255,Train
DTXSID4020870,0.5483870967741935,0.45732591768631814,2.7712812921102037,Train
DTXSID4020088,0.7647058823529411,0.7504593621787612,4.845616575834287,Train
DTXSID9045500,0.723404255319149,0.5413794156571312,3.5440090293338704,Train
DTXSID6045874,0.6036036036036037,0.5899729874729426,6.20966987850401,Train
DTXSID3045514,0.7333333333333333,0.6525864318330072,5.440588203494177,Train
DTXSID9047128,0.5,0.39435379435379436,2.1166010488516727,Train
DTXSID8022246,0.6923076923076923,0.6139602596891599,2.505992817228334,Train
DTXSID1041421,0.6176470588235294,0.5849624231977173,3.54400902933387,Train
DTXSID9026265,0.3953488372093023,0.3371000704721635,2.785677655436824,Train
DTXSID4021767,0.5,0.47794871794871796,1.685229954635272,Train
DTXSID9020299,0.5483870967741935,0.5026438374982828,2.6305892875931813,Train
DTXSID8025888,0.5217391304347826,0.49758592132505175,2.6305892875931813,Train
DTXSID3025047,0.5,0.3306818181818182,1.6733200530681511,Train
DTXSID3022586,0.6805555555555556,0.6228635620915032,5.3814496188294845,Train
DTXSID6028022,0.5454545454545454,0.47405642633228845,2.6305892875931813,Train
DTXSID5022194,0.20833333333333334,0.07366666666666667,0.66332495807108,Train
DTXSID6035784,0.6097560975609756,0.48511401020986955,3.0854497241083028,Train
DTXSID6022218,0.5,0.47409523809523807,2.2891046284519194,Train
DTXSID2023222,0.7142857142857143,0.6849293043930581,3.736308338453881,Train
DTXSID7027201,0.47368421052631576,0.41130030959752323,1.9798989873223332,Train
DTXSID2034673,0.6111111111111112,0.5807449494949495,5.219195340279955,Train
DTXSID5032361,0.7272727272727273,0.7093297507090611,3.0528675044947495,Train
DTXSID2022381,0.5416666666666666,0.5076376811594203,2.720294101747089,Train
DTXSID6041682,0.7017543859649122,0.534836850989301,3.6823905279043943,Train
DTXSID3034614,0.734375,0.6347299441281888,4.608687448721165,Train
DTXSID4045763,0.6,0.5727931842593497,3.4813790371058424,Train
DTXSID8026064,0.4878048780487805,0.4321138211382114,2.925747767665559,Train
DTXSID0057837,0.6451612903225806,0.6233925274247855,3.3166247903554003,Train
DTXSID7043908,0.48936170212765956,0.4574590150122065,3.174901573277509,Train
DTXSID1029255,0.631578947368421,0.4846315789473684,2.078460969082653,Train
DTXSID1021530,0.6666666666666666,0.601978021978022,2.8071337695236402,Train
DTXSID8041329,0.4888888888888889,0.4091262626262626,2.65329983228432,Train
DTXSID3057696,0.625,0.5980509031198686,2.6981475126464085,Train
DTXSID4024981,0.5217391304347826,0.45078072651985696,1.8973665961010278,Train
DTXSID8029650,0.6666666666666666,0.36717171717171715,1.9078784028338913,Train
DTXSID7045493,0.6984126984126984,0.5816196160161677,4.5166359162544865,Train
DTXSID1025693,0.6226415094339622,0.5204286863320686,3.212475680841802,Train
DTXSID3057850,0.4925373134328358,0.41082692519470887,3.9899874686520014,Train
DTXSID7049055,0.6382978723404256,0.593844644987521,3.9597979746446663,Train
DTXSID2046670,0.6607142857142857,0.5527841569000105,4.0,Train
DTXSID4049034,0.5652173913043478,0.5007640700512288,3.6496575181789317,Train
DTXSID2028010,0.6071428571428571,0.5601154401154401,3.2062439083762797,Train
DTXSID8020123,0.52,0.43133333333333335,1.6852299546352718,Train
DTXSID0047878,0.6507936507936508,0.617479473076488,4.1424630354415966,Train
DTXSID3031864,0.6,0.5095210289592046,2.340939982143925,Train
DTXSID5020865,0.5833333333333334,0.48397435897435903,2.32379000772445,Train
DTXSID2021367,0.6271186440677966,0.47538632254670476,3.4756294393965534,Train
DTXSID0048509,0.7228915662650602,0.7195653982509457,5.535341001239219,Train
DTXSID9048198,0.6363636363636364,0.5670483682983682,3.0528675044947495,Train
DTXSID4024222,0.68,0.6611966873706004,2.7712812921102037,Train
DTXSID8044624,0.20833333333333334,0.07366666666666667,0.66332495807108,Train
DTXSID6032358,0.76,0.7422635508632208,4.573838650411709,Train
DTXSID1044859,0.5161290322580645,0.48069833392414035,2.946183972531247,Train
DTXSID5046853,0.6410256410256411,0.5067352950857444,3.286335345030997,Train
DTXSID9057898,0.6333333333333333,0.6082648615001556,3.3941125496954285,Train
DTXSID6021377,0.7857142857142857,0.7476556776556775,2.383275057562597,Train
DTXSID8023551,0.4925373134328358,0.4057003593955929,4.219004621945797,Train
DTXSID5046483,0.5384615384615384,0.4568763789816421,3.9597979746446663,Train
DTXSID3021516,0.5333333333333333,0.48358974358974355,1.661324772583615,Train
DTXSID0023745,0.5769230769230769,0.5149797570850202,2.973213749463701,Train
DTXSID4045686,0.6666666666666666,0.5540214755760741,3.872983346207417,Train
DTXSID3045562,0.5555555555555556,0.522827903091061,2.8071337695236402,Train
DTXSID8045646,0.4625,0.39932658735290316,3.7576588456111875,Train
DTXSID9046786,0.746268656716418,0.7359014082178824,5.716642371182581,Train
DTXSID3027588,0.7037037037037037,0.6226210081048791,2.8844410203711917,Train
DTXSID7020265,0.627906976744186,0.4825900401994273,2.9461839725312475,Train
DTXSID2020266,0.7368421052631579,0.6889308833581279,2.144761058952722,Train
DTXSID4022311,0.6052631578947368,0.4289652703186538,2.7928480087537886,Train
DTXSID4023549,0.7551020408163265,0.6020408163265305,5.196152422706632,Train
DTXSID1044986,0.625,0.47853535353535354,1.9899748742132402,Train
DTXSID4020901,0.5714285714285714,0.523003663003663,1.854723699099141,Train
DTXSID6046426,0.5909090909090909,0.5615167527063998,4.454211490264018,Train
DTXSID5045419,0.6046511627906976,0.532807592923872,3.7416573867739413,Train
DTXSID3022160,0.5483870967741935,0.4676484338475923,1.9183326093250879,Train
DTXSID7024580,0.5588235294117647,0.5055157224179995,3.1240998703626617,Train
DTXSID3026726,0.4482758620689655,0.3563218390804598,2.253885533916929,Train
DTXSID5024845,0.7037037037037037,0.6948805986460267,5.176871642217915,Train
DTXSID3044205,0.75,0.6799686603861619,5.589275444992849,Train
DTXSID1038824,0.7619047619047619,0.7332897461043913,2.778488797889961,Train
DTXSID3021643,0.0,0.0,0.0,Train
DTXSID5023877,0.5263157894736842,0.46294736842105266,1.949358868961793,Train
DTXSID1045320,0.5789473684210527,0.557230915125652,3.954743986657038,Train
DTXSID9041528,0.5789473684210527,0.5339712918660287,2.2538855339169293,Train
DTXSID9049083,0.625,0.6092857142857142,2.4738633753705965,Train
DTXSID7046673,0.7551020408163265,0.7251123642872473,7.6131465242697125,Train
DTXSID6032437,0.5853658536585366,0.542290493317451,3.0594117081556713,Train
DTXSID0044280,0.7551020408163265,0.6020408163265305,5.196152422706632,Train
DTXSID1021299,0.5862068965517241,0.5383819628647215,2.749545416973504,Train
DTXSID6022391,0.575,0.5343073593073594,3.3526109228480423,Train
DTXSID6025301,0.5384615384615384,0.5070140970140969,3.0789608636681307,Train
DTXSID9032533,0.7631578947368421,0.754355716878403,5.4258639865002145,Train
DTXSID4022731,0.6774193548387096,0.6346515055012301,3.218695387886217,Train
DTXSID1040661,0.46153846153846156,0.41016039436412466,2.244994432064365,Train
DTXSID2049006,0.4383561643835616,0.35079623287671235,3.746998799039039,Train
DTXSID5048843,0.4473684210526316,0.3887028176501861,2.9189039038652846,Train
DTXSID3044756,0.7297297297297297,0.718882325265304,4.547526800360829,Train
DTXSID2032556,0.7625,0.7457603242370409,5.71314274283428,Train
DTXSID2047145,0.625,0.55,2.1908902300206647,Train
DTXSID4045347,0.6382978723404256,0.57511807012668,4.034848200366403,Train
DTXSID8047927,0.5,0.4833333333333334,2.4413111231467406,Train
DTXSID7027542,0.59375,0.5655831192125973,3.5042830935870466,Train
DTXSID6020648,0.6808510638297872,0.6532452877779489,4.494441010848846,Train
DTXSID0044521,0.5675675675675675,0.41910725380552966,2.2627416997969525,Train
DTXSID0034300,0.7321428571428571,0.6864390207493656,4.476605857119878,Train
DTXSID1048883,0.696969696969697,0.35744949494949496,2.0591260281974,Train
DTXSID2032639,0.6666666666666666,0.6582010582010581,5.681549084536717,Train
DTXSID0020656,0.7766990291262136,0.7662519408541212,6.627216610312357,Train
DTXSID7045578,0.72,0.6389009725265433,5.165268628057984,Train
DTXSID0046434,0.7439024390243902,0.6646048807554242,5.841232746604094,Train
DTXSID8044206,0.6818181818181818,0.6058975117023897,3.6823905279043943,Train
DTXSID9027312,0.5357142857142857,0.5075064935064935,2.85657137141714,Train
DTXSID1024467,0.5151515151515151,0.4496969696969696,2.340939982143925,Train
DTXSID8044836,0.45714285714285713,0.350623973727422,1.7888543819998317,Train
DTXSID1020190,0.6176470588235294,0.5661957776568782,3.0919249667480613,Train
DTXSID2047309,0.676923076923077,0.6344912312950324,4.404543109109048,Train
DTXSID0048632,0.660377358490566,0.6420054965846599,4.724404724407087,Train
DTXSID9046029,0.734375,0.7065978258245208,5.1536394906900505,Train
DTXSID5049316,0.5897435897435898,0.56544415336985,3.5552777669262356,Train
DTXSID6024466,0.45454545454545453,0.4016373822256175,2.0099751242241783,Train
DTXSID0020151,0.3793103448275862,0.35605254515599344,1.8110770276274835,Train
DTXSID7040154,0.6296296296296297,0.5689698101462808,3.1432467291003423,Train
DTXSID1046427,0.65,0.5701731601731602,3.773592452822642,Train
DTXSID4046315,0.7611940298507462,0.6932041151707526,4.812483766206386,Train
DTXSID1045116,0.5272727272727272,0.4660976993436671,3.9140771581561853,Train
DTXSID2027884,0.6956521739130435,0.484963768115942,1.8867962264113207,Train
DTXSID3045198,0.7444444444444445,0.7089905834060748,5.134199061197375,Train
DTXSID1047605,0.46875,0.4286706349206349,2.7568097504180447,Train
DTXSID1029122,0.44,0.38319866860827956,2.0591260281974,Train
DTXSID6021117,0.6,0.5393779493779494,3.440930106817051,Train
DTXSID8021690,0.0,0.0,0.0,Train
DTXSID6029331,0.6857142857142857,0.6705705440070766,4.09878030638384,Train
DTXSID5022560,0.5714285714285714,0.49562931230727847,4.237924020083418,Train
DTXSID5024001,0.631578947368421,0.5754256965944273,2.3748684174075834,Train
DTXSID2045862,0.5892857142857143,0.5092339544513458,3.655133376499413,Train
DTXSID7044849,0.7692307692307693,0.7393202917771884,3.298484500494129,Train
DTXSID4057635,0.4523809523809524,0.4223773787188422,2.821347195933177,Train
DTXSID6027268,0.0,0.0,0.0,Train
DTXSID2041880,0.7358490566037735,0.7106277819215825,4.39089968002003,Train
DTXSID9020247,0.5238095238095238,0.47997870692992645,3.124099870362662,Train
DTXSID4048777,0.5434782608695652,0.4532411067193676,3.655133376499413,Train
DTXSID7021526,0.6,0.546984126984127,2.4819347291981715,Train
DTXSID2047567,0.45714285714285713,0.38627037178507767,2.9120439557122073,Train
DTXSID7021239,0.32,0.17138119312436806,1.7663521732655694,Train
DTXSID8057857,0.5909090909090909,0.5119836832632656,4.534313619501853,Train
DTXSID9040502,0.7395833333333334,0.7293011293124845,6.122091146005587,Train
DTXSID1045293,0.6792452830188679,0.5983599010225127,3.8366652186501757,Train
DTXSID8025595,0.6451612903225806,0.5830552465702633,2.8284271247461903,Train
DTXSID5044867,0.48148148148148145,0.4254643874643874,2.6,Train
DTXSID9029275,0.6666666666666666,0.6072927416580667,2.668332812825267,Train
DTXSID5025150,0.6842105263157895,0.6226754385964911,2.3832750575625967,Train
DTXSID0047036,0.8275862068965517,0.8019823891347807,3.32264954516723,Train
DTXSID6022008,0.0,0.0,0.0,Train
DTXSID1027635,0.6756756756756757,0.6557788433594884,3.7894590642992836,Train
DTXSID8042189,0.6153846153846154,0.5788163449453771,2.6981475126464085,Train
DTXSID8021642,0.0,0.0,0.0,Train
DTXSID6045371,0.5714285714285714,0.5177053673499818,4.2895221179054435,Train
DTXSID8046951,0.7142857142857143,0.671797711332595,4.0,Train
DTXSID2045575,0.7735849056603774,0.6699006998523795,4.5694638635183455,Train
DTXSID1048704,0.5,0.296,1.7435595774162695,Train
DTXSID7044631,0.6190476190476191,0.5483531092067678,3.9749213828703582,Train
DTXSID6026161,0.43478260869565216,0.4052385730211817,1.9183326093250879,Train
DTXSID2040739,0.7419354838709677,0.7211203518632603,5.302829433425141,Train
DTXSID6049064,0.726027397260274,0.6397800928411224,5.310367218940701,Train
DTXSID9039232,0.6071428571428571,0.570414091655471,3.237282811247729,Train
DTXSID2041884,0.5555555555555556,0.5440196470826079,4.228474902373195,Train
DTXSID5044528,0.6944444444444444,0.5657578532578533,3.1685959035509716,Train
DTXSID3041611,0.5217391304347826,0.5083923154701719,3.7309516212355263,Train
DTXSID5020441,0.5581395348837209,0.4131430584918957,2.4576411454889016,Train
DTXSID6030607,0.6842105263157895,0.5924942791762013,2.06881608655772,Train
DTXSID2044975,0.6538461538461539,0.5421144073317986,2.7202941017470885,Train
DTXSID4022652,0.6428571428571429,0.5479593274942112,3.423448553724738,Train
DTXSID5027489,0.625,0.4767567835214894,3.0594117081556713,Train
DTXSID5041699,0.5789473684210527,0.49668378262729995,3.6932370625238775,Train
DTXSID7020922,0.6071428571428571,0.5834274821039527,3.2619012860600183,Train
DTXSID6026240,0.6486486486486487,0.457714709497308,2.8354893757515653,Train
DTXSID3032832,0.6111111111111112,0.5636264903191811,2.349468024894146,Train
DTXSID6023024,0.6507936507936508,0.6077429135676927,4.673328578219169,Train
DTXSID0032655,0.6428571428571429,0.6215430027622652,5.007993610219566,Train
DTXSID9025740,0.34615384615384615,0.3182630272952854,2.4248711305964283,Train
DTXSID7057783,0.5652173913043478,0.5208964803312629,2.9120439557122073,Train
DTXSID7023722,0.72,0.6826313145948035,2.95296461204668,Train
DTXSID3047425,0.4,0.23889328063241105,1.5231546211727818,Train
DTXSID3021801,0.59375,0.5035547785547785,2.898275349237888,Train
DTXSID2047775,0.717391304347826,0.705085841593825,3.81051177665153,Train
DTXSID5033098,0.6666666666666666,0.5479166666666666,2.5768197453450252,Train
DTXSID7027835,0.6774193548387096,0.6627565982404692,2.778488797889961,Train
DTXSID7022120,0.5526315789473685,0.5017588087866726,3.2619012860600183,Train
DTXSID4045767,0.7096774193548387,0.6618322835234123,5.106858133921482,Train
DTXSID0057706,0.4,0.29159546149634685,2.698147512646408,Train
DTXSID6045321,0.5853658536585366,0.5405455712451862,3.8000000000000003,Train
DTXSID2049393,0.6285714285714286,0.5346290143964563,3.5832945734337835,Train
DTXSID8024573,0.6333333333333333,0.5755731162196679,2.4166091947189146,Train
DTXSID3044124,0.7391304347826086,0.7210658530383931,4.804164859785725,Train
DTXSID7044423,0.8235294117647058,0.7945259608545612,2.778488797889961,Train
DTXSID6045587,0.5555555555555556,0.5336868004682087,3.1368774282716245,Train
DTXSID4020329,0.8026315789473685,0.763043394262654,5.520869496736904,Train
DTXSID1044643,0.6538461538461539,0.6083882783882784,2.925747767665559,Train
DTXSID3023508,0.7142857142857143,0.6724447140364983,4.3817804600413295,Train
DTXSID7047358,0.768595041322314,0.7350096130262931,6.428063471995279,Train
DTXSID0046270,0.5283018867924528,0.4315238470464777,3.1811947441173736,Train
DTXSID5042299,0.5,0.4113100686498856,1.661324772583615,Train
DTXSID4039235,0.5757575757575758,0.4634054834054834,2.7712812921102037,Train
DTXSID5046776,0.6511627906976745,0.631198370105347,4.132795663954365,Train
DTXSID6026084,0.7407407407407407,0.6782846782846782,2.939387691339814,Train
DTXSID1034260,0.4657534246575342,0.3130041647849867,3.2741411087489802,Train
DTXSID1021166,0.6578947368421053,0.6420775258303862,4.521061822182927,Train
DTXSID6020014,0.7560975609756098,0.735527827479047,4.1521078984053394,Train
DTXSID9020164,0.6666666666666666,0.49627953745600806,1.8867962264113207,Train
DTXSID2047199,0.5333333333333333,0.4595134990644213,2.349468024894146,Train
DTXSID0026676,0.4583333333333333,0.4439814814814815,2.280350850198276,Train
DTXSID6046503,0.6333333333333333,0.5734395234395235,4.242640687119285,Train
DTXSID7020847,0.5675675675675675,0.5192672918988708,3.0789608636681307,Train
DTXSID5021336,0.6190476190476191,0.5752474323062559,3.8314488121336034,Train
DTXSID9057636,0.5806451612903226,0.4985663082437276,2.6758176320519307,Train
DTXSID9025825,0.6818181818181818,0.577077922077922,3.566510900025402,Train
DTXSID5025609,0.7142857142857143,0.68082848524025,2.1447610589527217,Train
DTXSID7044893,0.45454545454545453,0.3254079254079254,1.7435595774162693,Train
DTXSID1040619,0.6470588235294118,0.5745694223635399,3.7309516212355263,Train
DTXSID5046803,0.6923076923076923,0.6715434575899693,3.88329756778952,Train
DTXSID4023252,0.40425531914893614,0.34906231603733917,2.5534290669607413,Train
DTXSID6044561,0.6578947368421053,0.5573443447617255,3.7309516212355263,Train
DTXSID5023031,0.4117647058823529,0.3467792095501074,2.6076809620810595,Train
DTXSID6027397,0.5490196078431373,0.5177270908363345,4.6946778377222005,Train
DTXSID8047890,0.4666666666666667,0.45999999999999996,2.0976176963403033,Train
DTXSID7047772,0.6304347826086957,0.5926905979783218,3.2310988842807027,Train
DTXSID4041656,0.56,0.5186488294314382,2.2715633383201093,Train
DTXSID6057742,0.4666666666666667,0.4533333333333334,3.1749015732775088,Train
DTXSID5026174,0.6666666666666666,0.6428571428571428,2.4413111231467406,Train
DTXSID8049048,0.6888888888888889,0.632421756962743,4.093897898091744,Train
DTXSID2021864,0.45,0.4101035196687371,1.7435595774162695,Train
DTXSID8049202,0.6666666666666666,0.6116210826210826,3.0919249667480613,Train
DTXSID3027617,0.6944444444444444,0.6337222222222222,3.0919249667480617,Train
DTXSID3021431,0.6111111111111112,0.5776899429073342,2.5534290669607413,Train
DTXSID3047508,0.45454545454545453,0.38367681262008296,2.5298221281347035,Train
DTXSID8035186,0.6818181818181818,0.6462574462574462,3.0331501776206204,Train
DTXSID2029117,0.5263157894736842,0.4119144013880856,1.969771560359221,Train
DTXSID7045813,0.7580645161290323,0.6755255873721732,4.766550115125194,Train
DTXSID6047369,0.7567567567567568,0.728338676504106,6.581793068761733,Train
DTXSID8034792,0.631578947368421,0.5800668337510443,4.09878030638384,Train
DTXSID6025014,0.6086956521739131,0.5669232369461202,2.6,Train
DTXSID8024947,0.8064516129032258,0.7670947517443624,3.7841775856849003,Train
DTXSID2022541,0.6666666666666666,0.4760209648507521,3.5552777669262356,Train
DTXSID3026724,0.42857142857142855,0.39720592451027237,2.340939982143925,Train
DTXSID2027595,0.5,0.45618729096989963,2.5298221281347035,Train
DTXSID8020834,0.5333333333333333,0.5014035087719299,1.949358868961793,Train
DTXSID0046850,0.5909090909090909,0.5483059475591967,4.37264222181509,Train
DTXSID5047297,0.7536231884057971,0.7262598653674424,6.337191807101943,Train
DTXSID2021650,0.625,0.5549999999999999,1.7320508075688774,Train
DTXSID2020761,0.6842105263157895,0.6405263157894736,2.4083189157584592,Train
DTXSID3041293,0.5357142857142857,0.4854182194616977,2.244994432064365,Train
DTXSID8047973,0.5652173913043478,0.4686231884057971,2.0099751242241783,Train
DTXSID1024885,0.5454545454545454,0.476543916609706,2.986636904613616,Train
DTXSID8047840,0.6666666666666666,0.6284820379042808,4.219004621945798,Train
DTXSID5047083,0.3684210526315789,0.3506895581198987,1.9595917942265426,Train
DTXSID0026339,0.6904761904761905,0.5543152247586425,3.388214869219483,Train
DTXSID0021597,0.0,0.0,0.0,Train
DTXSID2036588,0.45454545454545453,0.4506177392587129,2.986636904613616,Train
DTXSID4021848,0.5555555555555556,0.5154589371980677,2.925747767665559,Train
DTXSID4029359,0.64,0.5935572755417957,2.2978250586152114,Train
DTXSID2047806,0.625,0.4780357336808949,2.545584412271571,Train
DTXSID8029153,0.36666666666666664,0.32189999017585225,1.854723699099141,Train
DTXSID3049203,0.07692307692307693,0.07692307692307693,1.0,Train
DTXSID4025371,0.7333333333333333,0.7128571428571429,2.4576411454889016,Train
DTXSID2041672,0.6363636363636364,0.6046536796536797,3.0199337741083,Train
DTXSID9049374,0.7272727272727273,0.702255248596712,4.089009660052175,Train
DTXSID1047651,0.047619047619047616,0.009523809523809523,0.2,Train
DTXSID7025716,0.5909090909090909,0.5697402597402597,2.9597297173897488,Train
DTXSID6020307,0.6666666666666666,0.6222222222222222,1.9078784028338915,Train
DTXSID1057820,0.7391304347826086,0.7195366577096458,5.377731863899501,Train
DTXSID9038686,0.48484848484848486,0.4371578902630796,2.366431913239847,Train
DTXSID4027527,0.8,0.7582617382617383,2.4413111231467406,Train
DTXSID0046484,0.6181818181818182,0.5836264540612366,3.847076812334269,Train
DTXSID2020890,0.7037037037037037,0.6303384418901661,2.8354893757515653,Train
DTXSID8057641,0.6964285714285714,0.6182200000319013,4.724404724407087,Train
DTXSID2020474,0.6551724137931034,0.6281436639000599,3.1304951684997055,Train
DTXSID4032378,0.5454545454545454,0.46427881758764117,2.545584412271571,Train
DTXSID6023868,0.7843137254901961,0.77547105632704,5.628498911788116,Train
DTXSID3040774,0.7666666666666667,0.5843849206349206,3.2186953878862163,Train
DTXSID3045807,0.6724137931034483,0.6339671510398647,4.849742261192857,Train
DTXSID7034545,0.6440677966101694,0.6026060443919894,4.58257569495584,Train
DTXSID8041955,0.45,0.37416666666666665,2.0297783130184444,Train
DTXSID1021162,0.7608695652173914,0.7264163372859025,4.560701700396552,Train
DTXSID5046300,0.5,0.47567050303892405,2.7568097504180447,Train
DTXSID4048856,0.675,0.6327019636898056,3.924283374069717,Train
DTXSID4047545,0.5,0.49165217391304344,2.8705400188814645,Train
DTXSID8029159,0.631578947368421,0.5230075187969925,2.449489742783178,Train
DTXSID0025816,0.6363636363636364,0.609090909090909,1.7776388834631178,Train
DTXSID3045805,0.5652173913043478,0.46556167604222526,2.9664793948382653,Train
DTXSID8023846,0.6923076923076923,0.6708424908424909,3.440930106817051,Train
DTXSID1047366,0.7567567567567568,0.7526245181523183,5.993329625508679,Train
DTXSID2027466,0.7105263157894737,0.6867876493296425,3.847076812334269,Train
DTXSID0037734,0.5555555555555556,0.4873191077862936,2.986636904613616,Train
DTXSID6029121,0.3333333333333333,0.2771428571428571,0.894427190999916,Train
DTXSID5040679,0.6792452830188679,0.5881455799561974,4.503332099679081,Train
DTXSID7020843,0.3103448275862069,0.25983772819472617,2.1071307505705477,Train
DTXSID5045461,0.5535714285714286,0.5024033040426483,3.6769552621700474,Train
DTXSID3021487,0.48148148148148145,0.46490499194847024,2.3579652245103193,Train
DTXSID0022854,0.7301587301587301,0.6959901585465496,5.079370039680118,Train
DTXSID1044938,0.5833333333333334,0.5360038512212426,2.2891046284519194,Train
DTXSID2047307,0.6712328767123288,0.6222279684986967,4.947726750741193,Train
DTXSID1044645,0.6666666666666666,0.5630630630630631,2.9120439557122073,Train
DTXSID2027206,0.625,0.559047619047619,2.638181191654584,Train
DTXSID2057780,0.71875,0.647120791858,3.6386810797320503,Train
DTXSID0045543,0.5490196078431373,0.38117379514247884,3.1811947441173736,Train
DTXSID1020142,0.6153846153846154,0.5894849690539347,2.932575659723036,Train
DTXSID4032372,0.6438356164383562,0.5189657645288145,4.485532298401162,Train
DTXSID6045901,0.56,0.5035596032628847,2.5922962793631443,Train
DTXSID0047610,0.52,0.456708694813958,2.078460969082653,Train
DTXSID2023193,0.525,0.43682234432234435,2.7422618401604177,Train
DTXSID1026879,0.6666666666666666,0.3666666666666666,1.216552506059644,Train
DTXSID2034625,0.7857142857142857,0.7683943487184383,5.976621118993574,Train
DTXSID8047264,0.6986301369863014,0.6833972141991183,5.571355310873647,Train
DTXSID3026275,0.4,0.26823529411764707,1.854723699099141,Train
DTXSID3033989,0.6666666666666666,0.6132767948711816,4.029888335921977,Train
DTXSID8042137,0.5777777777777777,0.5523934108527131,3.6,Train
DTXSID1037515,0.6904761904761905,0.681740198335943,4.6475800154489,Train
DTXSID6047105,0.4827586206896552,0.46720689655172415,2.0591260281974,Train
DTXSID3046665,0.4864864864864865,0.4369435612082671,4.878524367060187,Train
DTXSID8046820,0.3,0.26267379679144387,1.8220867158288598,Train
DTXSID3047263,0.76,0.7539999999999999,5.542562584220407,Train
DTXSID7021657,0.4090909090909091,0.31094983447924623,1.0954451150103324,Train
DTXSID1023815,0.5714285714285714,0.5344537815126049,1.8220867158288598,Train
DTXSID7032688,0.5230769230769231,0.4369044405886511,3.778888725538237,Train
DTXSID2027414,0.6857142857142857,0.5523413683091102,3.3105890714493698,Train
DTXSID1020930,0.6842105263157895,0.4611256648408351,2.842534080710379,Train
DTXSID1049065,0.78125,0.7583155635042715,4.862098312457287,Train
DTXSID3021140,0.5,0.4541666666666667,1.6,Train
DTXSID3045271,0.6229508196721312,0.5960015667352134,5.007993610219566,Train
DTXSID0024505,0.6,0.5590909090909091,2.2891046284519194,Train
DTXSID6025303,0.5428571428571428,0.48945720945720944,2.7712812921102037,Train
DTXSID7026499,0.6571428571428571,0.6417673992673992,3.1874754901018454,Train
DTXSID3057779,0.48717948717948717,0.4228112728112728,3.1937438845342627,Train
DTXSID2033447,0.75,0.7163888888888889,2.4248711305964283,Train
DTXSID0021389,0.7083333333333334,0.6795263292107612,3.237282811247729,Train
DTXSID1022265,0.6590909090909091,0.508610742385928,3.6551333764994136,Train
DTXSID8020915,0.48,0.3788099597843758,1.9798989873223334,Train
DTXSID6021610,0.45454545454545453,0.38555622155622155,1.949358868961793,Train
DTXSID8045567,0.6428571428571429,0.5892335840768601,4.014971979976947,Train
DTXSID2047357,0.7380952380952381,0.6246510531742524,5.035871324805669,Train
DTXSID6020357,0.6379310344827587,0.6304725853196901,4.931531202375181,Train
DTXSID1044936,0.5,0.48251231527093597,3.2802438933713454,Train
DTXSID1021455,0.7164179104477612,0.6527457575969622,4.882622246293481,Train
DTXSID1046394,0.4222222222222222,0.29496338886431767,2.0099751242241783,Train
DTXSID3024289,0.47058823529411764,0.4314705882352941,1.7549928774784245,Train
DTXSID3048992,0.6933333333333334,0.6724539644235249,6.118823416311342,Train
DTXSID9022524,0.6756756756756757,0.6516449931084077,4.089009660052175,Train
DTXSID3047639,0.6111111111111112,0.4592544802867383,3.111269837220809,Train
DTXSID2025050,0.6153846153846154,0.3694638694638695,1.1661903789690602,Train
DTXSID0044862,0.0,0.0,0.0,Train
DTXSID0032578,0.7586206896551724,0.7315927161867096,3.7947331922020555,Train
DTXSID1045538,0.5963302752293578,0.5558867303975449,5.5389529696504916,Train
DTXSID0047905,0.76,0.6914999999999999,3.1368774282716245,Train
DTXSID0027301,0.6666666666666666,0.6183150183150182,2.3323807579381204,Train
DTXSID7020976,0.7619047619047619,0.6881652661064426,2.821347195933177,Train
DTXSID2049052,0.5263157894736842,0.4021815145280674,3.3941125496954285,Train
DTXSID4045422,0.7209302325581395,0.7109615567157095,4.732863826479693,Train
DTXSID7048908,0.684931506849315,0.5659663696235322,4.354308211415448,Train
DTXSID7021499,0.6470588235294118,0.5865546218487394,2.2181073012818837,Train
DTXSID0057758,0.6981132075471698,0.5603040140584536,4.171330722922842,Train
DTXSID8048656,0.7640449438202247,0.728642614261318,6.368673331236264,Train
DTXSID6049068,0.6181818181818182,0.5705616709601096,3.7894590642992836,Train
DTXSID2027591,0.675,0.5515872434017595,3.388214869219483,Train
DTXSID6049270,0.4583333333333333,0.43192640692640694,1.8330302779823362,Train
DTXSID7020425,0.55,0.47258169934640526,2.0591260281974,Train
DTXSID3048782,0.6530612244897959,0.5311453587063343,4.0,Train
DTXSID2026444,0.625,0.5580316742081448,2.0688160865577205,Train
DTXSID9046572,0.6666666666666666,0.5859862392036305,2.6,Train
DTXSID0044365,0.631578947368421,0.6014507710025276,2.5845695966640174,Train
DTXSID8045228,0.7058823529411765,0.6559766556350308,4.6604720790924175,Train
DTXSID6057748,0.6222222222222222,0.603095551791204,3.8574603043971822,Train
DTXSID4057712,0.5692307692307692,0.51485814838756,4.94368283772331,Train
DTXSID5045625,0.4423076923076923,0.3899278641222375,3.3406586176980135,Train
DTXSID2043747,0.44155844155844154,0.37897403257815154,4.303486958270003,Train
DTXSID3020704,0.7096774193548387,0.6388192373723683,3.588871688985272,Train
DTXSID7045310,0.6764705882352942,0.6407936704561253,5.264978632435274,Train
DTXSID7044639,0.5428571428571428,0.4982059494559494,2.8425340807103794,Train
DTXSID0047874,0.5185185185185185,0.46270523980201406,2.6832815729997477,Train
DTXSID7023691,0.7068965517241379,0.6728607918263091,4.529900661162451,Train
DTXSID4057681,0.7528089887640449,0.7464240322831523,7.310266752998826,Train
DTXSID8047058,0.44,0.3580164823734618,2.0199009876724157,Train
DTXSID5046067,0.5540540540540541,0.4393182734973779,3.9698866482558417,Train
DTXSID2044898,0.5714285714285714,0.48316868592730666,2.668332812825267,Train
DTXSID7044396,0.3125,0.24204545454545454,1.3856406460551018,Train
DTXSID8047052,0.7111111111111111,0.6844444444444445,5.0039984012787215,Train
DTXSID8027084,0.68,0.6508503670242801,2.932575659723036,Train
DTXSID8046402,0.47619047619047616,0.4191169191169191,2.973213749463701,Train
DTXSID4025165,0.4482758620689655,0.37342328835582206,1.9078784028338915,Train
DTXSID5044445,0.5714285714285714,0.5043558897243108,1.9078784028338913,Train
DTXSID5041306,0.5588235294117647,0.40556502794354454,2.154065922853802,Train
DTXSID4028967,0.6896551724137931,0.6165024630541872,2.939387691339814,Train
DTXSID6024599,0.55,0.5247619047619047,2.5534290669607413,Train
DTXSID0020602,0.68,0.6623157894736842,2.749545416973504,Train
DTXSID1033402,0.5454545454545454,0.5269004329004329,2.925747767665559,Train
DTXSID2023068,0.42592592592592593,0.3188461226304892,2.513961017995307,Train
DTXSID0021599,0.375,0.12205882352941178,0.7483314773547883,Train
DTXSID3022035,0.6666666666666666,0.607941666006182,3.1622776601683795,Train
DTXSID0026040,0.6551724137931034,0.6144288661530041,3.237282811247729,Train
DTXSID4022369,0.6511627906976745,0.6102521429417284,6.190315016216864,Train
DTXSID8047341,0.7303370786516854,0.6735685532854838,5.649778756730214,Train
DTXSID7031458,0.47058823529411764,0.42556722689075627,2.6229754097208002,Train
DTXSID8020173,0.7647058823529411,0.7029411764705882,2.244994432064365,Train
DTXSID0048898,0.671875,0.6171391156797167,4.971921157862422,Train
DTXSID0026882,0.0,0.0,0.0,Train
DTXSID8024608,0.41379310344827586,0.3635331143951833,2.0688160865577205,Train
DTXSID6026294,0.7738095238095238,0.6135594513013868,5.184592558726288,Train
DTXSID9048930,0.5172413793103449,0.42739064333699667,3.7309516212355263,Train
DTXSID6044802,0.32142857142857145,0.23657142857142857,2.1166010488516727,Train
DTXSID3027407,0.6153846153846154,0.5119658119658119,2.383275057562597,Train
DTXSID0027191,0.85,0.793409090909091,2.6305892875931813,Train
DTXSID5047617,0.6428571428571429,0.5676008027732166,2.939387691339814,Train
DTXSID9057680,0.660377358490566,0.6218766495405645,2.9799328851502684,Train
DTXSID0044496,0.23333333333333334,0.1838857990359659,1.6733200530681511,Train
DTXSID6046892,0.7714285714285715,0.6999476711568449,5.695612346359257,Train
DTXSID9035753,0.46875,0.4653225806451613,3.8262252939417984,Train
DTXSID2057813,0.6739130434782609,0.6471305781864788,4.317406628984581,Train
DTXSID2025004,0.5,0.46195390436876504,2.1071307505705477,Train
DTXSID9045558,0.5294117647058824,0.44410331197506564,4.2895221179054435,Train
DTXSID4023591,0.7714285714285715,0.7466613693212159,3.6823905279043943,Train
DTXSID4021216,0.5,0.3439404567064141,2.3664319132398464,Train
DTXSID4020876,0.52,0.4457701863354037,1.9390719429665317,Train
DTXSID6045666,0.6888888888888889,0.6550317080580239,3.655133376499413,Train
DTXSID8025751,0.6190476190476191,0.5777959391231703,2.4899799195977463,Train
DTXSID0042086,0.5945945945945946,0.3949736856531988,2.877498913987632,Train
DTXSID1047578,0.6818181818181818,0.47020766672940584,2.489979919597747,Train
DTXSID0049284,0.6086956521739131,0.5284613526570048,2.7202941017470885,Train
DTXSID4024985,0.6896551724137931,0.5628660994178236,2.821347195933177,Train
DTXSID5057753,0.7377049180327869,0.7177475835821208,5.94306318324145,Train
DTXSID4039657,0.5,0.4239639591417994,3.388214869219483,Train
DTXSID9020742,0.6666666666666666,0.6016666666666667,2.340939982143925,Train
DTXSID0024971,0.5862068965517241,0.5508707184869104,2.6076809620810595,Train
DTXSID5047110,0.3333333333333333,0.19538461538461535,1.6370705543744901,Train
DTXSID5047744,0.5217391304347826,0.4976588628762542,2.280350850198276,Train
DTXSID1027768,0.6470588235294118,0.5953766769865841,2.2715633383201097,Train
DTXSID5046481,0.7083333333333334,0.6547938416809832,4.829078587059854,Train
DTXSID2037714,0.37037037037037035,0.17552334943639292,1.0583005244258363,Train
DTXSID7042063,0.6444444444444445,0.5824829659089443,4.049691346263318,Train
DTXSID3020679,0.6363636363636364,0.5716692789968651,3.411744421846396,Train
DTXSID8049044,0.5897435897435898,0.49355847404627895,3.2984845004941286,Train
DTXSID2047301,0.7580645161290323,0.7532487685641271,6.023288138550239,Train
DTXSID3021190,0.6756756756756757,0.6141866256500401,3.714835124201342,Train
DTXSID7044506,0.36666666666666664,0.320952380952381,1.8000000000000003,Train
DTXSID8033512,0.5882352941176471,0.4733180544945251,3.6166282640050254,Train
DTXSID3049207,0.2962962962962963,0.28503703703703703,2.638181191654584,Train
DTXSID7040653,0.6666666666666666,0.5774764595103579,3.730951621235526,Train
DTXSID4040765,0.5238095238095238,0.44470961718020546,1.7204650534085255,Train
DTXSID6021828,0.42857142857142855,0.3922404049339034,1.7663521732655694,Train
DTXSID3020047,0.75,0.7297493734335839,3.026549190084311,Train
DTXSID9044794,0.7021276595744681,0.6501634181421414,4.049691346263317,Train
DTXSID4046652,0.8333333333333334,0.8273751673144887,7.784600182411426,Train
DTXSID3035266,0.41379310344827586,0.27065416600455533,1.7663521732655696,Train
DTXSID1036541,0.5344827586206896,0.4048582001516248,3.0066592756745814,Train
DTXSID1020279,0.6666666666666666,0.5922222222222222,1.949358868961793,Train
DTXSID7020683,0.8,0.7950375939849623,2.4494897427831783,Train
DTXSID4023622,0.5357142857142857,0.42681818181818176,1.8330302779823362,Train
DTXSID4026711,0.47619047619047616,0.35778195488721803,1.1313708498984762,Train
DTXSID5021388,0.5121951219512195,0.45640820932717074,2.4248711305964283,Train
DTXSID9020245,0.5714285714285714,0.49001221001221007,2.877498913987632,Train
DTXSID7045158,0.717948717948718,0.6090270704904851,3.7309516212355263,Train
DTXSID5044447,0.5172413793103449,0.45153256704980843,2.4576411454889016,Train
DTXSID5044994,0.52,0.49365517241379314,3.1368774282716245,Train
DTXSID3044883,0.65,0.5475954592363261,2.5377155080899043,Train
DTXSID7049059,0.7272727272727273,0.6339587282988797,6.053098380168622,Train
DTXSID0020444,0.4222222222222222,0.2845039513332196,2.6229754097208002,Train
DTXSID8029608,0.6666666666666666,0.6322956613279194,2.6608269391300143,Train
DTXSID9057719,0.7014925373134329,0.603757154079228,4.711687595755899,Train
DTXSID1057795,0.6825396825396826,0.6758202908202909,4.4136152981427825,Train
DTXSID9049035,0.6808510638297872,0.6491946097526187,4.308131845707604,Train
DTXSID4046440,0.6333333333333333,0.589047619047619,3.492849839314596,Train
DTXSID8024072,0.5769230769230769,0.5277407214907214,2.720294101747089,Train
DTXSID1020483,0.5,0.448697270471464,2.12602916254693,Train
DTXSID7048166,0.7611940298507462,0.7457153322855502,6.212889826803627,Train
DTXSID3046299,0.3333333333333333,0.2824302134646962,1.6,Train
DTXSID9021396,0.7142857142857143,0.6924206309078389,3.388214869219483,Train
DTXSID4022947,0.6153846153846154,0.6086943707633363,5.524490926773253,Train
DTXSID3026697,0.325,0.1396454694730557,1.1135528725660044,Train
DTXSID6026169,0.5454545454545454,0.5043290043290043,2.1166010488516727,Train
DTXSID7023140,0.6666666666666666,0.6440062708766623,4.312771730569565,Train
DTXSID4023175,0.5142857142857142,0.43249000999001,2.2891046284519194,Train
DTXSID8044709,0.5476190476190477,0.4492084942084942,2.863564212655271,Train
DTXSID5047663,0.6595744680851063,0.597723717146433,3.3166247903554003,Train
DTXSID4045341,0.475,0.448003003003003,3.4583232931581165,Train
DTXSID1057745,0.6285714285714286,0.5366143367086764,3.0854497241083028,Train
DTXSID8034085,0.53125,0.4999742982299303,2.5922962793631443,Train
DTXSID4024359,0.5,0.41,1.8330302779823362,Train
DTXSID5048849,0.625,0.5283758639021797,3.3286633954186478,Train
DTXSID6025141,0.7058823529411765,0.6691526610644257,2.6076809620810595,Train
DTXSID7047279,0.7534246575342466,0.7469362297464525,6.51766829472013,Train
DTXSID2041547,0.6,0.5548327359617682,2.8354893757515653,Train
DTXSID2020428,0.5714285714285714,0.5396825396825398,1.7435595774162695,Train
DTXSID4023179,0.5692307692307692,0.5361722789192104,4.6475800154489,Train
DTXSID7026526,0.5517241379310345,0.5133420551454477,2.986636904613616,Train
DTXSID0047082,0.7352941176470589,0.7121381886087769,3.8052595180880897,Train
DTXSID6037649,0.7346938775510204,0.6903680818037834,4.651881339845203,Train
DTXSID7023277,0.6739130434782609,0.6505208003285807,4.454211490264018,Train
DTXSID0024395,0.5833333333333334,0.5157600732600732,1.7888543819998317,Train
DTXSID3029231,0.625,0.49514652014652016,1.8330302779823362,Train
DTXSID4041600,0.6136363636363636,0.5729542796068698,4.418144406874904,Train
DTXSID5046512,0.6666666666666666,0.5929038281979457,2.5377155080899043,Train
DTXSID9022445,0.47619047619047616,0.4422191843244475,1.949358868961793,Train
DTXSID8044919,0.6071428571428571,0.4795956221198157,2.4979991993593598,Train
DTXSID6027507,0.4375,0.38124763167866615,2.0297783130184444,Train
DTXSID5020738,0.5,0.3963203463203463,2.107130750570548,Train
DTXSID7044635,0.5714285714285714,0.5342857142857144,2.6832815729997477,Train
DTXSID1048910,0.6875,0.6505139346027253,4.560701700396552,Train
DTXSID1026112,0.6774193548387096,0.5261602407712465,2.9664793948382653,Train
DTXSID7021603,0.2608695652173913,0.12742474916387958,1.0392304845413265,Train
DTXSID8045351,0.44680851063829785,0.3865156120475269,3.0000000000000004,Train
DTXSID2029240,0.631578947368421,0.5778742310321258,2.449489742783178,Train
DTXSID2047149,0.6521739130434783,0.6153364306682384,2.771281292110204,Train
DTXSID5023615,0.5116279069767442,0.45513045944412933,3.2,Train
DTXSID3049047,0.7755102040816326,0.7615315279958137,6.330876716537765,Train
DTXSID4025791,0.4230769230769231,0.3595128205128205,2.078460969082653,Train
DTXSID1049433,0.6944444444444444,0.6167522178432995,3.3346664001066135,Train
DTXSID8034089,0.7647058823529411,0.677359781121751,4.2,Train
DTXSID2026573,0.6153846153846154,0.5989605531246869,4.242640687119285,Train
DTXSID4047090,0.6538461538461539,0.6080760955441262,3.059411708155671,Train
DTXSID4025610,0.42857142857142855,0.4140296979006656,2.383275057562597,Train
DTXSID7044681,0.7096774193548387,0.5289707669884223,3.8000000000000003,Train
DTXSID3042180,0.3939393939393939,0.3745112414467253,2.5768197453450252,Train
DTXSID7038814,0.5185185185185185,0.4792500575109271,2.0,Train
DTXSID7044895,0.5151515151515151,0.4778451178451178,2.986636904613616,Train
DTXSID2020682,0.6363636363636364,0.5454545454545454,1.1832159566199234,Train
DTXSID8027323,0.4782608695652174,0.4400223736058238,2.1354156504062622,Train
DTXSID9045348,0.56,0.5130278805934217,4.209513035969837,Train
DTXSID0045626,0.5151515151515151,0.46731601731601735,2.5534290669607413,Train
DTXSID2025925,0.5135135135135135,0.47852010547132495,2.870540018881465,Train
DTXSID6022846,0.675,0.5632968081266437,3.0463092423455636,Train
DTXSID9032375,0.7288135593220338,0.7156956207497733,5.2345009313209605,Train
DTXSID8049331,0.5882352941176471,0.5137841049605756,3.013303834663873,Train
DTXSID9021922,0.5555555555555556,0.5111111111111111,2.253885533916929,Train
DTXSID4043777,0.6451612903225806,0.6095101135423715,2.8844410203711917,Train
DTXSID5040750,0.410958904109589,0.3198879166532995,4.004996878900157,Train
DTXSID6025640,0.45161290322580644,0.41875068158520357,2.4,Train
DTXSID8034877,0.5588235294117647,0.4600980392156863,2.280350850198276,Train
DTXSID4034601,0.7045454545454546,0.5938814716967286,3.566510900025402,Train
DTXSID8029600,0.6086956521739131,0.5618143184047074,2.6229754097208002,Train
DTXSID6026955,0.6285714285714286,0.5490756302521008,2.932575659723036,Train
DTXSID3026514,0.5454545454545454,0.5183395742320227,2.521904042583698,Train
DTXSID3021772,0.7741935483870968,0.7592393664918692,3.81051177665153,Train
DTXSID5043895,0.6428571428571429,0.5331365144495421,3.8884444190447165,Train
DTXSID0026888,0.75,0.592822966507177,1.7204650534085255,Train
DTXSID0028030,0.625,0.6093243243243243,3.2186953878862163,Train
DTXSID7026605,0.5135135135135135,0.43997645835881133,2.638181191654584,Train
DTXSID9027570,0.8,0.779299895506792,3.8678159211627436,Train
DTXSID4025662,0.48,0.3315606758832565,2.0688160865577205,Train
DTXSID0046727,0.7241379310344828,0.7063941112230575,5.2459508194416005,Train
DTXSID4046101,0.7547169811320755,0.7241480568140544,5.047771785649585,Train
DTXSID1044568,0.2222222222222222,0.14444444444444443,1.4000000000000001,Train
DTXSID8027452,0.5217391304347826,0.45238312412225457,2.078460969082653,Train
DTXSID5022801,0.5609756097560976,0.4788232732117237,2.615339366124404,Train
DTXSID9057632,0.6842105263157895,0.6208026787398604,3.3763886032268267,Train
DTXSID2024666,0.46153846153846156,0.27564102564102566,1.1135528725660044,Train
DTXSID4044820,0.5,0.47167487684729065,3.2186953878862163,Train
DTXSID1029128,0.6956521739130435,0.6229030347316792,2.6457513110645907,Train
DTXSID9046071,0.6,0.509441597915762,4.029888335921977,Train
DTXSID8044882,0.3333333333333333,0.16333333333333333,1.3711309200802089,Train
DTXSID7034252,0.7941176470588235,0.7166141045949753,5.176871642217915,Train
DTXSID0044315,0.6111111111111112,0.49539613526570053,2.3916521486202797,Train
DTXSID4047670,0.631578947368421,0.5923934837092732,2.4819347291981715,Train
DTXSID0048183,0.6885245901639344,0.6506182713863728,3.7629775444453557,Train
DTXSID6044856,0.5625,0.5276921252371917,3.2619012860600183,Train
DTXSID5023532,0.7345132743362832,0.6974080141092226,6.48999229583518,Train
DTXSID8034401,0.7450980392156863,0.7330564225690276,5.067543783727971,Train
DTXSID6023529,0.5277777777777778,0.4374822392725206,2.6981475126464085,Train
DTXSID5037527,0.5609756097560976,0.516194326880657,3.54400902933387,Train
DTXSID8020252,0.6785714285714286,0.6506642004627938,3.3941125496954285,Train
DTXSID5046770,0.6481481481481481,0.6334732788881725,4.5563142999578075,Train
DTXSID4024775,0.6363636363636364,0.616006216006216,1.8330302779823362,Train
DTXSID0045670,0.775,0.7617819093810885,4.228474902373195,Train
DTXSID9021134,0.5333333333333333,0.4667272727272727,2.3579652245103193,Train
DTXSID5023669,0.6938775510204082,0.6483366322605597,3.8935844667863573,Train
DTXSID8020200,0.6153846153846154,0.5286324786324786,1.5491933384829668,Train
DTXSID8042002,0.5405405405405406,0.47159003159003154,3.3526109228480423,Train
DTXSID6041185,0.6206896551724138,0.5751300115037601,3.358571124749333,Train
DTXSID1021904,0.2857142857142857,0.2857142857142857,2.0,Train
DTXSID2020680,0.6666666666666666,0.3666666666666666,1.216552506059644,Train
DTXSID1049352,0.6052631578947368,0.5589119858469703,3.5156791662493894,Train
DTXSID4042206,0.5294117647058824,0.32649384318559216,2.1071307505705477,Train
DTXSID5026914,0.0,0.0,0.0,Train
DTXSID7023980,0.546875,0.4413296555139775,3.4467375879228177,Train
DTXSID6044931,0.4666666666666667,0.45481481481481484,3.388214869219483,Train
DTXSID7046201,0.5909090909090909,0.4762818415244886,4.064480286580316,Train
DTXSID7045659,0.7272727272727273,0.6922100706311234,4.1085277168348275,Train
DTXSID0057627,0.64,0.6066111111111112,4.485532298401162,Train
DTXSID7048792,0.6779661016949152,0.6234212617263465,4.967896939349688,Train
DTXSID8040723,0.5238095238095238,0.5054480264630826,3.249615361854384,Train
DTXSID6027713,0.375,0.2820129664769134,2.3065125189341593,Train
DTXSID1027504,0.4074074074074074,0.38007662835249045,2.6758176320519302,Train
DTXSID6021296,0.6666666666666666,0.6406308659893565,4.890807704254994,Train
DTXSID6033241,0.4827586206896552,0.4048629531388152,1.9183326093250879,Train
DTXSID7044972,0.16666666666666666,0.13333333333333333,1.6,Train
DTXSID6021618,0.45,0.3925464731347085,1.9390719429665317,Train
DTXSID0047618,0.5806451612903226,0.5223195084485407,3.0724582991474434,Train
DTXSID1048839,0.6444444444444445,0.5701041776651532,4.237924020083418,Train
DTXSID6024462,0.5,0.4427586206896551,2.4331050121192876,Train
DTXSID9030707,0.6929824561403509,0.6738213292819212,6.371812928829597,Train
DTXSID4020666,0.6190476190476191,0.5382936507936509,2.144761058952722,Train
DTXSID6029202,0.4230769230769231,0.38984615384615384,2.4494897427831783,Train
DTXSID3027249,0.5,0.45822527332824814,2.349468024894146,Train
DTXSID5020233,0.7945205479452054,0.6173753158021829,4.894895300208167,Train
DTXSID4027604,0.5945945945945946,0.5191967228552594,3.2186953878862163,Train
DTXSID1049271,0.631578947368421,0.6001604843710107,3.6000000000000005,Train
DTXSID7021156,0.7096774193548387,0.6748253582242567,3.954743986657038,Train
DTXSID5046560,0.6190476190476191,0.6190476190476191,3.605551275463989,Train
DTXSID4023628,0.5806451612903226,0.4659495737919319,3.3346664001066135,Train
DTXSID2048618,0.49295774647887325,0.42302319292096674,3.8418745424597094,Train
DTXSID4044668,0.6285714285714286,0.5923627984918307,3.509985754956849,Train
DTXSID4020400,0.5,0.4450682382133995,2.3579652245103193,Train
DTXSID8040698,0.625,0.5266494133885438,2.4576411454889016,Train
DTXSID0022016,0.7857142857142857,0.7537240537240537,2.08806130178211,Train
DTXSID6047288,0.7625,0.7532148648452995,6.508456038109192,Train
DTXSID9024489,0.5185185185185185,0.49010850130490313,2.2,Train
DTXSID7032004,0.5714285714285714,0.47326353233329976,3.187475490101846,Train
DTXSID2048872,0.6,0.42480519480519485,2.383275057562597,Train
DTXSID0027436,0.6470588235294118,0.6104024767801858,2.5922962793631443,Train
DTXSID2046755,0.7669902912621359,0.46534104627384654,4.694677837722201,Train
DTXSID0022191,0.5897435897435898,0.5350610174139587,3.0919249667480617,Train
DTXSID4048983,0.8074074074074075,0.8003563781095627,9.008884503644166,Train
DTXSID1034181,0.6710526315789473,0.5525800585351079,4.79583152331272,Train
DTXSID4044371,0.6590909090909091,0.5860282860683823,3.492849839314596,Train
DTXSID5027805,0.4827586206896552,0.4539499297970063,2.349468024894146,Train
DTXSID4026769,0.6923076923076923,0.6204836829836831,1.9287301521985911,Train
DTXSID1045611,0.647887323943662,0.5038334171696848,4.019950248448357,Train
DTXSID0023373,0.4057971014492754,0.34664396203499004,3.2924155266308657,Train
DTXSID0027309,0.46153846153846156,0.4085685618729097,2.6758176320519302,Train
DTXSID2022678,0.71875,0.6544747001364649,5.011985634456668,Train
DTXSID4049038,0.6774193548387096,0.670619006102877,3.2372828112477294,Train
DTXSID4048193,0.5238095238095238,0.43915732959850606,1.9183326093250879,Train
DTXSID1045825,0.5806451612903226,0.5280179211469533,2.8071337695236402,Train
DTXSID3045697,0.5555555555555556,0.5119462921901945,2.6608269391300143,Train
DTXSID0032601,0.578125,0.5562580966228523,4.1521078984053394,Train
DTXSID6046395,0.42857142857142855,0.30736218889469663,2.12602916254693,Train
DTXSID4032580,0.6619718309859155,0.6389913300558066,5.067543783727971,Train
DTXSID5020815,0.8,0.7949210903873745,3.4583232931581165,Train
DTXSID6041892,0.5,0.41263157894736846,1.7663521732655694,Train
DTXSID2045280,0.6481481481481481,0.6281361950464941,3.638681079732051,Train
DTXSID8029602,0.6153846153846154,0.551946261623681,3.736308338453881,Train
DTXSID8049250,0.15384615384615385,0.03076923076923077,0.4,Train
DTXSID6045452,0.6567164179104478,0.5957659157831277,5.340411969127476,Train
DTXSID0047169,0.7241379310344828,0.686845466155811,3.560898762952971,Train
DTXSID1044227,0.7777777777777778,0.7474963060493015,4.525483399593905,Train
DTXSID5045594,0.6530612244897959,0.620404492137015,3.9446165846632044,Train
DTXSID1038298,0.5,0.46491638795986623,2.4166091947189146,Train
DTXSID2041622,0.6956521739130435,0.578503782217828,5.071488933242386,Train
DTXSID0026171,0.6206896551724138,0.566794380587484,2.4494897427831783,Train
DTXSID8032548,0.6349206349206349,0.5331132660216172,4.237924020083418,Train
DTXSID3040724,0.47368421052631576,0.36128891490607207,2.946183972531247,Train
DTXSID9044950,0.5757575757575758,0.4661077597183073,2.7422618401604177,Train
DTXSID0021915,0.14285714285714285,0.14285714285714285,1.7320508075688772,Train
DTXSID3021304,0.7368421052631579,0.7185971382448376,2.705549851693737,Train
DTXSID2044842,0.68,0.6479607843137255,3.2186953878862163,Train
DTXSID8021729,0.5961538461538461,0.5508007306866505,3.4583232931581165,Train
DTXSID3047504,0.6440677966101694,0.6190020513855259,5.226853738148792,Train
DTXSID6047656,0.47619047619047616,0.44345238095238093,2.863564212655271,Train
DTXSID0021965,0.5,0.45999999999999996,2.06881608655772,Train
DTXSID3025122,0.3333333333333333,0.2472549019607843,1.562049935181331,Train
DTXSID2040787,0.48148148148148145,0.2785185185185185,1.7088007490635062,Train
DTXSID8025759,0.5555555555555556,0.4622140522875817,2.545584412271571,Train
DTXSID9020081,0.6571428571428571,0.6356681823923203,3.5042830935870466,Train
DTXSID4049036,0.6111111111111112,0.4227777777777778,2.6229754097208002,Train
DTXSID8027246,0.6956521739130435,0.49117721840833967,2.12602916254693,Train
DTXSID4047466,0.631578947368421,0.614452798663325,3.0789608636681307,Train
DTXSID8024864,0.7083333333333334,0.6830303030303031,2.9799328851502684,Train
DTXSID7047065,0.5185185185185185,0.45357839042049564,1.8110770276274835,Train
DTXSID6057794,0.723404255319149,0.6983141546971334,4.5431266766402185,Train
DTXSID5037236,0.6046511627906976,0.4564950014933201,2.898275349237888,Train
DTXSID1021403,0.6470588235294118,0.5689286729184426,1.788854381999832,Train
DTXSID5044655,0.4583333333333333,0.4041666666666666,2.280350850198276,Train
DTXSID1048679,0.7391304347826086,0.5546861573628468,4.09878030638384,Train
DTXSID3032751,0.6666666666666666,0.5649084249084249,2.7928480087537886,Train
DTXSID9045390,0.5882352941176471,0.5806281908990012,4.0743097574926725,Train
DTXSID1057610,0.7076923076923077,0.6981089846567254,5.075431016179809,Train
DTXSID2021810,0.5454545454545454,0.48026315789473684,1.9390719429665317,Train
DTXSID6029254,0.5806451612903226,0.5131910669975186,2.4657656011875906,Train
DTXSID0023581,0.7647058823529411,0.6320198092805643,5.329165037789691,Train
DTXSID1047946,0.15384615384615385,0.03076923076923077,0.4,Train
DTXSID9048801,0.7631578947368421,0.730218403150734,4.931531202375181,Train
DTXSID1023441,0.44680851063829785,0.35217954037406923,2.6608269391300143,Train
DTXSID9021344,0.5789473684210527,0.5538355693154455,2.04939015319192,Train
DTXSID8057776,0.7333333333333333,0.70216728924046,3.81051177665153,Train
DTXSID0023240,0.7096774193548387,0.6877112135176653,3.5777087639996634,Train
DTXSID6048888,0.6842105263157895,0.40225956256866074,2.4576411454889016,Train
DTXSID9027522,0.6511627906976745,0.5722795432875654,3.4292856398964493,Train
DTXSID2026157,0.6470588235294118,0.5935542888484064,2.979932885150268,Train
DTXSID9024691,0.5217391304347826,0.40868083003952566,1.9183326093250879,Train
DTXSID6045660,0.7755102040816326,0.7504740107929477,4.849742261192857,Train
DTXSID9048514,0.6666666666666666,0.6459814670991517,4.991993589739474,Train
DTXSID0026258,0.75,0.6717094017094017,2.4819347291981715,Train
DTXSID0049230,0.6,0.47475355054302426,2.3748684174075834,Train
DTXSID3048788,0.6486486486486487,0.5956821106821107,4.1085277168348275,Train
DTXSID3040697,0.5263157894736842,0.4746439628482972,2.029778313018444,Train
DTXSID1041188,0.59375,0.5568548387096774,3.411744421846396,Train
DTXSID2047060,0.45454545454545453,0.38257575757575757,1.4966629547095767,Train
DTXSID8022111,0.42857142857142855,0.40689298446651384,2.8425340807103794,Train
DTXSID9048936,0.4626865671641791,0.36228105628002694,3.2741411087489802,Train
DTXSID4027650,0.6875,0.6714435545385202,2.8071337695236402,Train
DTXSID7027546,0.65625,0.6106040195714109,3.0919249667480613,Train
DTXSID2057603,0.7534246575342466,0.5938346733312899,4.69041575982343,Train
DTXSID7041413,0.6888888888888889,0.36213868003341687,2.315167380558045,Train
DTXSID5042459,0.5185185185185185,0.24179894179894176,1.61245154965971,Train
DTXSID4042468,0.7297297297297297,0.6404847404847406,3.768288736283355,Train
DTXSID9042209,0.3333333333333333,0.3333333333333333,2.449489742783178,Train
DTXSID0032811,0.6190476190476191,0.5577035726571331,2.3579652245103193,Train
DTXSID3021518,0.55,0.3957142857142857,1.4422205101855958,Train
DTXSID4044585,0.6909090909090909,0.6579405300957025,4.878524367060187,Train
DTXSID6024628,0.5882352941176471,0.5128851540616246,1.6248076809271923,Train
DTXSID4044901,0.625,0.5393745143745143,3.0659419433511785,Train
DTXSID2044507,0.7333333333333333,0.6875603936445105,4.349712634186309,Train
DTXSID7046887,0.8055555555555556,0.7815066623285801,6.502307282803543,Train
DTXSID4024640,0.47368421052631576,0.4204511278195489,1.8330302779823362,Train
DTXSID2046464,0.5,0.4476893939393939,2.898275349237888,Train
DTXSID5046726,0.6666666666666666,0.624383758137482,3.939543120718442,Train
DTXSID8047846,0.6612903225806451,0.5860071914317788,4.947726750741193,Train
DTXSID1040740,0.7647058823529411,0.7222533457827576,3.611094017053558,Train
DTXSID8040484,0.7619047619047619,0.7485326683921469,5.96992462263972,Train
DTXSID2040652,0.782608695652174,0.7016594530788904,4.445222154178574,Train
DTXSID8023713,0.543859649122807,0.4318878428564409,2.4819347291981715,Train
DTXSID5029184,0.4583333333333333,0.4144805194805195,1.8,Train
DTXSID8045511,0.49411764705882355,0.44632451991874583,4.422668877499197,Train
DTXSID6021957,0.36666666666666664,0.30343854282536153,1.5362291495737217,Train
DTXSID2045238,0.46296296296296297,0.3471459419787687,3.0199337741083,Train
DTXSID0047876,0.65625,0.5884196103167929,3.4351128074635335,Train
DTXSID9044873,0.20833333333333334,0.07366666666666667,0.66332495807108,Train
DTXSID8049337,0.45454545454545453,0.43272727272727274,2.0976176963403033,Train
DTXSID2046919,0.7380952380952381,0.7127700929561396,4.529900661162451,Train
DTXSID8024315,0.6111111111111112,0.49772942934809866,3.6276714294434114,Train
DTXSID3047055,0.7708333333333334,0.7591078431372549,4.890807704254994,Train
DTXSID4021397,0.6666666666666666,0.6415584415584414,4.560701700396552,Train
DTXSID9044378,0.3783783783783784,0.3609137709137709,3.340658617698013,Train
DTXSID4057639,0.7192982456140351,0.6691241993873572,4.959838707054898,Train
DTXSID2043874,0.5185185185185185,0.48189832068092936,2.749545416973504,Train
DTXSID6025804,0.0,0.0,0.0,Train
DTXSID0027513,0.7058823529411765,0.6650753054845128,2.3065125189341593,Train
DTXSID9021633,0.5555555555555556,0.44560010038270903,1.9697715603592212,Train
DTXSID8026727,0.46153846153846156,0.3646153846153847,1.876166303929372,Train
DTXSID6025355,0.47058823529411764,0.4498529411764706,2.584569596664017,Train
DTXSID3021984,0.2857142857142857,0.05714285714285714,0.4,Train
DTXSID8029315,0.5757575757575758,0.5151589307985304,3.3763886032268267,Train
DTXSID1048837,0.5952380952380952,0.5501587301587302,3.2557641192199416,Train
DTXSID1025770,0.41935483870967744,0.3823552420882788,2.2,Train
DTXSID8027793,0.6571428571428571,0.62897212543554,3.8781438859330635,Train
DTXSID6024254,0.45454545454545453,0.3440836940836941,1.2806248474865698,Train
DTXSID8031863,0.0,0.0,0.0,Train
DTXSID3024499,0.55,0.4916849816849817,1.9078784028338915,Train
DTXSID3022326,0.6933333333333334,0.5894594458825477,4.927473997901968,Train
DTXSID3022821,0.6170212765957447,0.5106481363869684,3.773592452822642,Train
DTXSID8045987,0.7586206896551724,0.7295148394539875,3.532704346531139,Train
DTXSID7048744,0.6875,0.5805769230769231,1.8439088914585775,Train
DTXSID1033664,0.3617021276595745,0.2986811943976007,2.505992817228334,Train
DTXSID4047838,0.5483870967741935,0.4908477432837833,3.0659419433511785,Train
DTXSID4047628,0.6666666666666666,0.6415686274509803,2.668332812825267,Train
DTXSID9049403,0.7352941176470589,0.6837518831579553,3.54400902933387,Train
DTXSID7024952,0.5384615384615384,0.37959706959706957,1.6852299546352718,Train
DTXSID2044686,0.65,0.6211704858929888,3.9597979746446663,Train
DTXSID2026864,0.23076923076923078,0.12615384615384614,0.938083151964686,Train
DTXSID5020520,0.6875,0.6875,2.4248711305964283,Train
DTXSID4020820,0.7931034482758621,0.772844827586207,3.487119154832539,Train
DTXSID9026849,0.7,0.6133333333333333,1.6733200530681513,Train
DTXSID9021764,0.5625,0.5125,1.969771560359221,Train
DTXSID9044401,0.5714285714285714,0.5514224664224663,2.340939982143925,Train
DTXSID6047313,0.7258064516129032,0.7140828104237741,5.422176684690384,Train
DTXSID8026488,0.7096774193548387,0.6349820788530467,3.3105890714493698,Train
DTXSID0042038,0.16666666666666666,0.10909090909090909,1.2165525060596438,Train
DTXSID0037522,0.6511627906976745,0.6352275063103742,4.2708313008125245,Train
DTXSID2044971,0.4375,0.40532284761411896,2.8071337695236402,Train
DTXSID8022589,0.725,0.6175193798449612,3.6660605559646724,Train
DTXSID7057658,0.5172413793103449,0.5024300504834431,3.111269837220809,Train
DTXSID0023038,0.7323943661971831,0.6993122065727699,4.833218389437829,Train
DTXSID2045654,0.6756756756756757,0.6548246776187951,3.4985711369071804,Train
DTXSID4044408,0.5652173913043478,0.5194027986006995,2.244994432064365,Train
DTXSID5044817,0.7297297297297297,0.7232545045045046,4.137632173115441,Train
DTXSID7041544,0.7169811320754716,0.6853876226054159,4.440720662234903,Train
DTXSID8026193,0.47058823529411764,0.4302521008403361,1.6970562748477143,Train
DTXSID6020222,0.5416666666666666,0.4773569023569023,2.3916521486202797,Train
DTXSID3041376,0.6666666666666666,0.6526960784313725,3.757658845611187,Train
DTXSID1020803,0.7192982456140351,0.5539561087740145,3.9949968710876362,Train
DTXSID5047538,0.2962962962962963,0.20423280423280424,1.5491933384829668,Train
DTXSID5021837,0.45,0.37416666666666665,2.0297783130184444,Train
DTXSID3048780,0.7010309278350515,0.6130285886597223,4.874423042781577,Train
DTXSID3057642,0.6153846153846154,0.5545662847790507,3.5552777669262356,Train
DTXSID9045508,0.726027397260274,0.6792421277352784,5.023942674832188,Train
DTXSID9046780,0.6666666666666666,0.6433113999311182,5.2115256883181535,Train
DTXSID1047601,0.5652173913043478,0.5254492097842481,2.5455844122715714,Train
DTXSID2045781,0.6129032258064516,0.5903447889944513,3.452535300326414,Train
DTXSID7057785,0.5428571428571428,0.4973101673101673,3.3645207682521443,Train
DTXSID1047029,0.9166666666666666,0.7451515151515151,2.6305892875931813,Train
DTXSID4048808,0.5862068965517241,0.5462643678160919,2.8354893757515653,Train
DTXSID1046423,0.5733333333333334,0.5273650793650793,4.68187996428785,Train
DTXSID1048598,0.5185185185185185,0.4810151445891969,4.804164859785726,Train
DTXSID3047683,0.8076923076923077,0.7943514328808445,3.3823069050575527,Train
DTXSID3041873,0.55,0.41465709728867617,2.9933259094191533,Train
DTXSID9021897,0.5769230769230769,0.5605138822530126,2.5377155080899043,Train
DTXSID4025793,0.5,0.45833333333333337,2.5612496949731396,Train
DTXSID4041234,0.625,0.569751866490997,2.9120439557122073,Train
DTXSID8057645,0.6756756756756757,0.6325904181887955,3.532704346531139,Train
DTXSID3038694,0.5652173913043478,0.49354413702239786,2.4331050121192876,Train
DTXSID6047070,0.7391304347826086,0.6672868712702472,1.8654758106177631,Train
DTXSID9025297,0.4166666666666667,0.35769248461848085,2.8354893757515653,Train
DTXSID0025733,0.4642857142857143,0.40678817733990147,2.32379000772445,Train
DTXSID0023909,0.5769230769230769,0.4832793522267206,2.2891046284519194,Train
DTXSID3047893,0.7419354838709677,0.7302562080550695,4.113392760240627,Train
DTXSID8020757,0.48,0.44159595959595954,1.9078784028338915,Train
DTXSID5047291,0.6833333333333333,0.5776883258665416,4.613025037868319,Train
DTXSID2047779,0.6938775510204082,0.6009100131280583,3.9293765408777004,Train
DTXSID1045871,0.6458333333333334,0.627893098079917,4.256759330758553,Train
DTXSID8057697,0.5733333333333334,0.4858221573568369,4.711687595755899,Train
DTXSID1025485,0.5,0.39967159277504105,2.1725560982400434,Train
DTXSID6026298,0.46153846153846156,0.39668677727501256,1.2649110640673518,Train
DTXSID5026120,0.6521739130434783,0.6147940503432494,2.6832815729997477,Train
DTXSID7024376,0.6333333333333333,0.5417777777777778,2.5922962793631443,Train
DTXSID0020442,0.3611111111111111,0.3206520853698273,1.7549928774784245,Train
DTXSID7037717,0.5925925925925926,0.5568438003220612,3.0724582991474434,Train
DTXSID1047659,0.4411764705882353,0.37135964103509744,2.7129319932501077,Train
DTXSID1020728,0.65,0.5964189886480908,2.592296279363144,Train
DTXSID3045304,0.4,0.2927811213177066,2.0099751242241783,Train
DTXSID3057723,0.7659574468085106,0.74499205743678,5.929586832149438,Train
DTXSID6020274,0.6,0.43915396200380297,3.8574603043971822,Train
DTXSID4047593,0.7666666666666667,0.7419987717925307,3.8366652186501757,Train
DTXSID9041653,0.6285714285714286,0.6101576759736153,3.3045423283716615,Train
DTXSID7046756,0.43283582089552236,0.34622381404016705,2.6457513110645907,Train
DTXSID7024538,0.6666666666666666,0.6292547092547092,3.4176014981270124,Train
DTXSID4039231,0.6153846153846154,0.5961538461538461,1.886796226411321,Train
DTXSID8041452,0.6206896551724138,0.4931352785145888,2.90516780926679,Train
DTXSID0046511,0.9130434782608695,0.7473393629000037,2.764054992217051,Train
DTXSID6046391,0.6923076923076923,0.5905376745724438,3.4176014981270124,Train
DTXSID3044916,0.4482758620689655,0.38936945812807877,3.046309242345563,Train
DTXSID5047033,0.6333333333333333,0.38,2.3579652245103193,Train
DTXSID1045324,0.6590909090909091,0.6157485789064736,4.445222154178574,Train
DTXSID1027134,0.47058823529411764,0.41218291512409166,2.6832815729997477,Train
DTXSID3049334,0.5384615384615384,0.4120401337792642,1.949358868961793,Train
DTXSID8048735,0.7704918032786885,0.6997875837133819,4.190465367951393,Train
DTXSID5044441,0.6071428571428571,0.5383439032363517,2.457641145488902,Train
DTXSID4020294,0.5128205128205128,0.49221927497789564,2.6758176320519307,Train
DTXSID3024152,0.6166666666666667,0.4935973621998258,3.6606010435446255,Train
DTXSID2046545,0.6190476190476191,0.5639775910364145,2.9120439557122073,Train
DTXSID9025534,0.7804878048780488,0.757604533535214,4.161730409336962,Train
DTXSID2049428,0.6451612903225806,0.6198368557656655,3.0919249667480613,Train
DTXSID6021741,0.07692307692307693,0.07692307692307693,1.0,Train
DTXSID2048797,0.6857142857142857,0.6676768526768526,3.924283374069717,Train
DTXSID0020074,0.75,0.7096866096866097,3.4813790371058424,Train
DTXSID5025819,0.52,0.48765217391304355,2.1447610589527217,Train
DTXSID5025152,0.29411764705882354,0.2735294117647059,1.4282856857085702,Train
DTXSID9045685,0.7027027027027027,0.6931408612399512,4.123105625617661,Train
DTXSID3029158,0.6666666666666666,0.5765367746288799,1.98997487421324,Train
DTXSID1044697,0.6551724137931034,0.6132586064287955,3.3406586176980135,Train
DTXSID6024200,0.52,0.45955555555555555,2.029778313018444,Train
DTXSID2049210,0.6,0.5501343873517787,2.9664793948382653,Train
DTXSID7041627,0.5588235294117647,0.5222910216718267,3.340658617698013,Train
DTXSID0020943,0.45454545454545453,0.3634378265412749,2.3916521486202797,Train
DTXSID9041815,0.6666666666666666,0.514102564102564,2.4819347291981715,Train
DTXSID9047960,0.5652173913043478,0.5210143859221796,1.8973665961010275,Train
DTXSID9047629,0.56,0.5434589371980677,2.6832815729997477,Train
DTXSID7025895,0.5,0.44962318840579707,2.078460969082653,Train
DTXSID3045192,0.6326530612244898,0.5077047013137239,3.452535300326414,Train
DTXSID7020184,0.6176470588235294,0.5734047230114033,4.591296113299599,Train
DTXSID4045133,0.7380952380952381,0.6757332720322171,4.228474902373195,Train
DTXSID3024239,0.75,0.7320427807486631,5.310367218940701,Train
DTXSID8029606,0.6842105263157895,0.6498855835240274,2.545584412271571,Train
DTXSID6024670,0.5882352941176471,0.5420940458563288,2.227105745132009,Train
DTXSID9041813,0.7241379310344828,0.5899486688279791,2.4738633753705965,Train
DTXSID6042490,0.6363636363636364,0.5590242987147012,2.4166091947189146,Train
DTXSID0022220,0.5,0.47282913165266105,2.2538855339169293,Train
DTXSID5024764,0.5263157894736842,0.4705995423340961,2.078460969082653,Train
DTXSID6021959,0.6,0.5361290322580645,2.0099751242241783,Train
DTXSID0046060,0.5365853658536586,0.46678269975939257,3.2,Train
DTXSID3046908,0.5416666666666666,0.4324009866102889,3.3823069050575527,Train
DTXSID3024368,0.3125,0.2125,1.3711309200802089,Train
DTXSID3032129,0.6944444444444444,0.5727752639517346,3.22490309931942,Train
DTXSID4047672,0.7285714285714285,0.7198529853134825,5.817215828899595,Train
DTXSID3048603,0.4605263157894737,0.36823728762794733,3.888444419044716,Train
DTXSID7023510,0.6,0.5573233270794247,3.2619012860600183,Train
DTXSID1021879,0.6111111111111112,0.5878968253968254,2.383275057562597,Train
DTXSID6023363,0.38235294117647056,0.3631632130635122,3.6823905279043943,Train
DTXSID0020523,0.41379310344827586,0.393103448275862,1.98997487421324,Train
DTXSID1040243,0.7346938775510204,0.6517805649264616,3.944616584663204,Train
DTXSID3047970,0.5862068965517241,0.5572861774241085,3.4871191548325386,Train
DTXSID0045674,0.7375,0.6493916365145072,5.425863986500215,Train
DTXSID9048192,0.5,0.38356902356902356,2.513961017995307,Train
DTXSID7046623,0.7884615384615384,0.7671358328581035,5.019960159204453,Train
DTXSID8020591,0.6,0.5674078293814453,3.773592452822642,Train
DTXSID5022061,0.48,0.46971428571428575,2.5298221281347035,Train
DTXSID4023620,0.6904761904761905,0.6643529946443053,4.795831523312719,Train
DTXSID3023051,0.6842105263157895,0.5986474170684697,3.4058772731852804,Train
DTXSID2025680,0.4375,0.2729040404040404,2.3748684174075834,Train
DTXSID8045220,0.6607142857142857,0.6518859047928816,4.591296113299599,Train
DTXSID1022556,0.7358490566037735,0.5396117978746476,3.725587202039432,Train
DTXSID1027716,0.3103448275862069,0.227626655880271,1.5620499351813308,Train
DTXSID3049049,0.7586206896551724,0.750403034613561,5.851495535331118,Train
DTXSID0044606,0.5384615384615384,0.4925242404654169,3.423448553724738,Train
DTXSID7025479,0.5909090909090909,0.4780586654724586,2.3151673805580453,Train
DTXSID2046412,0.5555555555555556,0.49565217391304356,2.4738633753705965,Train
DTXSID3021645,0.0,0.0,0.0,Train
DTXSID3023180,0.573170731707317,0.48911398738928413,4.833218389437829,Train
DTXSID7038810,0.7083333333333334,0.680976527286596,2.877498913987632,Train
DTXSID0021460,0.7407407407407407,0.6680302874567443,4.47213595499958,Train
DTXSID3045857,0.5573770491803278,0.490441689548614,4.237924020083418,Train
DTXSID7037553,0.5,0.48798187546461824,3.6986484017813863,Train
DTXSID7032555,0.7924528301886793,0.759054671772525,5.4258639865002145,Train
DTXSID9047548,0.7333333333333333,0.6245098039215686,2.939387691339814,Train
DTXSID4045555,0.6896551724137931,0.6293822141692325,3.0594117081556713,Train
DTXSID4048511,0.7333333333333333,0.7174248307447233,6.371812928829597,Train
DTXSID7038864,0.48484848484848486,0.40577371789830075,2.6229754097208002,Train
DTXSID6047236,0.5483870967741935,0.3643782740556934,2.3579652245103193,Train
DTXSID0040672,0.4423076923076923,0.370576566290852,3.1937438845342627,Train
DTXSID7022384,0.575,0.3952173913043478,2.65329983228432,Train
DTXSID8057805,0.6666666666666666,0.3981487426266949,3.32264954516723,Train
DTXSID6025723,0.4827586206896552,0.41533990147783256,2.65329983228432,Train
DTXSID9046861,0.6438356164383562,0.6004352108125363,5.079370039680118,Train
DTXSID7024328,0.6,0.5401336675020885,2.3916521486202797,Train
DTXSID6049309,0.5714285714285714,0.5331005291005291,2.4166091947189146,Train
DTXSID1047287,0.788235294117647,0.7847020730976448,6.443601477434805,Train
DTXSID5025021,0.6046511627906976,0.5849463390007166,3.111269837220809,Train
DTXSID6041056,0.6333333333333333,0.5863468992248062,2.973213749463701,Train
DTXSID8045480,0.6046511627906976,0.5506030749596406,4.019950248448356,Train
DTXSID9023679,0.76,0.62255673543316,4.2895221179054435,Train
DTXSID0044656,0.6,0.5260070893345896,2.23606797749979,Train
DTXSID1057826,0.5945945945945946,0.5527271055962827,3.627671429443411,Train
DTXSID7021102,0.41935483870967744,0.4026335610808,3.638681079732051,Train
DTXSID0024503,0.6296296296296297,0.5856207643880221,2.8425340807103794,Train
DTXSID2057657,0.47058823529411764,0.44362864405706776,3.566510900025402,Train
DTXSID2020717,0.5625,0.5231411238825032,2.6076809620810595,Train
DTXSID9027528,0.6521739130434783,0.6341740385218646,3.4525353003264136,Train
DTXSID6044357,0.4827586206896552,0.4310810910334307,2.349468024894146,Train
DTXSID8025969,0.7142857142857143,0.6035409035409035,1.5748015748023623,Train
DTXSID9049247,0.6470588235294118,0.5235566699798199,2.932575659723036,Train
DTXSID1032303,0.25,0.25,2.23606797749979,Train
DTXSID7020348,0.64,0.6019031339031339,3.0659419433511785,Train
DTXSID0042379,0.7058823529411765,0.6248761042878691,2.06881608655772,Train
DTXSID0047953,0.42857142857142855,0.2704761904761904,1.4832396974191326,Train
DTXSID6027509,0.42857142857142855,0.3980952380952381,2.3664319132398464,Train
DTXSID8046034,0.7410714285714286,0.7026492091632937,6.44980619863884,Train
DTXSID0041646,0.7014925373134329,0.5380628602020671,3.9749213828703582,Train
DTXSID1037197,0.7,0.6081664098613251,3.9191835884530852,Train
DTXSID3049417,0.7272727272727273,0.6996468890586538,2.4979991993593593,Train
DTXSID3022164,0.5862068965517241,0.5311792675091025,3.0789608636681307,Train
DTXSID4022579,0.75,0.7133333333333333,2.3748684174075834,Train
DTXSID5057676,0.6909090909090909,0.6552943269169684,5.261178575186362,Train
DTXSID4041604,0.20833333333333334,0.1431818181818182,1.5620499351813306,Train
DTXSID4041492,0.625,0.5934452366805308,3.174901573277509,Train
DTXSID8047713,0.5161290322580645,0.43247591118558865,2.4979991993593593,Train
DTXSID8021802,0.6,0.48507936507936505,1.6970562748477143,Train
DTXSID4020032,0.5333333333333333,0.4868478260869565,1.5874507866387546,Train
DTXSID7022590,0.5,0.44071014630786925,2.1725560982400434,Train
DTXSID0040701,0.5,0.48533333333333334,2.6758176320519307,Train
DTXSID0029133,0.42857142857142855,0.3746778711484594,1.7204650534085253,Train
DTXSID1027265,0.38461538461538464,0.24551282051282053,0.8,Train
DTXSID6026878,0.6666666666666666,0.5438639791580968,1.6248076809271923,Train
DTXSID9047704,0.75,0.6788694579017159,3.54400902933387,Train
DTXSID2049002,0.5211267605633803,0.41153705033163235,4.1424630354415966,Train
DTXSID8022404,0.4782608695652174,0.40969979296066256,1.8000000000000003,Train
DTXSID7024081,0.7307692307692307,0.685042735042735,3.0528675044947495,Train
DTXSID4044905,0.7142857142857143,0.656688798457914,2.8495613697550017,Train
DTXSID8024866,0.6857142857142857,0.6498518872431915,4.3817804600413295,Train
DTXSID6049018,0.5833333333333334,0.5447712418300654,2.4899799195977463,Train
DTXSID1022001,0.42857142857142855,0.4169836355594869,1.854723699099141,Train
DTXSID0023660,0.5961538461538461,0.5617897372897374,3.97994974842648,Train
DTXSID2045812,0.6666666666666666,0.6063470526157093,4.454211490264018,Train
DTXSID7032551,0.6567164179104478,0.5916978100080446,4.724404724407087,Train
DTXSID6044696,0.6666666666666666,0.621014301014301,3.4871191548325386,Train
DTXSID8045933,0.6111111111111112,0.5202088797222858,4.308131845707604,Train
DTXSID9030258,0.7272727272727273,0.6933116883116884,2.8354893757515653,Train
DTXSID1022007,0.45,0.32443223443223446,1.624807680927192,Train
DTXSID5024471,0.5294117647058824,0.5103325342676255,3.0594117081556713,Train
DTXSID2029244,0.7058823529411765,0.6648529411764706,2.4248711305964283,Train
DTXSID9047590,0.3448275862068966,0.3211822660098522,2.4494897427831783,Train
DTXSID4046529,0.5333333333333333,0.4719540229885057,2.9664793948382653,Train
DTXSID1029338,0.5588235294117647,0.5160326601503072,2.764054992217051,Train
DTXSID5047661,0.6216216216216216,0.5456077467842173,3.1622776601683795,Train
DTXSID2041545,0.6666666666666666,0.6080532212885154,3.1874754901018454,Train
DTXSID5037523,0.6571428571428571,0.5533514739229025,3.6110940170535577,Train
DTXSID8020466,0.72,0.6697142857142857,2.5768197453450252,Train
DTXSID0041692,0.6,0.5527048768225239,2.9461839725312475,Train
DTXSID8044204,0.7684210526315789,0.7463490848356458,6.7468511173732,Train
DTXSID5057830,0.6888888888888889,0.5723441811015058,3.5721142198983507,Train
DTXSID7047774,0.65,0.538030303030303,3.5832945734337835,Train
DTXSID0044440,0.6052631578947368,0.4669633300758528,2.513961017995307,Train
DTXSID2020426,0.5151515151515151,0.49191919191919187,2.7712812921102037,Train
DTXSID7043902,0.55,0.5116258895641785,2.154065922853802,Train
DTXSID2044890,0.5384615384615384,0.47248776223776223,2.4413111231467406,Train
DTXSID0044236,0.6444444444444445,0.5893682469292225,4.019950248448356,Train
DTXSID8021515,0.42105263157894735,0.41461988304093567,2.764054992217051,Train
DTXSID1021243,0.6530612244897959,0.6056963210816242,4.947726750741193,Train
DTXSID0026701,0.44,0.4255494071146245,1.8654758106177631,Train
DTXSID0020446,0.4117647058823529,0.392146440687712,2.433105012119288,Train
DTXSID6026119,0.5714285714285714,0.5261078790490554,2.1166010488516727,Train
DTXSID4028040,0.6875,0.6341632401956203,3.1304951684997055,Train
DTXSID3020413,0.7222222222222222,0.6646668087524865,2.3916521486202797,Train
DTXSID1048209,0.48,0.4334741200828157,2.4248711305964283,Train
DTXSID1026031,0.0,0.0,0.0,Train
DTXSID9021718,0.6170212765957447,0.53418913607307,2.6608269391300143,Train
DTXSID6023286,0.5806451612903226,0.5199742513664416,3.0724582991474434,Train
DTXSID4037617,0.5853658536585366,0.5190279161748249,3.3704599092705436,Train
DTXSID3025889,0.5454545454545454,0.5218232747644512,2.4979991993593593,Train
DTXSID9020118,0.6666666666666666,0.634044908285895,3.8987177379235853,Train
DTXSID6027133,0.6,0.5419298245614035,2.449489742783178,Train
DTXSID2045444,0.7291666666666666,0.65670866489832,4.454211490264018,Train
DTXSID4034150,0.5238095238095238,0.3973389355742297,3.0,Train
DTXSID1025302,0.4782608695652174,0.34589155126043475,2.3065125189341593,Train
DTXSID1034929,0.7727272727272727,0.7596412809637961,5.447935388750495,Train
DTXSID7024247,0.5,0.44553921568627447,1.661324772583615,Train
DTXSID1030606,0.7647058823529411,0.7517746472205674,3.7841775856849003,Train
DTXSID1047104,0.5652173913043478,0.4923450655624569,2.638181191654584,Train
DTXSID3057690,0.29333333333333333,0.2744761904761905,3.872983346207417,Train
DTXSID7041411,0.6904761904761905,0.6454723879723879,4.034848200366403,Train
DTXSID9057630,0.75,0.7419480519480519,4.853864439804639,Train
DTXSID5033179,0.5294117647058824,0.4779301194161875,2.08806130178211,Train
DTXSID3027322,0.5263157894736842,0.3998192450824029,1.562049935181331,Train
DTXSID7021493,0.75,0.7478260869565216,3.423448553724738,Train
DTXSID9025451,0.3902439024390244,0.30662020905923343,3.006659275674582,Train
DTXSID6022557,0.7297297297297297,0.6671441026279736,3.2186953878862163,Train
DTXSID6047072,0.7317073170731707,0.7022676608730898,3.682390527904394,Train
DTXSID5037739,0.5,0.42862318840579705,2.2715633383201097,Train
DTXSID5047295,0.7205882352941176,0.6274277367294167,4.595650117230423,Train
DTXSID1032690,0.7586206896551724,0.7490780186182485,6.337191807101943,Train
DTXSID2047804,0.5,0.4416777280444514,3.693237062523878,Train
DTXSID3024736,0.6857142857142857,0.5763706563706563,3.588871688985272,Train
DTXSID2034338,0.6904761904761905,0.6576295980365747,3.9140771581561857,Train
DTXSID5045124,0.4473684210526316,0.42476780185758517,3.509985754956849,Train
DTXSID4045131,0.673469387755102,0.6365250463821892,4.409081537009721,Train
DTXSID7047649,0.5333333333333333,0.49822230929989547,2.9664793948382653,Train
DTXSID7029241,0.5238095238095238,0.46649488442591897,2.6076809620810595,Train
DTXSID8022117,0.8043478260869565,0.7023185377008465,2.7422618401604177,Train
DTXSID9047542,0.7333333333333333,0.670125519330159,5.019960159204453,Train
DTXSID1057743,0.6956521739130435,0.6741474543542745,5.621387729022079,Train
DTXSID0024397,0.41935483870967744,0.39311175115207375,1.854723699099141,Train
DTXSID4044662,0.5,0.43371241830065355,2.1166010488516727,Train
DTXSID8026060,0.5294117647058824,0.45512833316688306,2.545584412271571,Train
DTXSID7021867,0.5555555555555556,0.5102564102564102,2.0297783130184444,Train
DTXSID6048961,0.7536231884057971,0.7423601710975147,5.571355310873648,Train
DTXSID5045702,0.6444444444444445,0.5625234403839054,3.111269837220809,Train
DTXSID1022188,0.375,0.12205882352941178,0.7483314773547883,Train
DTXSID4029195,0.7,0.6991304347826087,3.22490309931942,Train
DTXSID4046024,0.7142857142857143,0.6503330518810395,4.476605857119878,Train
DTXSID2020636,0.7317073170731707,0.5442915274351208,4.1085277168348275,Train
DTXSID3024154,0.7419354838709677,0.7134231718102686,4.741307836451879,Train
DTXSID5046148,0.5344827586206896,0.5012931034482758,4.004996878900157,Train
DTXSID7024110,0.5194805194805194,0.39730054844190044,4.17612260356422,Train
DTXSID1024170,0.6818181818181818,0.6358585858585858,3.2186953878862163,Train
DTXSID9042259,0.5,0.3856551724137931,1.8439088914585775,Train
DTXSID3027039,0.6111111111111112,0.512,2.0099751242241783,Train
DTXSID3029655,0.6538461538461539,0.6071460423634336,2.4899799195977463,Train
DTXSID7020689,0.7272727272727273,0.6860606060606061,1.7088007490635064,Train
DTXSID8025757,0.6111111111111112,0.5701470588235295,2.0591260281974,Train
DTXSID4027997,0.71875,0.6974217752234994,3.3166247903554,Train
DTXSID3044881,0.5925925925925926,0.517915577342048,2.8000000000000003,Train
DTXSID6026167,0.5769230769230769,0.4816372033763338,2.280350850198276,Train
DTXSID3041530,0.6341463414634146,0.5928290172177685,4.13763217311544,Train
DTXSID1026293,0.625,0.5967983330776704,3.7682887362833544,Train
DTXSID0021886,0.7368421052631579,0.6768556005398111,2.5845695966640174,Train
DTXSID8049040,0.6785714285714286,0.641089904247799,4.737087712930805,Train
DTXSID7041887,0.5483870967741935,0.40397022332506205,2.764054992217051,Train
DTXSID1021039,0.65,0.4014285714285714,1.7204650534085255,Train
DTXSID2042149,0.5454545454545454,0.47174755069491914,2.3065125189341593,Train
DTXSID2057782,0.5,0.4477207038182648,3.0789608636681307,Train
DTXSID0022018,0.5789473684210527,0.4497178923178572,2.513961017995307,Train
DTXSID8026729,0.5,0.4307739938080495,1.8654758106177634,Train
DTXSID7023724,0.5555555555555556,0.4761190376859964,4.014971979976947,Train
DTXSID2027599,0.65,0.6089473684210526,2.078460969082653,Train
DTXSID6057661,0.5692307692307692,0.4666104923401721,4.09878030638384,Train
DTXSID0020737,0.6666666666666666,0.6308888888888888,2.7712812921102037,Train
DTXSID8047139,0.6538461538461539,0.533041958041958,2.6457513110645907,Train
DTXSID4048858,0.7377049180327869,0.6423171574907452,4.029888335921977,Train
DTXSID6026612,0.5357142857142857,0.49451322751322746,2.227105745132009,Train
DTXSID8047929,0.5833333333333334,0.5555369875222816,3.773592452822642,Train
DTXSID7044764,0.375,0.3376344086021505,2.1071307505705477,Train
DTXSID4022999,0.5142857142857142,0.4745519713261649,4.6475800154489,Train
DTXSID3021065,0.6153846153846154,0.5886855225671015,2.821347195933177,Train
DTXSID4027280,0.375,0.12205882352941178,0.7483314773547883,Train
DTXSID8045513,0.5869565217391305,0.5732953027032582,4.728636167014756,Train
DTXSID4027525,0.4838709677419355,0.4258047973531845,2.4413111231467406,Train
DTXSID8023050,0.6410256410256411,0.5731495726495727,3.8626415831655936,Train
DTXSID5051440,0.58,0.5390357142857143,2.7202941017470885,Train
DTXSID7046467,0.7304964539007093,0.7118365048358184,6.916646586316233,Train
DTXSID8027294,0.6451612903225806,0.6432073732718894,3.0331501776206204,Validation
DTXSID1024413,0.5,0.42200000000000004,1.886796226411321,Validation
DTXSID9045188,0.6326530612244898,0.5755922368947579,4.089009660052175,Validation
DTXSID5044603,0.6,0.5366692092550216,2.6981475126464085,Validation
DTXSID9026710,0.47619047619047616,0.4219047619047619,1.8654758106177631,Validation
DTXSID2021448,0.5,0.4646231884057971,1.8973665961010278,Validation
DTXSID5045598,0.7241379310344828,0.5556076558104955,4.634652090502588,Validation
DTXSID3022611,0.6,0.5165770116979794,2.6532998322843198,Validation
DTXSID6049301,0.38461538461538464,0.15384615384615385,0.894427190999916,Validation
DTXSID2044503,0.6818181818181818,0.6300416622155753,3.9140771581561853,Validation
DTXSID2025474,0.5757575757575758,0.5321959678355673,3.2619012860600183,Validation
DTXSID3047344,0.7551020408163265,0.7424912600583523,4.845616575834287,Validation
DTXSID5023902,0.4444444444444444,0.3457777777777778,1.9287301521985911,Validation
DTXSID5045205,0.5076923076923077,0.49323245060949983,4.538722287164087,Validation
DTXSID2020713,0.49056603773584906,0.44378547774213073,2.9664793948382653,Validation
DTXSID7024164,0.6285714285714286,0.5680648404418897,4.214261501141095,Validation
DTXSID0045175,0.6341463414634146,0.5513016742173134,3.2924155266308657,Validation
DTXSID7044132,0.484375,0.44062331559552287,3.9849717690342548,Validation
DTXSID8023632,0.5,0.36153846153846153,1.4560219778561039,Validation
DTXSID6045163,0.717948717948718,0.692153101136152,4.298837052040936,Validation
DTXSID8044593,0.6896551724137931,0.672775041050903,3.8314488121336034,Validation
DTXSID2047777,0.5853658536585366,0.5539046433526537,3.3346664001066135,Validation
DTXSID2024797,0.6818181818181818,0.6215311004784689,2.720294101747089,Validation
DTXSID0047296,0.7457627118644068,0.7072313877771961,5.272570530585627,Validation
DTXSID7049340,0.5172413793103449,0.4400620324758256,2.7856776554368237,Validation
DTXSID0025997,0.2727272727272727,0.19408033826638477,2.244994432064365,Validation
DTXSID1044356,0.5384615384615384,0.4466573426573426,2.5845695966640174,Validation
DTXSID8041379,0.5,0.4545343915343915,2.244994432064365,Validation
DTXSID9021130,0.6363636363636364,0.4862521138991728,2.630589287593181,Validation
DTXSID2032683,0.6296296296296297,0.5060710607317949,2.584569596664017,Validation
DTXSID6034928,0.7241379310344828,0.6839823804176609,5.118593556827891,Validation
DTXSID9047702,0.5416666666666666,0.46762187088274043,2.3748684174075834,Validation
DTXSID3044752,0.5769230769230769,0.517986013986014,2.3748684174075834,Validation
DTXSID2041389,0.5172413793103449,0.49207014674480937,2.553429066960741,Validation
DTXSID8021305,0.6538461538461539,0.5930485732782697,4.534313619501853,Validation
DTXSID9020584,0.6363636363636364,0.6215034965034965,1.6,Validation
DTXSID5041487,0.625,0.584447070819429,3.212475680841802,Validation
DTXSID0020369,0.775,0.7543720565149136,4.381780460041329,Validation
DTXSID5057624,0.6176470588235294,0.5207485441340051,2.8071337695236402,Validation
DTXSID4024690,0.7083333333333334,0.6796505376344085,2.5377155080899043,Validation
DTXSID8035001,0.4,0.4,2.8284271247461903,Validation
DTXSID6047440,0.5416666666666666,0.48819603356216623,2.2181073012818833,Validation
DTXSID4046107,0.5789473684210527,0.5051328081683039,3.124099870362662,Validation
DTXSID7044215,0.7121212121212122,0.5847288410406357,4.7791212581394085,Validation
DTXSID7032638,0.7352941176470589,0.7132559272238191,5.40740233383831,Validation
DTXSID8026018,0.7258064516129032,0.7076054035863659,5.793099343184096,Validation
DTXSID5020732,0.5789473684210527,0.5103101770307789,2.4083189157584592,Validation
DTXSID4027577,0.6111111111111112,0.5763615813151417,2.5768197453450252,Validation
DTXSID8023890,0.5365853658536586,0.44057057594036353,2.778488797889961,Validation
DTXSID8021513,0.4444444444444444,0.42401960784313725,2.584569596664017,Validation
DTXSID0020107,0.6097560975609756,0.5716100802204036,4.034848200366403,Validation
DTXSID3041299,0.65,0.6385714285714286,4.686149805543993,Validation
DTXSID4037748,0.8695652173913043,0.8477591973244147,2.5690465157330262,Validation
DTXSID4025454,0.4473684210526316,0.40847953216374266,2.6981475126464085,Validation
DTXSID9023540,0.7073170731707317,0.6859816045187959,4.190465367951393,Validation
DTXSID4046810,0.7560975609756098,0.7305042932846609,4.787483681434329,Validation
DTXSID3028005,0.5333333333333333,0.4825287356321839,2.4,Validation
DTXSID7041388,0.42857142857142855,0.36626984126984125,2.877498913987632,Validation
DTXSID1020431,0.5,0.41410256410256413,1.0583005244258363,Validation
DTXSID8040721,0.5789473684210527,0.5250526315789473,2.340939982143925,Validation
DTXSID0024509,0.7105263157894737,0.6402775320654577,3.1874754901018454,Validation
DTXSID1044691,0.6774193548387096,0.6455522971652004,3.794733192202055,Validation
DTXSID1045089,0.5,0.46736945812807884,2.1633307652783937,Validation
DTXSID7026609,0.6,0.5607894736842105,2.2538855339169293,Validation
DTXSID8041799,0.6491228070175439,0.6137735090590632,4.054626986542658,Validation
DTXSID5022851,0.5370370370370371,0.46815161418102597,3.3466401061363027,Validation
DTXSID3041790,0.4375,0.4313095238095238,2.749545416973504,Validation
DTXSID4025240,0.7619047619047619,0.7321428571428571,3.1368774282716245,Validation
DTXSID0045880,0.43902439024390244,0.37281685015377586,2.449489742783178,Validation
DTXSID2049268,0.5172413793103449,0.5,3.2062439083762797,Validation
DTXSID9047881,0.5625,0.5251737967914438,3.3166247903554003,Validation
DTXSID0041359,0.6,0.569037037037037,2.8071337695236402,Validation
DTXSID3024449,0.7142857142857143,0.6628571428571429,2.877498913987632,Validation
DTXSID8032673,0.6923076923076923,0.6761821388243952,4.669047011971501,Validation
DTXSID6045167,0.6458333333333334,0.6319817556848228,4.669047011971501,Validation
DTXSID4032615,0.7586206896551724,0.7278595814348991,5.106858133921482,Validation
DTXSID9057715,0.7272727272727273,0.634101680426347,4.833218389437829,Validation
DTXSID3049336,0.6,0.5429193899782135,2.078460969082653,Validation
DTXSID8044884,0.6176470588235294,0.5628389310742252,2.979932885150268,Validation
DTXSID5022227,0.55,0.5366666666666667,2.727636339397171,Validation
DTXSID8020917,0.6153846153846154,0.569651334946107,3.298484500494129,Validation
DTXSID4057687,0.6481481481481481,0.5302900318935813,3.6496575181789317,Validation
DTXSID6040371,0.6666666666666666,0.606711489402284,3.655133376499413,Validation
DTXSID2046705,0.6176470588235294,0.5674234606123151,3.924283374069717,Validation
DTXSID8023848,0.6428571428571429,0.44004592968007605,3.2,Validation
DTXSID5045540,0.5853658536585366,0.5507075946292891,3.6,Validation
DTXSID6044698,0.625,0.625,2.6076809620810595,Validation
DTXSID0022060,0.5,0.4548247243899418,2.5612496949731396,Validation
DTXSID2026608,0.6666666666666666,0.5935964912280701,2.7422618401604177,Validation
DTXSID3045776,0.7407407407407407,0.7368649233637792,3.4292856398964497,Validation
DTXSID4024642,0.6,0.507218045112782,2.04939015319192,Validation
DTXSID7044718,0.6440677966101694,0.6059564164648911,4.715930449020639,Validation
DTXSID1047318,0.68,0.658577451665502,4.849742261192857,Validation
DTXSID2046888,0.7228915662650602,0.6588675746492767,4.6475800154489,Validation
DTXSID7044897,0.5714285714285714,0.44625893542302214,1.8,Validation
DTXSID7047568,0.6904761904761905,0.6781104049304252,3.9038442591886273,Validation
DTXSID1046396,0.6527777777777778,0.5240577934072179,4.093897898091744,Validation
DTXSID8026935,0.0,0.0,0.0,Validation
DTXSID2057786,0.5714285714285714,0.5229523809523811,2.2627416997969525,Validation
DTXSID5025156,0.6666666666666666,0.6217194570135746,2.1447610589527217,Validation
DTXSID1027267,0.0,0.0,0.0,Validation
DTXSID0021337,0.6739130434782609,0.626600790513834,4.2,Validation
DTXSID6022892,0.7777777777777778,0.7632728272827282,6.193545026880809,Validation
DTXSID4021478,0.5079365079365079,0.42346314504209237,3.286335345030997,Validation
DTXSID0021543,0.0,0.0,0.0,Validation
DTXSID9047673,0.68,0.5445497835497836,2.638181191654584,Validation
DTXSID9049322,0.5625,0.47662186379928323,2.8425340807103794,Validation
DTXSID4023094,0.6388888888888888,0.5943686506657578,4.728636167014756,Validation
DTXSID4026557,0.6363636363636364,0.5512287712287712,2.8354893757515653,Validation
DTXSID4022361,0.75,0.6828000522397806,4.019950248448357,Validation
DTXSID9044908,0.7272727272727273,0.6891812535290797,2.877498913987632,Validation
DTXSID2042436,0.6363636363636364,0.5889826259012305,4.2708313008125245,Validation
DTXSID5034729,0.6451612903225806,0.631216077828981,3.54400902933387,Validation
DTXSID8047050,0.6521739130434783,0.5935278494056633,3.888444419044716,Validation
DTXSID1049431,0.5384615384615384,0.4961885482938114,2.2715633383201093,Validation
DTXSID3047633,0.2222222222222222,0.19333333333333333,1.5874507866387544,Validation
DTXSID0025494,0.4642857142857143,0.3505924369747899,2.078460969082653,Validation
DTXSID3024318,0.4166666666666667,0.3625816993464052,2.04939015319192,Validation
DTXSID4027284,0.7333333333333333,0.5777777777777777,1.9697715603592212,Validation
DTXSID3022877,0.44680851063829785,0.40360197721899843,2.6305892875931813,Validation
DTXSID5034773,0.6724137931034483,0.5332323597545826,4.266145801540309,Validation
DTXSID2033493,0.5454545454545454,0.509090909090909,2.7202941017470885,Validation
DTXSID2024878,0.8,0.6691677140064236,2.727636339397171,Validation
DTXSID4032667,0.46774193548387094,0.35239700116926886,3.3045423283716615,Validation
DTXSID9022603,0.7142857142857143,0.6674362674362675,3.867815921162743,Validation
DTXSID6041638,0.48,0.4314486215538847,2.227105745132009,Validation
DTXSID6044565,0.6,0.49111111111111116,1.8654758106177631,Validation
DTXSID9020328,0.4642857142857143,0.3961172161172161,1.7435595774162693,Validation
DTXSID5047405,0.475,0.3928253325621747,2.244994432064365,Validation
DTXSID1057614,0.7777777777777778,0.7597959746346843,3.872983346207417,Validation
DTXSID9025035,0.6585365853658537,0.6005635662231776,3.4351128074635335,Validation
DTXSID5048922,0.6101694915254238,0.5518681644945775,3.698648401781386,Validation
DTXSID9045136,0.6933333333333334,0.6178061664303469,4.039801975344831,Validation
DTXSID5021914,0.5909090909090909,0.5045471881284238,2.12602916254693,Validation
DTXSID1041263,0.4838709677419355,0.41675448911488966,2.513961017995307,Validation
DTXSID9047091,0.5555555555555556,0.507469654528478,3.0,Validation
DTXSID0027567,0.6666666666666666,0.6271014492753623,2.877498913987632,Validation
DTXSID3040647,0.7727272727272727,0.594132100014453,3.2802438933713454,Validation
DTXSID2048799,0.6041666666666666,0.5767430163554783,3.989987468652001,Validation
DTXSID9023881,0.625,0.5293122298499873,2.6,Validation
DTXSID4045769,0.5555555555555556,0.42625207809801396,4.079215610874228,Validation
DTXSID0048975,0.4444444444444444,0.33932315064390534,2.8071337695236402,Validation
DTXSID3040722,0.6363636363636364,0.4631060606060606,2.0591260281974,Validation
DTXSID3028001,0.6153846153846154,0.5244869825514986,3.7629775444453557,Validation
DTXSID1027186,0.5,0.46775271512113614,2.3748684174075834,Validation
DTXSID9045633,0.4305555555555556,0.2937579380309245,2.9597297173897488,Validation
DTXSID7025764,0.5333333333333333,0.48064153439153434,2.638181191654584,Validation
DTXSID7034383,0.6808510638297872,0.6512082134639294,4.004996878900157,Validation
DTXSID4024436,0.5689655172413793,0.5080764037025463,4.298837052040936,Validation
DTXSID4047961,0.4583333333333333,0.32666666666666666,1.5748015748023623,Validation
DTXSID4021715,0.6176470588235294,0.5536066808224847,3.2310988842807027,Validation
DTXSID7057733,0.7017543859649122,0.6058270676691729,3.0724582991474434,Validation
DTXSID0036508,0.5,0.38393623325826715,2.85657137141714,Validation
DTXSID6045614,0.7075471698113207,0.5997767954533098,5.899152481501051,Validation
DTXSID6057615,0.7096774193548387,0.549280283626054,4.331281565541544,Validation
DTXSID8034376,0.6153846153846154,0.593269685397345,4.591296113299599,Validation
DTXSID4057718,0.5714285714285714,0.5118466898954704,3.111269837220809,Validation
DTXSID3032620,0.6666666666666666,0.4824833823689659,3.4292856398964497,Validation
DTXSID3049415,0.41935483870967744,0.29849217986314763,1.6370705543744901,Validation
DTXSID1044982,0.7142857142857143,0.6679733431834272,3.7416573867739413,Validation
DTXSID6024915,0.16,0.032,0.4,Validation
DTXSID2020557,0.7142857142857143,0.6762906024366127,3.605551275463989,Validation
DTXSID0041850,0.5238095238095238,0.48681683418525523,2.90516780926679,Validation
DTXSID9057769,0.6206896551724138,0.5396658813450418,2.9461839725312475,Validation
DTXSID7031797,0.7222222222222222,0.6843398926654741,4.824935232725927,Validation
DTXSID8024787,0.6666666666666666,0.6567487684729063,3.8314488121336034,Validation
DTXSID6048620,0.39285714285714285,0.2645287356321839,1.4832396974191326,Validation
DTXSID2033863,0.5416666666666666,0.40527777777777774,1.3711309200802089,Validation
DTXSID6047078,0.5294117647058824,0.5055258467023173,3.352610922848042,Validation
DTXSID1027188,0.5652173913043478,0.5006606990622335,2.4819347291981715,Validation
DTXSID4041361,0.5172413793103449,0.46961650511149955,2.764054992217051,Validation
DTXSID1020512,0.65,0.6038095238095238,2.1633307652783933,Validation
DTXSID2044137,0.65625,0.5894812993443062,4.024922359499622,Validation
DTXSID8026303,0.7209302325581395,0.555959096157018,3.492849839314596,Validation
DTXSID3044388,0.6666666666666666,0.6027888718211298,2.5690465157330262,Validation
DTXSID7023485,0.75,0.7283323829694798,3.237282811247729,Validation
DTXSID3040643,0.7307692307692307,0.7174320912470343,4.669047011971501,Validation
DTXSID0020319,0.7368421052631579,0.658252102588487,2.5845695966640174,Validation
DTXSID1041180,0.42857142857142855,0.39963369963369966,2.749545416973504,Validation
DTXSID5021968,0.5609756097560976,0.48397033203525314,3.1496031496047245,Validation
DTXSID2047773,0.5681818181818182,0.49915291915291926,2.7129319932501073,Validation
DTXSID2023569,0.6551724137931034,0.5885304320884188,4.17612260356422,Validation
DTXSID4022573,0.75,0.6942411924119242,3.7788887255382373,Validation
DTXSID7022837,0.5135135135135135,0.3886825561825562,2.4899799195977463,Validation
DTXSID2047511,0.0,0.0,0.0,Validation
DTXSID1046714,0.532258064516129,0.43824171059045974,3.4525353003264136,Validation
DTXSID9047334,0.8,0.7882071516682417,6.270566162636353,Validation
DTXSID6020438,0.6363636363636364,0.5606060606060607,1.4422205101855958,Validation
DTXSID9023386,0.7865168539325843,0.7824749822397276,7.293833011524188,Validation
DTXSID7042011,0.4444444444444444,0.3949206349206349,2.6305892875931813,Validation
DTXSID7049429,0.5333333333333333,0.4542486651411136,2.2627416997969525,Validation
DTXSID6057746,0.65625,0.6084668959043265,4.979959839195493,Validation
DTXSID5020368,0.6363636363636364,0.6138266119845066,3.944616584663204,Validation
DTXSID7021316,0.6060606060606061,0.500965815793402,2.9189039038652846,Validation
DTXSID2022674,0.5636363636363636,0.47644280248053833,3.919183588453085,Validation
DTXSID3047053,0.7575757575757576,0.5886654384591974,3.1432467291003428,Validation
DTXSID1057666,0.6304347826086957,0.5858267128894025,3.9496835316263,Validation
DTXSID6021799,0.725,0.641904761904762,2.8844410203711917,Validation
DTXSID7027178,0.7222222222222222,0.681517094017094,2.2891046284519194,Validation
DTXSID8046406,0.5789473684210527,0.5529918546365915,3.622154055254967,Validation
DTXSID3045770,0.6935483870967742,0.6591936353083391,4.586937976471886,Validation
DTXSID1045328,0.6111111111111112,0.5215712471810032,3.3763886032268267,Validation
DTXSID4021424,0.7586206896551724,0.733205619412516,3.2310988842807027,Validation
DTXSID8025628,0.4827586206896552,0.3940543696405766,2.23606797749979,Validation
DTXSID4047335,0.7818181818181819,0.7755262772654077,6.867313885355759,Validation
DTXSID5020601,0.7857142857142857,0.7475672877846791,3.2062439083762797,Validation
DTXSID3021148,0.5652173913043478,0.5258630183922955,2.181742422927143,Validation
DTXSID8033433,0.6739130434782609,0.6269194565435863,3.9140771581561853,Validation
DTXSID3048817,0.7413793103448276,0.6719187982962798,4.521061822182927,Validation
DTXSID8022406,0.41935483870967744,0.32748828232699206,1.8439088914585775,Validation
DTXSID4041494,0.6515151515151515,0.6369087702421036,4.878524367060187,Validation
DTXSID8048868,0.46153846153846156,0.4332215578539108,2.280350850198276,Validation
DTXSID5029136,0.6111111111111112,0.5866571018651363,3.616628264005025,Validation
DTXSID8023347,0.7468354430379747,0.5426947642464638,4.8207883172775805,Validation
DTXSID9047594,0.4666666666666667,0.45462365591397846,3.3466401061363023,Validation
DTXSID0048717,0.6896551724137931,0.37392306304131406,3.1432467291003423,Validation
DTXSID6046216,0.6909090909090909,0.6595054816332707,5.2459508194416005,Validation
DTXSID9047126,0.46875,0.3773521505376344,2.4083189157584592,Validation
DTXSID6020276,0.7741935483870968,0.7647642679900745,4.0743097574926725,Validation
DTXSID3045934,0.6875,0.48307065741276267,3.0659419433511785,Validation
DTXSID8046589,0.7971014492753623,0.7846218293568148,6.164414002968976,Validation
DTXSID3044384,0.696969696969697,0.5529708853238265,2.939387691339814,Validation
DTXSID7049394,0.7419354838709677,0.6894147737251917,3.440930106817051,Validation
DTXSID0047115,0.48148148148148145,0.40481277981277974,2.4979991993593593,Validation
DTXSID6046260,0.7105263157894737,0.6562535370684776,2.986636904613616,Validation
DTXSID5033757,0.64,0.5371654722089505,3.709447398198282,Validation
DTXSID2020399,0.5789473684210527,0.4883384932920537,1.9697715603592212,Validation
DTXSID2027593,0.5416666666666666,0.4373809523809523,1.8110770276274835,Validation
DTXSID8021565,0.6666666666666666,0.573076923076923,1.5491933384829668,Validation
DTXSID8047133,0.8095238095238095,0.7876683087027914,3.566510900025402,Validation
DTXSID7048823,0.7444444444444445,0.735397279812108,6.928203230275509,Validation
DTXSID6043919,0.5384615384615384,0.4076923076923077,1.5874507866387546,Validation
DTXSID8021145,0.40540540540540543,0.3526511383463553,2.04939015319192,Validation
DTXSID4044458,0.6571428571428571,0.5676264724780467,2.821347195933177,Validation
DTXSID8021060,0.5,0.27142857142857146,1.4832396974191326,Validation
DTXSID2057651,0.6491228070175439,0.5988808135617865,3.815756805667783,Validation
DTXSID8026224,0.3125,0.17954545454545454,0.959166304662544,Validation
DTXSID1025304,0.5135135135135135,0.4560233858146572,2.4819347291981715,Validation
DTXSID2045941,0.6935483870967742,0.6807292159906175,4.209513035969837,Validation
DTXSID6047789,0.75,0.7260714285714286,3.6823905279043943,Validation
DTXSID5041273,0.6216216216216216,0.4772537010043195,3.0463092423455636,Validation
DTXSID4042337,0.47368421052631576,0.41505131024581826,1.7204650534085253,Validation
DTXSID6025276,0.5652173913043478,0.4428817995542992,2.244994432064365,Validation
DTXSID1045162,0.72,0.6748142701525055,4.669047011971501,Validation
DTXSID2048662,0.7254901960784313,0.7214840723523452,3.97994974842648,Validation
DTXSID9023835,0.72,0.667640581369157,6.4124878167525585,Validation
DTXSID1033539,0.4423076923076923,0.3174426763712478,2.90516780926679,Validation
DTXSID5047031,0.5,0.45473684210526316,2.12602916254693,Validation
DTXSID8034588,0.723404255319149,0.6795404359234147,4.4810713004816165,Validation
DTXSID7023356,0.7692307692307693,0.7464134615384616,5.385164807134504,Validation
DTXSID3048948,0.7761194029850746,0.7674482287764193,6.009991680526688,Validation
DTXSID5046273,0.40476190476190477,0.21051894441987323,1.4142135623730951,Validation
DTXSID1021821,0.7222222222222222,0.6533006535947713,2.513961017995307,Validation
DTXSID1049229,0.0,0.0,0.0,Validation
DTXSID7057781,0.5,0.44284802043422733,2.898275349237888,Validation
DTXSID9049243,0.5555555555555556,0.5262425722425721,2.898275349237888,Validation
DTXSID0024474,0.5757575757575758,0.5554386299974535,3.2186953878862163,Validation
DTXSID5027146,0.6875,0.6581773618538324,2.227105745132009,Validation
DTXSID2021236,0.5217391304347826,0.4751328968720273,2.8000000000000003,Validation
DTXSID1027714,0.2692307692307692,0.25169230769230766,2.4819347291981715,Validation
DTXSID9047592,0.56,0.5195569358178054,2.85657137141714,Validation
DTXSID1022508,0.3333333333333333,0.10144927536231885,0.8485281374238571,Validation
DTXSID9036515,0.45161290322580644,0.3811594498335697,3.32264954516723,Validation
DTXSID2044767,0.56,0.4322981366459627,2.078460969082653,Validation
DTXSID3027405,0.75,0.35,1.1135528725660044,Validation
DTXSID3042053,0.4838709677419355,0.386151822450634,2.4248711305964283,Validation
DTXSID8047000,0.625,0.5640756302521008,1.8654758106177631,Validation
DTXSID0037023,0.7083333333333334,0.6561111111111111,2.7202941017470885,Validation
DTXSID9057846,0.5370370370370371,0.4627852638783862,3.5777087639996634,Validation
DTXSID5020497,0.6585365853658537,0.5059521501415333,2.749545416973504,Validation
DTXSID5027148,0.75,0.6597258297258297,1.98997487421324,Validation
DTXSID0025363,0.5384615384615384,0.523076923076923,1.9287301521985911,Validation
DTXSID6057823,0.5945945945945946,0.4391519032778353,4.214261501141095,Validation
DTXSID4027072,0.625,0.6042857142857143,2.4248711305964283,Validation
DTXSID1023736,0.7215189873417721,0.7060823835661894,6.122091146005587,Validation
DTXSID3047184,0.5652173913043478,0.48951690821256033,2.340939982143925,Validation
DTXSID1048833,0.7592592592592593,0.750131421744325,4.874423042781577,Validation
DTXSID6021909,0.6875,0.6182239819004525,1.9078784028338913,Validation
DTXSID4022109,0.1935483870967742,0.07468851339819081,0.7211102550927979,Validation
DTXSID8042052,0.7333333333333333,0.7110132133661546,3.358571124749333,Validation
DTXSID1048671,0.65625,0.5828552023615984,3.370459909270544,Validation
DTXSID3041085,0.47540983606557374,0.41595730556875116,3.440930106817051,Validation
DTXSID1021617,0.4782608695652174,0.42311539169884194,2.2715633383201097,Validation
DTXSID0046222,0.6727272727272727,0.6374430286694437,3.9191835884530852,Validation
DTXSID2049397,0.0,0.0,0.0,Validation
DTXSID2032005,0.4482758620689655,0.3696551724137931,4.127953488110059,Validation
DTXSID4020618,0.7317073170731707,0.7219920873005521,4.8166378315169185,Validation
DTXSID9022813,0.6486486486486487,0.5274791743351581,2.946183972531247,Validation
DTXSID9020829,0.5666666666666667,0.5400895870083856,2.9189039038652855,Validation
DTXSID4025086,0.8,0.7723428858722976,2.7928480087537886,Validation
DTXSID6022187,0.6153846153846154,0.5516665790350002,2.638181191654584,Validation
DTXSID8042218,0.13043478260869565,0.13043478260869565,1.7320508075688772,Validation
DTXSID5033701,0.26666666666666666,0.26666666666666666,2.0,Validation
DTXSID8034324,0.68,0.6509970176874474,4.219004621945797,Validation
DTXSID3041370,0.6111111111111112,0.5490079365079364,2.32379000772445,Validation
DTXSID8045771,0.7096774193548387,0.6763771915885375,4.967896939349688,Validation
DTXSID2026606,0.6111111111111112,0.4923216723216723,2.383275057562597,Validation
DTXSID6029670,0.75,0.6975672877846791,3.423448553724738,Validation
DTXSID2046389,0.5121951219512195,0.43228495522880095,2.505992817228334,Validation
DTXSID1044439,0.42857142857142855,0.4126984126984127,2.1908902300206643,Validation
DTXSID0057831,0.6666666666666666,0.6312678253119429,3.698648401781386,Validation
DTXSID9047201,0.6078431372549019,0.49807968396203695,3.4813790371058424,Validation
DTXSID0030162,0.6923076923076923,0.6486352357320099,3.124099870362662,Validation
DTXSID5025738,0.4444444444444444,0.3650793650793651,2.340939982143925,Validation
DTXSID6046428,0.7638888888888888,0.6343770002419151,4.698936049788292,Validation
DTXSID5047374,0.704225352112676,0.6969447224045402,5.447935388750494,Validation
DTXSID2023771,0.5614035087719298,0.5290271117767059,3.6769552621700474,Validation
DTXSID0046692,0.5441176470588235,0.4917276588054576,4.3954521951671826,Validation
DTXSID9022657,0.717948717948718,0.6723965321402352,5.291502622129181,Validation
DTXSID8041797,0.5625,0.36550170157508444,3.006659275674582,Validation
DTXSID9020089,0.6904761904761905,0.6617405582922824,3.6769552621700474,Validation
DTXSID5045469,0.6346153846153846,0.6089634702519114,3.6660605559646724,Validation
DTXSID3023502,0.36764705882352944,0.305077319903192,2.227105745132009,Validation
DTXSID9027158,0.41379310344827586,0.3779755519065863,2.513961017995307,Validation
DTXSID4024800,0.5217391304347826,0.4642512077294686,1.9798989873223332,Validation
DTXSID3024491,0.5476190476190477,0.5360655031243265,3.3166247903554003,Validation
DTXSID6041349,0.34285714285714286,0.3149589926060514,2.4576411454889016,Validation
DTXSID0044941,0.5925925925925926,0.5232272752512632,2.939387691339814,Validation
DTXSID0032605,0.5517241379310345,0.5183746317645085,3.3823069050575527,Validation
DTXSID7048661,0.717948717948718,0.6986235686235686,4.3817804600413295,Validation
DTXSID0023292,0.6486486486486487,0.6174420174420174,3.6496575181789317,Validation
DTXSID0027983,0.3125,0.125,0.894427190999916,Validation
DTXSID8048866,0.5185185185185185,0.45630712549511215,2.65329983228432,Validation
DTXSID1020778,0.5294117647058824,0.5055258467023173,3.352610922848042,Validation
DTXSID9021899,0.5769230769230769,0.546609911827303,2.5768197453450252,Validation
DTXSID2024086,0.46875,0.3447697628458498,1.7088007490635064,Validation
DTXSID4046159,0.6538461538461539,0.6242731568341324,3.97994974842648,Validation
DTXSID4044375,0.68,0.5791885560675885,2.6076809620810595,Validation
DTXSID0044731,0.5757575757575758,0.4836475119083815,2.489979919597747,Validation
DTXSID4021347,0.7586206896551724,0.6690855121889605,3.1432467291003423,Validation
DTXSID8045224,0.7361111111111112,0.6967903881505657,4.919349550499538,Validation
DTXSID2044923,0.7560975609756098,0.7302904020895413,4.853864439804639,Validation
DTXSID6021379,0.5263157894736842,0.4747309450095828,1.9183326093250879,Validation
DTXSID7041201,0.14814814814814814,0.11318758111210943,1.562049935181331,Validation
DTXSID8021519,0.23809523809523808,0.12380952380952381,1.2165525060596438,Validation
DTXSID2025501,0.7777777777777778,0.7570772742908964,3.8574603043971822,Validation
DTXSID9044829,0.5897435897435898,0.5326272271030337,2.9120439557122073,Validation
DTXSID4041783,0.5909090909090909,0.5225586297760211,2.842534080710379,Validation
DTXSID5027223,0.3333333333333333,0.27931488801054016,1.854723699099141,Validation
DTXSID9046443,0.6415094339622641,0.6182389937106917,4.454211490264018,Validation
DTXSID3027293,0.4,0.373218954248366,2.925747767665559,Validation
DTXSID1035288,0.5769230769230769,0.5,3.104834939252005,Validation
DTXSID5047081,0.6071428571428571,0.5843265163954819,3.0199337741083,Validation
DTXSID5048180,0.45454545454545453,0.3599472990777338,1.8439088914585775,Validation
DTXSID1032519,0.7435897435897436,0.7324481074481074,4.774934554525329,Validation
DTXSID7024661,0.5555555555555556,0.48022042285200184,1.7088007490635064,Validation
DTXSID0022301,0.5151515151515151,0.4342531706819126,4.13763217311544,Validation
DTXSID1057793,0.5,0.48193913790450793,3.1874754901018454,Validation
DTXSID9021427,0.47619047619047616,0.4435697085851884,2.12602916254693,Validation
DTXSID9026714,0.5833333333333334,0.4930555555555555,2.029778313018444,Validation
DTXSID9057684,0.6551724137931034,0.6292936522940875,2.8354893757515653,Validation
DTXSID0047379,0.7558139534883721,0.7331077448261147,6.630233781700311,Validation
DTXSID1022974,0.5409836065573771,0.4903487008772481,3.97994974842648,Validation
DTXSID7047803,0.7816091954022989,0.7735947361413573,6.529931086925803,Validation
DTXSID1047524,0.56,0.43506353241481754,3.0919249667480617,Validation
DTXSID1045166,0.5121951219512195,0.4062018250570693,2.340939982143925,Validation
DTXSID9024724,0.4090909090909091,0.40727272727272734,2.5298221281347035,Validation
DTXSID0026838,0.4074074074074074,0.2773790971897564,1.4832396974191329,Validation
DTXSID2057811,0.48717948717948717,0.4586714186714187,2.8000000000000003,Validation
DTXSID3048811,0.6933333333333334,0.6701547429782723,5.953150426454887,Validation
DTXSID5041643,0.5714285714285714,0.5064742664742665,2.6,Validation
DTXSID6021082,0.5454545454545454,0.4976675136457745,3.538361202590827,Validation
DTXSID1025279,0.6,0.5318182073204561,2.932575659723036,Validation
DTXSID2032421,0.6363636363636364,0.411530598337195,2.1354156504062622,Validation
DTXSID5029182,0.5454545454545454,0.4899437231379619,1.9287301521985911,Validation
DTXSID8020963,0.4722222222222222,0.4299656043190526,2.925747767665559,Validation
DTXSID6047074,0.3225806451612903,0.28832565284178185,1.5874507866387544,Validation
DTXSID8035423,0.5882352941176471,0.5212778749943914,2.04939015319192,Validation
DTXSID7057787,0.6097560975609756,0.5754157506030293,3.6606010435446255,Validation
DTXSID0021961,0.42105263157894735,0.3426576132845483,1.469693845669907,Validation
DTXSID1021241,0.423728813559322,0.3861792119105478,4.294182110716777,Validation
DTXSID8047684,0.45714285714285713,0.39221320346320343,2.6608269391300143,Validation
DTXSID9045845,0.55,0.5035714285714287,2.154065922853802,Validation
DTXSID3048944,0.75,0.7220643562772284,5.878775382679628,Validation
DTXSID8020838,0.6470588235294118,0.6022021247523399,3.3763886032268267,Validation
DTXSID2021492,0.5909090909090909,0.5582967607105538,2.433105012119288,Validation
DTXSID1027184,0.8666666666666667,0.6914285714285715,2.3065125189341593,Validation
DTXSID5022984,0.5081967213114754,0.46290739197102077,3.847076812334269,Validation
DTXSID3047554,0.43243243243243246,0.38892710892710897,2.7422618401604177,Validation
DTXSID5041778,0.6046511627906976,0.5144860246625502,2.932575659723036,Validation
DTXSID4027109,0.5263157894736842,0.4118107769423559,1.7549928774784245,Validation
DTXSID4049400,0.5833333333333334,0.48849624060150376,2.1633307652783937,Validation
DTXSID8027240,0.3793103448275862,0.32586206896551717,1.9798989873223332,Validation
DTXSID1024629,0.6666666666666666,0.566219470244238,3.4871191548325386,Validation
DTXSID2034598,0.6323529411764706,0.43883572567783097,3.7841775856849003,Validation
DTXSID3024738,0.627906976744186,0.5594702842377262,4.079215610874228,Validation
DTXSID3034165,0.6,0.5657326892109501,4.512205669071391,Validation
DTXSID9044588,0.625,0.625,2.6381811916545836,Validation
DTXSID3033519,0.7,0.6721428571428572,2.3664319132398464,Validation
DTXSID5041437,0.5714285714285714,0.5281573498964803,2.5612496949731396,Validation
DTXSID6024834,0.5517241379310345,0.38276588021778585,1.9078784028338915,Validation
DTXSID9024980,0.48148148148148145,0.4440984940984941,2.4494897427831783,Validation
DTXSID8021808,0.4666666666666667,0.4264327485380117,1.8220867158288598,Validation
DTXSID1046558,0.5,0.4687747035573123,2.209072203437452,Validation
DTXSID0029260,0.68,0.5716479025444543,2.6981475126464085,Validation
DTXSID2021311,0.44,0.39959420289855074,2.23606797749979,Validation
DTXSID8047420,0.47058823529411764,0.4169836355594869,2.4738633753705965,Validation
DTXSID5031131,0.037037037037037035,0.037037037037037035,1.0,Validation
DTXSID3044887,0.43333333333333335,0.3999861058481748,2.6907248094147422,Validation
DTXSID1022396,0.5652173913043478,0.44440801352784387,2.6,Validation
DTXSID3048653,0.7027027027027027,0.6552432712309797,5.43323108288245,Validation
DTXSID0057752,0.6206896551724138,0.5884691336009794,3.05286750449475,Validation
DTXSID1043839,0.6774193548387096,0.651508211738533,4.6604720790924175,Validation
DTXSID2022090,0.5,0.4523073989321128,1.9390719429665315,Validation
DTXSID0048844,0.7142857142857143,0.6811046300279304,5.1884487084291395,Validation
DTXSID6047159,0.5675675675675675,0.5357357357357357,2.891366458960192,Validation
DTXSID5024392,0.4230769230769231,0.4023740053050398,2.0591260281974004,Validation
DTXSID6021456,0.5192307692307693,0.441823890395319,3.1559467676119,Validation
DTXSID4048725,0.7192982456140351,0.6984487121224872,5.215361924162119,Validation
DTXSID2040234,0.6129032258064516,0.5760857607353713,3.1496031496047245,Validation
DTXSID9048803,0.6567164179104478,0.6327458210901166,4.770744176750625,Validation
DTXSID4042171,0.5185185185185185,0.5024516129032258,2.489979919597747,Validation
DTXSID2034091,0.5652173913043478,0.5069828722002635,2.6457513110645907,Validation
DTXSID9042594,0.6891891891891891,0.6026092308284088,5.145872132107443,Validation
DTXSID1047156,0.7857142857142857,0.7637065637065636,4.123105625617661,Validation
DTXSID9025243,0.5357142857142857,0.31359447004608293,1.8654758106177631,Validation
DTXSID1020485,0.5185185185185185,0.4507586206896551,2.3664319132398464,Validation
DTXSID3049330,0.5652173913043478,0.5341384863123994,2.918903903865285,Validation
DTXSID3042215,0.4090909090909091,0.40727272727272734,2.5298221281347035,Validation
DTXSID8041242,0.5,0.4602702702702703,2.9933259094191533,Validation
DTXSID5048897,0.5263157894736842,0.41120153324487685,3.0659419433511785,Validation
DTXSID7041209,0.7222222222222222,0.7072865722865724,4.1182520563948,Validation
DTXSID9046499,0.6615384615384615,0.6407017835965203,5.716642371182582,Validation
DTXSID2044509,0.6551724137931034,0.5489352027283061,2.489979919597747,Validation
DTXSID5023372,0.631578947368421,0.5560745598430004,3.8052595180880897,Validation
DTXSID5057709,0.7272727272727273,0.7129522802778616,3.878143885933063,Validation
DTXSID2057736,0.6097560975609756,0.5634366306527787,3.124099870362662,Validation
DTXSID3057692,0.6857142857142857,0.6744588744588744,3.725587202039432,Validation
DTXSID3048655,0.5272727272727272,0.4646039886039886,4.1182520563948,Validation
DTXSID7041621,0.6666666666666666,0.656162003201058,4.604345773288536,Validation
DTXSID4042622,0.7261904761904762,0.6899009437580779,5.203844732503075,Validation
DTXSID9049039,0.7714285714285715,0.708023088023088,3.97994974842648,Validation
DTXSID5022437,0.5925925925925926,0.5453491515161344,2.778488797889961,Validation
DTXSID4045345,0.7,0.65485036702428,2.95296461204668,Validation
DTXSID5023665,0.6410256410256411,0.6048627980206928,3.944616584663204,Validation
DTXSID0046226,0.5106382978723404,0.4261772794224073,3.924283374069717,Validation
DTXSID2048379,0.5849056603773585,0.4287334554689558,3.3286633954186478,Validation
DTXSID7042019,0.5777777777777777,0.5286052009456265,3.725587202039432,Validation
DTXSID9025742,0.46153846153846156,0.39743071743071745,1.9390719429665317,Validation
DTXSID3037208,0.6222222222222222,0.5360722212896125,3.111269837220809,Validation
DTXSID7026572,0.5777777777777777,0.5406535947712419,3.5496478698597698,Validation
DTXSID2024791,0.5238095238095238,0.5081943990410809,2.4576411454889016,Validation
DTXSID7024160,0.3880597014925373,0.3415073345217705,3.773592452822642,Validation
DTXSID3020209,0.13333333333333333,0.12735632183908047,1.9078784028338913,Validation
DTXSID6022684,0.6285714285714286,0.5878776669800513,5.291502622129181,Validation
DTXSID9023548,0.6111111111111112,0.5846001796945194,4.4362146025637665,Validation
DTXSID6023864,0.33962264150943394,0.3026970150743735,2.154065922853802,Validation
DTXSID3021982,0.19047619047619047,0.18238095238095237,1.9078784028338913,Validation
DTXSID4047387,0.735632183908046,0.6678517423315992,6.0398675482166,Validation
DTXSID4020826,0.5555555555555556,0.5029590643274854,2.297825058615212,Validation
DTXSID2046200,0.6551724137931034,0.48477626546873587,2.9597297173897483,Validation
DTXSID0021418,0.5714285714285714,0.3726829268292683,2.8565713714171403,Validation
DTXSID6021030,0.64,0.548094861660079,2.705549851693737,Validation
DTXSID3045229,0.7878787878787878,0.7289721506563612,3.0066592756745822,Validation
DTXSID6022636,0.5238095238095238,0.4973274081403168,3.0528675044947495,Validation
DTXSID5048924,0.7285714285714285,0.6140232777404986,4.458699361921591,Validation
DTXSID1044437,0.56,0.5216047430830039,2.6,Validation
DTXSID6035285,0.5151515151515151,0.4010695187165775,3.0789608636681307,Validation
DTXSID3023974,0.5909090909090909,0.48103251981512846,2.489979919597747,Validation
DTXSID3020099,0.6896551724137931,0.6871834383092746,5.3516352641038605,Validation
DTXSID8023977,0.55,0.485,2.1908902300206647,Validation
DTXSID6040614,0.6,0.5168156843156843,1.7435595774162693,Validation
DTXSID2047191,0.4318181818181818,0.37117152311793367,3.026549190084311,Validation
DTXSID8029317,0.5666666666666667,0.5043037119433114,2.6832815729997477,Validation
DTXSID1026661,0.75,0.6473886328725038,3.0919249667480617,Validation
DTXSID5048893,0.5106382978723404,0.3730591549796477,2.6153393661244047,Validation
DTXSID2029167,0.6875,0.6245915032679739,2.06881608655772,Validation
DTXSID9020617,0.5151515151515151,0.4139023057903513,2.340939982143925,Validation
DTXSID6042440,0.6842105263157895,0.5552552285485648,3.903844259188627,Validation
DTXSID0021888,0.47058823529411764,0.4336498108015136,2.039607805437114,Validation
DTXSID5057832,0.5882352941176471,0.5369238604532722,2.939387691339814,Validation
DTXSID3023687,0.6744186046511628,0.6619399979865095,4.512205669071391,Validation
DTXSID0049078,0.7413793103448276,0.6353862808855313,4.214261501141095,Validation
DTXSID5042083,0.7,0.5326576167684436,5.087238936790762,Validation
DTXSID2048161,0.7213114754098361,0.704071770640798,4.363484845854286,Validation
DTXSID8046404,0.5476190476190477,0.5152157519899456,3.464101615137755,Validation
DTXSID2021282,0.6764705882352942,0.666904024767802,4.5694638635183455,Validation
DTXSID2046383,0.6956521739130435,0.5591131187652927,2.5612496949731396,Validation
DTXSID6020694,0.75,0.7226065162907268,2.4899799195977463,Validation
DTXSID4032954,0.5789473684210527,0.4971569950517319,2.0099751242241783,Validation
DTXSID6034392,0.6875,0.6655,4.6,Validation
DTXSID6021244,0.8220338983050848,0.6407192233532883,6.468384651518492,Validation
DTXSID3044679,0.5555555555555556,0.5555555555555556,3.1622776601683795,Validation
DTXSID9020538,0.38095238095238093,0.2788766788766789,1.0392304845413265,Validation
DTXSID3029287,0.7619047619047619,0.7317799422799423,3.2680269276736382,Validation
DTXSID5048899,0.6052631578947368,0.4727543174269747,3.1559467676119,Validation
DTXSID4024062,0.55,0.46552188552188556,1.9287301521985911,Validation
DTXSID9046449,0.6515151515151515,0.5886410658617536,4.485532298401161,Validation
DTXSID3026641,0.42857142857142855,0.38807296017822335,1.7320508075688774,Validation
DTXSID6020802,0.6,0.5021356275303643,1.385640646055102,Validation
DTXSID8020678,0.7727272727272727,0.7473006553195232,4.886716689148247,Validation
DTXSID0044781,0.7419354838709677,0.6601609759164937,2.9933259094191533,Validation
DTXSID5026091,0.75,0.6383116883116884,1.8330302779823362,Validation
DTXSID1027427,0.5,0.4730994152046783,2.85657137141714,Validation
DTXSID1048831,0.6571428571428571,0.6403294573643411,4.004996878900157,Validation
DTXSID6027266,0.0,0.0,0.0,Validation
DTXSID9035620,0.696969696969697,0.6446358748778105,3.63318042491699,Validation
DTXSID7022673,0.34285714285714286,0.2345134575569358,3.03315017762062,Validation
DTXSID7041629,0.5882352941176471,0.5492241197554291,3.423448553724738,Validation
DTXSID3057698,0.6792452830188679,0.6632180644075639,4.882622246293481,Validation
DTXSID6048915,0.7333333333333333,0.5903381313552056,4.862098312457287,Validation
DTXSID9045217,0.7213114754098361,0.6742920464523479,3.773592452822642,Validation
DTXSID8039241,0.5,0.48347338935574224,1.9078784028338913,Validation
DTXSID6027925,0.53125,0.46943681318681313,2.04939015319192,Validation
DTXSID3045196,0.5538461538461539,0.5065074548093416,3.709447398198282,Validation
DTXSID9047120,0.6666666666666666,0.6396825396825396,3.1937438845342623,Validation
DTXSID2048616,0.6756756756756757,0.6606781326781327,3.627671429443411,Validation
DTXSID0040757,0.7192982456140351,0.5952092127804125,4.054626986542658,Validation
DTXSID5026097,0.5172413793103449,0.4526790450928382,2.4657656011875906,Validation
DTXSID3046297,0.5555555555555556,0.4961893982267497,3.538361202590827,Validation
DTXSID7044479,0.4166666666666667,0.4050065876152833,2.144761058952722,Validation
DTXSID2020846,0.71875,0.6298193315438698,3.0724582991474434,Validation
DTXSID3047342,0.7241379310344828,0.7010939799702072,5.095095681142799,Validation
DTXSID4057710,0.6097560975609756,0.4125533385577632,3.0854497241083028,Validation
DTXSID6048175,0.7301587301587301,0.6470146103845901,4.331281565541544,Validation
DTXSID6020359,0.5263157894736842,0.2945560871876661,1.077032961426901,Validation
DTXSID6024175,0.6511627906976745,0.5447275414171269,3.6055512754639896,Validation
DTXSID5048635,0.7,0.6522484634583456,5.215361924162119,Validation
DTXSID3048861,0.5777777777777777,0.46406529143371245,3.6441734316577197,Validation
DTXSID7027467,0.5882352941176471,0.5390535161432994,1.854723699099141,Validation
DTXSID1021322,0.6666666666666666,0.5928811928811928,2.529822128134704,Validation
DTXSID4022602,0.35714285714285715,0.33184213635826537,2.6907248094147422,Validation
DTXSID9047889,0.5,0.48888888888888893,2.349468024894146,Validation
DTXSID1025063,0.5416666666666666,0.38719047619047614,2.181742422927143,Validation
DTXSID0027771,0.5945945945945946,0.5257816640169581,3.4292856398964497,Validation
DTXSID2044846,0.5161290322580645,0.4738948037501986,2.5612496949731396,Validation
DTXSID3046580,0.5384615384615384,0.4641241111829347,2.918903903865285,Validation
DTXSID3025178,0.5,0.4774703557312253,2.6457513110645907,Validation
DTXSID8041373,0.6511627906976745,0.5191889170958939,3.4756294393965534,Validation
DTXSID8021193,0.5454545454545454,0.48631625826747776,3.059411708155671,Validation
DTXSID7020392,0.4666666666666667,0.3938248847926268,2.1071307505705477,Validation
DTXSID8042181,0.47058823529411764,0.4579211229946524,3.1496031496047245,Validation
DTXSID9037741,0.5,0.44492753623188397,2.181742422927143,Validation
DTXSID9047598,0.7027027027027027,0.6321194879089616,3.3941125496954285,Validation
DTXSID0020575,0.5161290322580645,0.4861887694145759,2.5690465157330262,Validation
DTXSID4045181,0.5901639344262295,0.553605801020311,4.223742416388575,Validation
DTXSID8047894,0.5454545454545454,0.4965811965811966,2.6229754097208002,Validation
DTXSID0047034,0.6470588235294118,0.605401547592217,3.411744421846396,Validation
DTXSID5021835,0.5384615384615384,0.5303027295285359,2.1447610589527217,Validation
DTXSID8045145,0.6875,0.5067560195929468,3.2,Validation
DTXSID1046970,0.6842105263157895,0.6414256361624783,4.059556626036888,Validation
DTXSID8026307,0.5,0.3905316321105795,1.61245154965971,Validation
DTXSID8047551,0.3125,0.24969086021505377,2.181742422927143,Validation
DTXSID2021103,0.7222222222222222,0.6756994213515952,2.6076809620810595,Validation
DTXSID4044589,0.3333333333333333,0.2525814536340852,1.7435595774162693,Validation
DTXSID7044633,0.6666666666666666,0.5655010294882481,4.445222154178573,Validation
DTXSID2057607,0.7857142857142857,0.7323312629399586,2.505992817228334,Validation
DTXSID5047089,0.7272727272727273,0.6794881588999238,1.8654758106177631,Validation
DTXSID5047328,0.765625,0.7462432463723372,5.7654141221598305,Validation
DTXSID5026205,0.4642857142857143,0.41571428571428576,2.2627416997969525,Validation
DTXSID0022850,0.6428571428571429,0.5820319846181915,2.9597297173897488,Validation
DTXSID0027804,0.5882352941176471,0.5385994397759103,2.0199009876724157,Validation
DTXSID4049371,0.48484848484848486,0.4454099821746881,2.918903903865285,Validation
DTXSID9025794,0.4838709677419355,0.4640198511166253,3.1622776601683795,Validation
DTXSID2020347,0.6415094339622641,0.5588448732177922,3.9446165846632044,Validation
DTXSID2033445,0.5909090909090909,0.45532467532467535,2.3065125189341593,Validation
DTXSID1046425,0.5,0.38117760617760615,2.154065922853802,Validation
DTXSID3048863,0.7083333333333334,0.638202625024159,5.149757275833493,Validation
DTXSID9049293,0.7,0.6529310344827586,3.1304951684997055,Validation
DTXSID7037551,0.4411764705882353,0.4076638655462185,1.9183326093250879,Validation
DTXSID4044824,0.7727272727272727,0.7372038478237629,3.908964057138413,Validation
DTXSID3057852,0.5,0.39068139157691395,3.3105890714493698,Validation
DTXSID3044469,0.72,0.6700249554367202,2.932575659723036,Validation
DTXSID7048669,0.7341772151898734,0.7240847669160679,5.122499389946279,Validation
DTXSID7021366,0.5357142857142857,0.4307326007326007,2.3151673805580453,Validation
DTXSID3047899,0.6470588235294118,0.6373949579831932,2.23606797749979,Validation
DTXSID3044625,0.65,0.6258107389686337,2.65329983228432,Validation
DTXSID9041362,0.5714285714285714,0.49049068322981365,2.615339366124404,Validation
DTXSID8027749,0.6111111111111112,0.5463768115942029,2.383275057562597,Validation
DTXSID3057725,0.6956521739130435,0.5867555111333222,2.4166091947189146,Validation
DTXSID9044663,0.5932203389830508,0.47390550917069474,3.725587202039432,Validation
DTXSID9023752,0.7333333333333333,0.7254512189073683,4.5694638635183455,Validation
DTXSID1057664,0.7058823529411765,0.6024181477728062,4.089009660052175,Validation
DTXSID7021863,0.4,0.3666666666666666,1.788854381999832,Validation
DTXSID7047437,0.5555555555555556,0.5268661850705195,3.893584466786357,Validation
DTXSID5020366,0.6625,0.5304220560859905,5.083306010855534,Validation
DTXSID4045210,0.5625,0.5282670291013751,3.8052595180880897,Validation
DTXSID5042613,0.5396825396825397,0.43939142596929476,4.1521078984053394,Validation
DTXSID1047239,0.5,0.29381123058542413,1.7088007490635064,Validation
DTXSID6022393,0.6176470588235294,0.5547794117647059,3.3585711247493335,Validation
DTXSID0046357,0.5384615384615384,0.5250362844702468,4.886716689148247,Validation
DTXSID5040702,0.5,0.458649885583524,1.9798989873223332,Validation
DTXSID1027970,0.725,0.6967000633806251,4.634652090502587,Validation
DTXSID1044857,0.6153846153846154,0.5830769230769232,3.0983866769659336,Validation
DTXSID9044877,0.5833333333333334,0.4861535559328429,2.7568097504180447,Validation
DTXSID0044523,0.5172413793103449,0.46419551135248316,2.3323807579381204,Validation
DTXSID0048684,0.5945945945945946,0.5246402246402246,3.286335345030997,Validation
DTXSID8057691,0.5151515151515151,0.494949494949495,2.505992817228334,Validation
DTXSID7020710,0.55,0.4841176470588236,1.98997487421324,Validation
DTXSID1047784,0.6842105263157895,0.6671653220555236,5.388877434122992,Validation
DTXSID0020361,0.6428571428571429,0.6178571428571428,2.4738633753705965,Validation
DTXSID9044748,0.6206896551724138,0.5957732252504221,3.5608987629529714,Validation
DTXSID8045195,0.7307692307692307,0.7204652373770021,4.458699361921591,Validation
DTXSID3020706,0.65,0.583490990990991,3.388214869219483,Validation
DTXSID5057759,0.5918367346938775,0.5383984269698556,3.5496478698597698,Validation
DTXSID8020967,0.625,0.4480576441102757,2.1354156504062622,Validation
DTXSID4040719,0.5384615384615384,0.45030075615441467,2.668332812825267,Validation
DTXSID2023270,0.7241379310344828,0.6910385395537525,3.2680269276736382,Validation
DTXSID7030432,0.5294117647058824,0.4721033868092691,3.3466401061363023,Validation
DTXSID6029127,0.45,0.3732298136645963,1.7776388834631178,Validation
DTXSID7057652,0.7241379310344828,0.6966077608345288,5.359104402789705,Validation
DTXSID4040002,0.25,0.22758620689655173,2.5612496949731396,Validation
DTXSID3024786,0.7169811320754716,0.5843299847060754,4.39089968002003,Validation
DTXSID8026436,0.5714285714285714,0.5281573498964803,2.5612496949731396,Validation
DTXSID3029281,0.38461538461538464,0.3034965034965035,1.9798989873223332,Validation
DTXSID0044369,0.6,0.5548803827751196,2.2181073012818833,Validation
DTXSID1029910,0.75,0.7291632928475034,2.262741699796952,Validation
DTXSID4049244,0.5454545454545454,0.46464646464646464,2.244994432064365,Validation
DTXSID6020309,0.5769230769230769,0.49511705685618723,2.4000000000000004,Validation
DTXSID4049032,0.48,0.4666231884057971,2.6608269391300143,Validation
DTXSID4045189,0.5576923076923077,0.44647244522360163,3.5608987629529714,Validation
DTXSID8030138,0.47368421052631576,0.44013654044613804,1.4142135623730951,Validation
DTXSID3040728,0.5909090909090909,0.5190381231671555,2.280350850198276,Validation
DTXSID4032611,0.6,0.570626369507554,2.778488797889961,Validation
DTXSID9045392,0.6470588235294118,0.6104424664602683,4.449719092257398,Validation
DTXSID2047278,0.6923076923076923,0.5772353431599399,4.1182520563948,Validation
DTXSID5027142,0.5714285714285714,0.5163146997929606,2.3579652245103193,Validation
DTXSID4041363,0.5,0.469793956043956,2.513961017995307,Validation
DTXSID6049432,0.6086956521739131,0.5460869565217392,2.0976176963403033,Validation
DTXSID1021740,0.2857142857142857,0.27472527472527475,1.9078784028338913,Validation
DTXSID3020122,0.6666666666666666,0.4873599828067913,3.0133038346638727,Validation
DTXSID0021832,0.5217391304347826,0.4867658276125096,2.04939015319192,Validation
DTXSID0047797,0.7386363636363636,0.421021482765111,4.335896677735761,Validation
DTXSID6028028,0.7241379310344828,0.6227734519836855,3.3166247903554,Validation
DTXSID1024887,0.6086956521739131,0.5184766923897358,2.7129319932501077,Validation
DTXSID2039336,0.6521739130434783,0.4280490523968785,3.7416573867739418,Validation
DTXSID7044340,0.7534246575342466,0.7163099315068493,5.169139193328035,Validation
DTXSID9026633,0.6842105263157895,0.5926862611073137,2.227105745132009,Validation
DTXSID5021332,0.7391304347826086,0.6149175902244955,2.3748684174075834,Validation
DTXSID0042169,0.5357142857142857,0.5245714285714285,3.3704599092705436,Validation
DTXSID9025409,0.6,0.3742559523809524,3.1496031496047245,Validation
DTXSID6045583,0.7454545454545455,0.7395335605701054,4.358898943540674,Validation
DTXSID6042369,0.6341463414634146,0.5913917034362319,3.9089640571384128,Validation
DTXSID0023329,0.6333333333333333,0.6081891334058517,3.676955262170047,Validation
DTXSID6024674,0.5517241379310345,0.5052134646962234,3.0199337741083,Validation
DTXSID9025588,0.6363636363636364,0.5638158307210032,3.1368774282716245,Validation
DTXSID6025692,0.5757575757575758,0.5445483405483406,3.1496031496047245,Validation
DTXSID6047157,0.7142857142857143,0.6753434163138368,4.2708313008125245,Validation
DTXSID1045376,0.7142857142857143,0.6916743471582182,3.8052595180880897,Validation
DTXSID6040246,0.7384615384615385,0.640055141990626,4.449719092257398,Validation
DTXSID4023678,0.6923076923076923,0.6673382665721375,3.4292856398964497,Validation
DTXSID7034549,0.7872340425531915,0.7407670301625381,4.758150901348127,Validation
DTXSID7026108,0.5238095238095238,0.2693722943722944,1.216552506059644,Validation
DTXSID4045680,0.717391304347826,0.6992480297700332,4.604345773288536,Validation
DTXSID1045291,0.6410256410256411,0.486850000066109,2.973213749463701,Validation
DTXSID9023756,0.6727272727272727,0.6167817659408122,4.3772137256478585,Validation
DTXSID3040726,0.7209302325581395,0.6951015887368397,4.228474902373195,Validation
DTXSID2025840,0.5833333333333334,0.5281867255551467,2.3151673805580453,Validation
DTXSID1047360,0.6933333333333334,0.6673693128226235,5.63205113613149,Validation
DTXSID2032558,0.6595744680851063,0.5987506424092918,4.029888335921977,Validation
DTXSID0044571,0.5,0.4372503840245775,1.949358868961793,Validation
DTXSID4026266,0.6666666666666666,0.6397578988283636,2.4083189157584592,Validation
DTXSID2047195,0.7419354838709677,0.6864070017058632,3.698648401781386,Validation
DTXSID5044865,0.45,0.24,1.6733200530681511,Validation
DTXSID4025113,0.5882352941176471,0.5610555801267876,2.06881608655772,Validation
DTXSID5040700,0.6363636363636364,0.5462121212121211,2.4083189157584592,Validation
DTXSID4047882,0.4375,0.3837430213464696,2.297825058615212,Validation
DTXSID9044871,0.6923076923076923,0.5762294615953152,3.611094017053558,Validation
DTXSID0026208,0.5217391304347826,0.46218771566597655,2.23606797749979,Validation
DTXSID3037707,0.6818181818181818,0.4560204746111792,2.3579652245103193,Validation
DTXSID3020625,0.671875,0.6495041163231461,5.63205113613149,Validation
DTXSID3026512,0.0,0.0,0.0,Test
DTXSID9020792,0.7272727272727273,0.7102058952698339,2.8354893757515653,Test
DTXSID1025437,0.6,0.5038501291989664,2.90516780926679,Test
DTXSID8025040,0.5882352941176471,0.5540477734222418,2.863564212655271,Test
DTXSID5045914,0.5789473684210527,0.5274823087129589,2.6457513110645907,Test
DTXSID9025661,0.5714285714285714,0.4978571428571429,2.4248711305964283,Test
DTXSID6046555,0.6730769230769231,0.6414147440297062,4.476605857119878,Test
DTXSID6045909,0.6779661016949152,0.5980768874544923,4.621688003316537,Test
DTXSID5045756,0.7631578947368421,0.7163395866946469,3.898717737923586,Test
DTXSID0034803,0.7530864197530864,0.7394089793766778,5.989991652748775,Test
DTXSID0021096,0.5789473684210527,0.5124143145643705,3.4985711369071804,Test
DTXSID9027449,0.23529411764705882,0.047058823529411764,0.4,Test
DTXSID5050426,0.717948717948718,0.6468922728899795,5.2459508194416005,Test
DTXSID6027636,0.625,0.6058823529411764,2.3579652245103193,Test
DTXSID8044464,0.47619047619047616,0.4119349278172807,1.9595917942265426,Test
DTXSID1045405,0.44285714285714284,0.37262939958592134,3.97994974842648,Test
DTXSID4024276,0.7321428571428571,0.692351199247751,4.951767361255979,Test
DTXSID6027185,0.8666666666666667,0.6914285714285715,2.3065125189341593,Test
DTXSID4027103,0.16,0.032,0.4,Test
DTXSID9033008,0.5862068965517241,0.5077350902712415,2.5768197453450252,Test
DTXSID2044632,0.6956521739130435,0.5707945876232322,2.5534290669607413,Test
DTXSID1020857,0.7380952380952381,0.6416385464085523,3.52703841770968,Test
DTXSID0045204,0.7346938775510204,0.710452949508249,4.951767361255979,Test
DTXSID0042248,0.7,0.6063305322128851,3.3763886032268267,Test
DTXSID6045377,0.6142857142857143,0.5312642351845525,3.709447398198282,Test
DTXSID7028300,0.5882352941176471,0.577523259858267,3.3105890714493698,Test
DTXSID2026496,0.6585365853658537,0.5377270038130375,3.117691453623979,Test
DTXSID5046069,0.6,0.5778179989944696,3.5552777669262356,Test
DTXSID8021648,0.5263157894736842,0.47619047619047616,1.9798989873223332,Test
DTXSID0045597,0.6857142857142857,0.6703732303732304,4.5166359162544865,Test
DTXSID9044615,0.2857142857142857,0.23082706766917296,1.2806248474865698,Test
DTXSID0041517,0.7333333333333333,0.6882694763729247,3.521363372331802,Test
DTXSID1023603,0.5217391304347826,0.4476908212560386,1.9595917942265426,Test
DTXSID4022785,0.6521739130434783,0.4833862345143218,4.467661580737736,Test
DTXSID8038857,0.6964285714285714,0.6736929270803851,4.093897898091744,Test
DTXSID8042632,0.6578947368421053,0.5848125662056234,3.54400902933387,Test
DTXSID9047419,0.6285714285714286,0.5907368586422066,3.4871191548325386,Test
DTXSID0045090,0.6304347826086957,0.4472278770047649,2.6981475126464085,Test
DTXSID0027222,0.75,0.7295635673624288,4.069397989875161,Test
DTXSID6045533,0.6507936507936508,0.6146587648906001,5.149757275833493,Test
DTXSID7035272,0.52,0.4763529411764706,2.227105745132009,Test
DTXSID5057672,0.6666666666666666,0.6313840155945419,4.345112196480087,Test
DTXSID9057711,0.7058823529411765,0.6917019977802442,4.703190406521939,Test
DTXSID9022944,0.7228915662650602,0.6098033252406474,5.5677643628300215,Test
DTXSID1021823,0.3870967741935484,0.34581495923431416,2.0,Test
DTXSID6022842,0.7647058823529411,0.6769035751358732,3.4928498393145966,Test
DTXSID2029242,0.6333333333333333,0.6007407407407407,3.1559467676119,Test
DTXSID3027295,0.7,0.6625563909774437,2.8071337695236402,Test
DTXSID4020248,0.5833333333333334,0.5594996186117468,2.244994432064365,Test
DTXSID7048619,0.7441860465116279,0.7320888982436484,5.118593556827891,Test
DTXSID5057707,0.75,0.7281481481481482,3.3823069050575527,Test
DTXSID6057825,0.4189189189189189,0.29650462510093656,3.358571124749333,Test
DTXSID7048746,0.7101449275362319,0.7008038738595995,5.854912467321779,Test
DTXSID5023588,0.42105263157894735,0.20175438596491224,0.8485281374238571,Test
DTXSID6049355,0.0,0.0,0.0,Test
DTXSID5023037,0.6,0.5774878475821873,4.422668877499197,Test
DTXSID6022927,0.6984126984126984,0.6455616157835126,5.011985634456667,Test
DTXSID0021751,0.6666666666666666,0.6148351648351648,2.280350850198276,Test
DTXSID4023202,0.6938775510204082,0.6593400263331138,3.8052595180880897,Test
DTXSID4040715,0.4642857142857143,0.4199333787569082,2.6758176320519302,Test
DTXSID9037612,0.6458333333333334,0.6215895691609978,4.132795663954365,Test
DTXSID2045157,0.6470588235294118,0.6103966131907309,3.538361202590827,Test
DTXSID3041663,0.45161290322580644,0.3712494968661952,2.3065125189341593,Test
DTXSID3024100,0.4375,0.3730069124423963,2.513961017995307,Test
DTXSID1022267,0.6578947368421053,0.5364050889687562,2.8071337695236402,Test
DTXSID5044609,0.6521739130434783,0.609720392329088,2.727636339397171,Test
DTXSID0024977,0.5416666666666666,0.49028937728937727,2.3579652245103193,Test
DTXSID4042416,0.0,0.0,0.0,Test
DTXSID6022420,0.5757575757575758,0.5322520442520442,2.383275057562597,Test
DTXSID5046227,0.640625,0.5994988742040629,4.266145801540309,Test
DTXSID5047116,0.7,0.6081773399014778,3.452535300326414,Test
DTXSID8057803,0.6666666666666666,0.6228045977011494,3.857460304397182,Test
DTXSID5020312,0.7746478873239436,0.6826629145732247,5.44426303552648,Test
DTXSID5045128,0.6410256410256411,0.6144162055926762,3.852272056851645,Test
DTXSID7024320,0.5,0.42142857142857143,1.2649110640673518,Test
DTXSID1048201,0.5925925925925926,0.48109323116219666,2.821347195933177,Test
DTXSID3025469,0.5714285714285714,0.49849624060150377,1.8,Test
DTXSID9025580,0.59375,0.5435300586510264,3.394112549695428,Test
DTXSID5024978,0.5217391304347826,0.5117961019490255,2.32379000772445,Test
DTXSID7023350,0.4426229508196721,0.40426004088293377,2.785677655436824,Test
DTXSID6049226,0.6296296296296297,0.5511274219521065,2.9799328851502684,Test
DTXSID5045388,0.6373626373626373,0.5828067943525095,5.403702434442518,Test
DTXSID8047505,0.5434782608695652,0.41186876473647976,3.4583232931581165,Test
DTXSID7045942,0.6190476190476191,0.5825595238095238,3.5552777669262356,Test
DTXSID3044914,0.5517241379310345,0.503968015992004,2.5534290669607413,Test
DTXSID9028120,0.6296296296296297,0.59995522995523,3.3466401061363027,Test
DTXSID6024123,0.582089552238806,0.5221734774703468,3.9597979746446663,Test
DTXSID4023672,0.7611940298507462,0.7468818025892452,4.947726750741193,Test
DTXSID4046442,0.6181818181818182,0.5879547833119261,4.1521078984053394,Test
DTXSID1020350,0.5185185185185185,0.4757037037037037,2.244994432064365,Test
DTXSID5023039,0.7619047619047619,0.7395737739635416,5.138093031466052,Test
DTXSID3021192,0.6,0.46637681159420286,3.358571124749333,Test
DTXSID5020869,0.56,0.5000952380952381,2.513961017995307,Test
DTXSID7022544,0.7027027027027027,0.66049465614683,3.8729833462074175,Test
DTXSID5057838,0.717391304347826,0.6349898915114262,3.5832945734337835,Test
DTXSID3021851,0.5517241379310345,0.49834482758620685,2.7928480087537886,Test
DTXSID9044536,0.7105263157894737,0.665829752953813,4.46318272088428,Test
DTXSID3048869,0.5510204081632653,0.5075311256578103,3.908964057138413,Test
DTXSID5048978,0.4782608695652174,0.41102935711631366,1.8439088914585775,Test
DTXSID7022413,0.5,0.43647209421402966,2.4166091947189146,Test
DTXSID5026251,0.6470588235294118,0.5626470588235294,2.280350850198276,Test
DTXSID8025096,0.25,0.14210526315789473,0.8,Test
DTXSID2021739,0.5,0.49230769230769234,2.5768197453450252,Test
DTXSID9021552,0.6666666666666666,0.5333333333333333,1.5491933384829668,Test
DTXSID2042276,0.5185185185185185,0.4418255818255818,2.0199009876724157,Test
DTXSID0024501,0.6981132075471698,0.6891658701484074,4.595650117230423,Test
DTXSID1041847,0.13043478260869565,0.08778467908902692,1.0583005244258363,Test
DTXSID3045194,0.8285714285714286,0.8228649781590957,4.507771067833858,Test
DTXSID0025315,0.5483870967741935,0.4761025401277855,2.3664319132398464,Test
DTXSID3023471,0.6833333333333333,0.6602746686565043,4.812483766206387,Test
DTXSID9026500,0.6046511627906976,0.5096342506679301,2.4248711305964283,Test
DTXSID0025074,0.5,0.42735104669887275,2.181742422927143,Test
DTXSID4027361,0.6666666666666666,0.6305102517865491,3.243454948045371,Test
DTXSID6026799,0.65,0.5885714285714285,1.7776388834631178,Test
DTXSID5023586,0.660377358490566,0.6218526102130937,4.47213595499958,Test
DTXSID7026863,0.5,0.40057496682883686,1.7663521732655694,Test
DTXSID9025744,0.5,0.43149001536098314,2.6457513110645907,Test
DTXSID5026889,0.2,0.08,0.8,Test
DTXSID1020148,0.5652173913043478,0.4902364607170099,2.12602916254693,Test
DTXSID2041208,0.5238095238095238,0.3862318711839916,2.727636339397171,Test
DTXSID4049321,0.5357142857142857,0.4806794654620742,2.638181191654584,Test
DTXSID0057833,0.5625,0.5486405835543767,3.7576588456111875,Test
DTXSID0020024,0.6923076923076923,0.6409176788124157,2.6907248094147422,Test
DTXSID1021792,0.6,0.4890821256038647,2.2715633383201093,Test
DTXSID2046042,0.39285714285714285,0.37936507936507935,3.1874754901018454,Test
DTXSID1027211,0.7142857142857143,0.7077380952380954,2.374868417407584,Test
DTXSID7047487,0.0,0.0,0.0,Test
DTXSID5021839,0.5238095238095238,0.4561685543782731,1.788854381999832,Test
DTXSID8040278,0.5609756097560976,0.4521985619236998,3.0133038346638727,Test
DTXSID5048845,0.7156862745098039,0.6226926286062707,6.164414002968976,Test
DTXSID3025706,0.6417910447761194,0.6200442810002442,5.535341001239219,Test
DTXSID7047067,0.625,0.5758301404853129,2.8495613697550017,Test
DTXSID7020635,0.6935483870967742,0.6253874074579251,3.954743986657038,Test
DTXSID2029612,0.5294117647058824,0.5055258467023173,3.352610922848042,Test
DTXSID8049418,0.5769230769230769,0.479582610372084,2.0591260281974,Test
DTXSID6045878,0.6153846153846154,0.5582310158597537,3.509985754956849,Test
DTXSID0047581,0.045454545454545456,0.045454545454545456,1.0,Test
DTXSID2046418,0.5217391304347826,0.4817805383022774,2.3916521486202797,Test
DTXSID7045601,0.5142857142857142,0.4459907834101382,3.3286633954186478,Test
DTXSID1024091,0.5833333333333334,0.4908695652173913,2.244994432064365,Test
DTXSID7040526,0.7777777777777778,0.7610116867259724,4.586937976471886,Test
DTXSID9046235,0.7027027027027027,0.5940076047855933,3.1622776601683795,Test
DTXSID4027600,0.5526315789473685,0.5246971416676167,3.778888725538237,Test
DTXSID0045595,0.7192982456140351,0.5958977011115324,5.973273809227232,Test
DTXSID7022914,0.7105263157894737,0.6929160075183349,3.88329756778952,Test
DTXSID5033389,0.6,0.43237322515212984,3.8366652186501753,Test
DTXSID0047375,0.6714285714285714,0.6429230233723013,5.744562646538029,Test
DTXSID7037680,0.45901639344262296,0.35630661715796474,2.821347195933177,Test
DTXSID4044452,0.38461538461538464,0.24551282051282053,0.8,Test
DTXSID8023393,0.7428571428571429,0.7017715617715619,5.149757275833493,Test
DTXSID1023819,0.5961538461538461,0.5481837606837607,4.266145801540309,Test
DTXSID4041521,0.56,0.41776384535005223,2.0199009876724157,Test
DTXSID3020962,0.5,0.44393241167434716,2.5059928172283334,Test
DTXSID2023307,0.6666666666666666,0.5501923593462674,4.987985565335971,Test
DTXSID1045958,0.6444444444444445,0.5863053877427574,4.049691346263318,Test
DTXSID4057633,0.660377358490566,0.6398403483309144,5.617828762075256,Test
DTXSID8024997,0.4827586206896552,0.43374545633166317,2.5845695966640174,Test
DTXSID3021930,0.0,0.0,0.0,Test
DTXSID2048901,0.7142857142857143,0.6891341376377529,3.6441734316577197,Test
DTXSID0046725,0.75,0.7342664353190669,4.894895300208167,Test
DTXSID0048187,0.6923076923076923,0.6077727501256913,3.111269837220809,Test
DTXSID2045105,0.7073170731707317,0.5660635943286657,3.0983866769659336,Test
DTXSID2046410,0.7586206896551724,0.749064680220109,4.079215610874228,Test
DTXSID5046439,0.7058823529411765,0.6783848762176936,5.249761899362675,Test
DTXSID0045173,0.6666666666666666,0.6419732999582811,3.773592452822642,Test
DTXSID2042060,0.6451612903225806,0.47460833267284874,2.668332812825267,Test
DTXSID1025805,0.6571428571428571,0.6080425629831402,3.411744421846396,Test
DTXSID0044997,0.5,0.4208721036307243,2.4083189157584592,Test
DTXSID8027321,0.45454545454545453,0.4028138528138528,1.6733200530681513,Test
DTXSID8027329,0.0,0.0,0.0,Test
DTXSID3022403,0.4838709677419355,0.3317669785411721,2.1166010488516727,Test
DTXSID8045698,0.5434782608695652,0.5377183483729834,3.6166282640050254,Test
DTXSID7043950,0.6285714285714286,0.5930757231601307,3.4756294393965534,Test
DTXSID0044313,0.55,0.5091159717475507,2.3151673805580453,Test
DTXSID0021125,0.5227272727272727,0.4774293483595809,2.6832815729997477,Test
DTXSID4047886,0.5,0.43590684027141025,2.9933259094191533,Test
DTXSID4034497,0.6229508196721312,0.5397820528968541,4.1856899072912706,Test
DTXSID5047320,0.7676767676767676,0.7489074043520505,6.5482822174979605,Test
DTXSID7040285,0.44,0.4199217014869189,2.366431913239847,Test
DTXSID6021666,0.0,0.0,0.0,Test
DTXSID5025657,0.5555555555555556,0.4760591857366051,2.6381811916545836,Test
DTXSID8022743,0.7096774193548387,0.6210923002618267,3.1496031496047245,Test
DTXSID7045996,0.5416666666666666,0.5137362637362637,2.727636339397171,Test
DTXSID4048644,0.64,0.5957923233197495,5.758472019555188,Test
DTXSID0047163,0.6206896551724138,0.5567383367139959,3.4000000000000004,Test
DTXSID9047257,0.6351351351351351,0.4986936936936937,3.6660605559646724,Test
DTXSID6023103,0.6511627906976745,0.5874722791037547,3.867815921162743,Test
DTXSID4047674,0.6944444444444444,0.6701914098972923,3.538361202590827,Test
DTXSID8028008,0.6111111111111112,0.5915797376323692,4.039801975344831,Test
DTXSID2022593,0.5897435897435898,0.5598534798534799,3.4756294393965534,Test
DTXSID0021709,0.45454545454545453,0.4286116807169439,1.7549928774784245,Test
DTXSID1021378,0.5,0.4637362637362637,1.6492422502470645,Test
DTXSID2044682,0.6875,0.6134803921568628,3.1496031496047245,Test
DTXSID6025567,0.39285714285714285,0.35851578179164384,2.2181073012818837,Test
DTXSID5044734,0.6153846153846154,0.5087912087912088,2.705549851693737,Test
DTXSID2044347,0.4583333333333333,0.3956666666666666,1.8220867158288598,Test
DTXSID2045868,0.6086956521739131,0.5328615794143745,3.124099870362662,Test
DTXSID2020501,0.5777777777777777,0.490993135993136,3.026549190084311,Test
DTXSID7049213,0.45454545454545453,0.4432900432900433,2.6907248094147422,Test
DTXSID4045927,0.7551020408163265,0.7397108843537415,4.6946778377222005,Test
DTXSID0038831,0.6153846153846154,0.5088981288981289,2.6229754097208002,Test
DTXSID2041412,0.6956521739130435,0.6340427154843631,2.8071337695236402,Test
DTXSID3047134,0.6153846153846154,0.5692307692307692,2.8635642126552705,Test
DTXSID2023690,0.7017543859649122,0.6790955555768676,5.238320341483519,Test
DTXSID0022353,0.5454545454545454,0.5214242424242423,2.630589287593181,Test
DTXSID1045906,0.5,0.44962304409672826,3.2496153618543846,Test
DTXSID7045312,0.7777777777777778,0.7521313716654436,5.043808085167397,Test
DTXSID8022086,0.46153846153846156,0.38484330484330487,2.0976176963403033,Test
DTXSID7021780,0.34615384615384615,0.2569230769230769,1.3416407864998738,Test
DTXSID1048623,0.7093023255813954,0.5178547630492798,4.242640687119285,Test
DTXSID1024097,0.2,0.1422222222222222,1.2649110640673518,Test
DTXSID9039238,0.6,0.5499576648841356,3.237282811247729,Test
DTXSID6025690,0.675,0.5381635926222936,3.2,Test
DTXSID3044750,0.45714285714285713,0.412164512432539,2.5922962793631443,Test
DTXSID9047962,0.5,0.3784188034188034,1.6248076809271923,Test
DTXSID7022332,0.5357142857142857,0.45975960432482166,2.3151673805580453,Test
DTXSID0021040,0.5,0.27142857142857146,1.4832396974191326,Test
DTXSID1025013,0.631578947368421,0.5932229871353576,2.545584412271571,Test
DTXSID8023505,0.4605263157894737,0.3807843484221686,3.622154055254967,Test
DTXSID4029149,0.2,0.08,0.8,Test
DTXSID3020540,0.52,0.44513712374581943,2.4576411454889016,Test
DTXSID6047280,0.7142857142857143,0.6791450687677103,4.68187996428785,Test
DTXSID7020764,0.5641025641025641,0.48873283412504664,2.720294101747089,Test
DTXSID2021602,0.0,0.0,0.0,Test
DTXSID3027534,0.6666666666666666,0.5802202111613876,2.383275057562597,Test
DTXSID3020750,0.6666666666666666,0.5870250329380764,2.3579652245103193,Test
DTXSID2045365,0.35714285714285715,0.3021795782989813,2.5377155080899043,Test
DTXSID9032614,0.45454545454545453,0.36044942760781273,2.778488797889961,Test
DTXSID1024255,0.5531914893617021,0.4778453225261736,3.0659419433511785,Test
DTXSID7025136,0.5172413793103449,0.4704047976011994,2.4083189157584592,Test
DTXSID7029320,0.44680851063829785,0.3830791660464848,2.9461839725312475,Test
DTXSID7032630,0.6842105263157895,0.6805263157894736,4.521061822182927,Test
DTXSID1020146,0.4642857142857143,0.44189829778065076,2.340939982143925,Test
DTXSID5035957,0.359375,0.32179449669915766,4.079215610874228,Test
DTXSID1057668,0.6046511627906976,0.4895231031022296,3.370459909270544,Test
DTXSID2027092,0.47619047619047616,0.40856389986824765,1.9595917942265424,Test
DTXSID8057809,0.7045454545454546,0.64792663476874,3.4871191548325395,Test
DTXSID5025102,0.55,0.5366666666666667,2.545584412271571,Test
DTXSID8048785,0.6931818181818182,0.46517655844965083,4.132795663954366,Test
DTXSID0020498,0.25,0.21761904761904766,0.9797958971132713,Test
DTXSID7021940,0.0,0.0,0.0,Test
DTXSID3047631,0.7,0.6345346320346319,2.4331050121192876,Test
DTXSID9025245,0.5357142857142857,0.31359447004608293,1.8654758106177631,Test
DTXSID2041206,0.7692307692307693,0.7308461538461538,3.1622776601683795,Test
DTXSID6025438,0.6,0.5022344322344322,1.8110770276274835,Test
DTXSID3046083,0.6785714285714286,0.6534355268040007,5.134199061197374,Test
DTXSID2047276,0.7258064516129032,0.7194057092320041,5.063595560468865,Test
DTXSID1046132,0.6410256410256411,0.6065882812095905,4.093897898091744,Test
DTXSID3048819,0.7142857142857143,0.6516659438122854,4.089009660052175,Test
DTXSID9041368,0.6451612903225806,0.6201478494623656,2.979932885150268,Test
DTXSID7029164,0.5882352941176471,0.5248101294926977,2.7129319932501073,Test
DTXSID6032516,0.47619047619047616,0.42495101389838225,2.0297783130184444,Test
DTXSID5041641,0.56,0.4699029304029304,2.3151673805580453,Test
DTXSID2048907,0.7088607594936709,0.48219479372119556,3.7576588456111875,Test
DTXSID3025203,0.5964912280701754,0.49398353962629005,3.7576588456111875,Test
DTXSID4048199,0.48148148148148145,0.36794071602191736,1.7088007490635064,Test
DTXSID3020671,0.5555555555555556,0.3501151218062983,3.714835124201342,Test
DTXSID7048827,0.6363636363636364,0.5689036031430359,4.418144406874904,Test
DTXSID6048383,0.4166666666666667,0.15980392156862747,1.32664991614216,Test
DTXSID6057613,0.6904761904761905,0.6408059985127654,4.1521078984053394,Test
DTXSID5023613,0.46511627906976744,0.4265609909398905,3.117691453623979,Test
DTXSID0046561,0.6944444444444444,0.6671373836891078,3.6441734316577197,Test
DTXSID3047182,0.4,0.36721774193548384,2.5612496949731396,Test
DTXSID8045357,0.625,0.41447000293314684,2.7568097504180447,Test
DTXSID2047359,0.7454545454545455,0.7295935299348073,4.507771067833858,Test
DTXSID5023247,0.6296296296296297,0.5736182336182336,2.8425340807103794,Test
DTXSID8023927,0.5555555555555556,0.4325670498084291,1.886796226411321,Test
DTXSID6022688,0.5333333333333333,0.4175375162471936,2.6832815729997477,Test
DTXSID0044999,0.6,0.42430340557275537,2.349468024894146,Test
DTXSID7047142,0.5581395348837209,0.47507487667371395,3.1811947441173736,Test
DTXSID8044620,0.4642857142857143,0.42588522588522587,2.6229754097208002,Test
DTXSID8047896,0.75,0.7133077245760173,4.180908992073374,Test
DTXSID1025271,0.5652173913043478,0.5054879227053141,2.039607805437114,Test
DTXSID6022894,0.4444444444444444,0.325490121339178,3.4292856398964497,Test
DTXSID2020420,0.6739130434782609,0.6104400186615727,3.725587202039432,Test
DTXSID5024554,0.631578947368421,0.586373260738052,3.0199337741083,Test
DTXSID9046108,0.4864864864864865,0.42257912753602406,2.489979919597747,Test
DTXSID8045777,0.5,0.4169807497467072,3.174901573277509,Test
DTXSID7046388,0.6486486486486487,0.6041076099140615,3.2802438933713454,Test
DTXSID5047299,0.7142857142857143,0.6941040869699406,4.955804677345547,Test
DTXSID6047781,0.696969696969697,0.6297643097643097,3.006659275674582,Test
DTXSID4020612,0.5652173913043478,0.5041545893719807,2.986636904613616,Test
DTXSID9047469,0.4375,0.38138111888111886,1.4422205101855958,Test
DTXSID4041490,0.6666666666666666,0.6237707390648566,2.4738633753705965,Test
DTXSID1026904,0.36,0.269974025974026,1.469693845669907,Test
DTXSID9024934,0.6086956521739131,0.5646166233122755,3.013303834663873,Test
DTXSID1027556,0.5263157894736842,0.4565452091767881,1.42828568570857,Test
DTXSID3044413,0.4827586206896552,0.4447078544061303,2.6608269391300143,Test
DTXSID9021188,0.6097560975609756,0.4986400141523082,3.2062439083762797,Test
DTXSID4021006,0.6956521739130435,0.6096859903381643,2.7568097504180447,Test
DTXSID8046662,0.7121212121212122,0.7061186691067846,5.7306195127577615,Test
DTXSID6021585,0.5806451612903226,0.5188867101518586,2.280350850198276,Test
DTXSID4022107,0.75,0.7325839217143564,3.1559467676119,Test
DTXSID9023419,0.7894736842105263,0.7665135689903492,2.5298221281347035,Test
DTXSID4021923,0.6666666666666666,0.5333333333333333,1.5491933384829668,Test
DTXSID7021655,0.2222222222222222,0.2130718954248366,1.9078784028338913,Test
DTXSID6044519,0.625,0.6076391802001557,3.984971769034255,Test
DTXSID3026306,0.5185185185185185,0.4438072233724407,1.865475810617763,Test
DTXSID0020070,0.29411764705882354,0.29411764705882354,2.23606797749979,Test
DTXSID0044448,0.6,0.575108359133127,2.6758176320519302,Test
DTXSID7040734,0.36363636363636365,0.2505050505050505,2.457641145488902,Test
DTXSID7027253,0.4583333333333333,0.29481366459627323,1.2806248474865698,Test
DTXSID6057740,0.6086956521739131,0.5503265541262454,3.6,Test
DTXSID4047046,0.46875,0.35221153846153846,2.154065922853802,Test
DTXSID2042191,0.6666666666666666,0.5937254901960783,1.9287301521985911,Test
DTXSID7049421,0.6363636363636364,0.5833253588516747,2.4413111231467406,Test
DTXSID6046979,0.7,0.6808825093035619,3.872983346207417,Test
DTXSID6044488,0.8,0.7179296187683285,3.085449724108303,Test
DTXSID5044493,0.5454545454545454,0.4600289884383321,2.5922962793631443,Test
DTXSID0020814,0.5245901639344263,0.39883986580225733,3.117691453623979,Test
DTXSID5048421,0.631578947368421,0.6153588516746412,3.989987468652001,Test
DTXSID7021287,0.65,0.5565021248774109,2.4576411454889016,Test
DTXSID0046989,0.5714285714285714,0.3726829268292683,2.8565713714171403,Test
DTXSID9023122,0.7818181818181819,0.7723296663919447,4.857983120596447,Test
DTXSID7027625,0.35,0.2723357413140695,2.4979991993593598,Test
DTXSID2036827,0.5833333333333334,0.5168968456947997,2.0199009876724157,Test
DTXSID9020451,0.6571428571428571,0.6160349062702004,2.8495613697550017,Test
DTXSID4021634,0.6071428571428571,0.5426325617966485,2.2715633383201093,Test
DTXSID0041224,0.5882352941176471,0.5354946524064171,2.340939982143925,Test
DTXSID0020280,0.46153846153846156,0.42386324786324786,2.3748684174075834,Test
DTXSID5020231,0.5666666666666667,0.45930502727406763,2.280350850198276,Test
DTXSID2057601,0.7,0.6779754438773395,4.967896939349688,Test
DTXSID3023845,0.5909090909090909,0.5590527119938884,2.785677655436824,Test
DTXSID7027120,0.7272727272727273,0.7114326033443682,2.4819347291981715,Test
DTXSID4025298,0.5333333333333333,0.4954047976011994,2.814249455894058,Test
DTXSID5044578,0.56,0.46565315687896336,2.32379000772445,Test
DTXSID9022360,0.48148148148148145,0.45486111111111105,2.12602916254693,Test
DTXSID4044876,0.5,0.3875158911772184,2.06881608655772,Test
DTXSID2024163,0.40540540540540543,0.3256961162843516,2.0,Test
DTXSID4046949,0.3888888888888889,0.30964418647345476,2.1166010488516727,Test
DTXSID6024048,0.7272727272727273,0.7025878591395832,4.089009660052175,Test
DTXSID7027338,0.7058823529411765,0.6745098039215687,2.6832815729997477,Test
DTXSID1020144,0.5217391304347826,0.4748813248462618,2.4576411454889016,Test
DTXSID3023899,0.5102040816326531,0.39159576113639316,2.918903903865285,Test
DTXSID9020168,0.6666666666666666,0.5526709401709401,1.7204650534085255,Test
DTXSID6020983,0.5483870967741935,0.46189030450890034,2.5922962793631443,Test
DTXSID2044420,0.6595744680851063,0.4852253086921422,3.3346664001066135,Test
DTXSID2029169,0.4358974358974359,0.3238611688611689,2.433105012119288,Test
DTXSID2041250,0.5714285714285714,0.5526561828975621,2.9120439557122073,Test
DTXSID6041422,0.6511627906976745,0.5781121751025993,3.5213633723318023,Test
DTXSID2021949,0.6875,0.594452380952381,2.08806130178211,Test
DTXSID7046045,0.5652173913043478,0.4657325538911216,2.7129319932501077,Test
DTXSID6020517,0.8125,0.7321428571428571,2.1071307505705477,Test
DTXSID3038808,0.8095238095238095,0.7696804511278195,2.986636904613616,Test
DTXSID5020314,0.6551724137931034,0.6306944404830945,3.3406586176980135,Test
DTXSID5047879,0.44,0.3849778007821486,1.8330302779823362,Test
DTXSID9044667,0.7368421052631579,0.6397885998521208,2.2181073012818837,Test
DTXSID4041573,0.5555555555555556,0.5302222222222222,2.9461839725312475,Test
DTXSID4044454,0.5384615384615384,0.47725752508361197,2.85657137141714,Test
DTXSID1057824,0.4342105263157895,0.3201255647479904,3.698648401781386,Test
DTXSID0046640,0.676056338028169,0.6610419684363347,5.837807807730569,Test
DTXSID3021277,0.625,0.5002567693744164,2.340939982143925,Test
DTXSID6041925,0.5357142857142857,0.5023809523809524,2.1071307505705477,Test
DTXSID9049245,0.5,0.44721706226350194,2.1908902300206647,Test
DTXSID8048787,0.6666666666666666,0.6403558346415489,4.084115571332427,Test
DTXSID5044443,0.5263157894736842,0.45328947368421046,2.3579652245103193,Test
DTXSID7023300,0.49295774647887325,0.38748237895377646,3.4756294393965534,Test
DTXSID0048505,0.6792452830188679,0.6466266811660818,5.2,Test
DTXSID5046801,0.7125,0.6663075372943794,5.336665625650533,Test
DTXSID1026118,0.6190476190476191,0.5548571428571429,2.12602916254693,Test
DTXSID2022888,0.6578947368421053,0.6126984684339793,5.509990925582365,Test
DTXSID6022472,0.4166666666666667,0.3480952380952381,1.6970562748477143,Test
DTXSID0034722,0.8,0.7597587993291025,5.678027826631356,Test
DTXSID7026528,0.5588235294117647,0.4463967405143876,2.7422618401604177,Test
DTXSID7047192,0.4782608695652174,0.4076138964010817,2.2271057451320093,Test
DTXSID3020835,0.6111111111111112,0.581045751633987,2.545584412271571,Test
DTXSID2045652,0.6444444444444445,0.5479991012245815,3.9038442591886273,Test
DTXSID6026664,0.5263157894736842,0.5040247678018576,2.4166091947189146,Test
DTXSID8023472,0.7,0.6650396129021494,4.703190406521939,Test
DTXSID7057608,0.7333333333333333,0.6960091431556948,3.989987468652001,Test
DTXSID8037756,0.5357142857142857,0.49075799401886355,2.3916521486202797,Test
DTXSID6025145,0.4583333333333333,0.41481366459627333,1.886796226411321,Test
DTXSID3041409,0.48148148148148145,0.4292494912494912,2.6758176320519302,Test
DTXSID8048999,0.7,0.6558134548378451,4.427188724235731,Test
DTXSID2025137,0.35714285714285715,0.336952380952381,1.8330302779823362,Test
DTXSID6021292,0.5227272727272727,0.49163895048041384,3.3406586176980135,Test
DTXSID7020421,0.7692307692307693,0.7295177045177045,2.4899799195977463,Test
DTXSID8021771,0.5185185185185185,0.42285484242005983,2.23606797749979,Test
DTXSID0021626,0.5384615384615384,0.49535110987016606,2.297825058615212,Test
DTXSID1025774,0.5625,0.5495157109933332,3.4,Test
DTXSID9047411,0.43243243243243246,0.3704055448637492,2.3323807579381204,Test
DTXSID4023254,0.5675675675675675,0.49363256113256104,2.7202941017470885,Test
DTXSID3046821,0.7428571428571429,0.6557942130968446,3.2619012860600183,Test
DTXSID0046193,0.7551020408163265,0.7349506740796284,4.467661580737736,Test
DTXSID6045953,0.7699115044247787,0.6562146177069381,5.989991652748775,Test
DTXSID0020448,0.6,0.5258333333333334,1.7320508075688772,Test
DTXSID0032497,0.5714285714285714,0.5187574587574588,2.8844410203711917,Test
DTXSID7024291,0.6304347826086957,0.5840302189330867,4.049691346263318,Test
DTXSID3057804,0.6571428571428571,0.6345238095238095,3.7576588456111875,Test
DTXSID5020449,0.6756756756756757,0.6458401880141011,3.3763886032268267,Test
DTXSID1049221,0.5714285714285714,0.5345194805194804,2.898275349237888,Test
DTXSID8022292,0.48484848484848486,0.401142624823806,3.358571124749333,Test
DTXSID3043782,0.7285714285714285,0.7070942705957284,5.899152481501051,Test
DTXSID6046925,0.7457627118644068,0.6397873650110995,4.69041575982343,Test
DTXSID7041047,0.7254901960784313,0.6874030544876335,4.4136152981427825,Test
DTXSID1057797,0.7142857142857143,0.6644610398378695,3.6660605559646724,Test
DTXSID6023101,0.6341463414634146,0.6120683535317681,4.209513035969837,Test
DTXSID0041698,0.7272727272727273,0.6784853641348253,4.1856899072912706,Test
DTXSID7049215,0.6086956521739131,0.5373531655225019,2.6229754097208002,Test
DTXSID4027076,0.38461538461538464,0.38461538461538464,3.1622776601683795,Test
DTXSID3046792,0.6727272727272727,0.6015081363923869,4.7833042972405595,Test
DTXSID6045169,0.5423728813559322,0.47386685390615035,3.0199337741083,Test
DTXSID7020841,0.7380952380952381,0.6350571881369228,5.571355310873647,Test
DTXSID7020768,0.525,0.37104812129202375,2.4576411454889016,Test
DTXSID7045152,0.6716417910447762,0.5833632627261817,4.079215610874228,Test
DTXSID0047660,0.6956521739130435,0.6348044023101231,2.7129319932501077,Test
DTXSID1045164,0.6818181818181818,0.644608238552338,3.9698866482558417,Test
DTXSID2045361,0.5,0.48504796223925284,4.147288270665545,Test
DTXSID4041997,0.5490196078431373,0.4713965741035292,3.5832945734337835,Test
DTXSID1046550,0.717948717948718,0.5058101384267714,3.1811947441173736,Test
DTXSID8048600,0.6744186046511628,0.5816511627906976,4.1182520563948,Test
DTXSID2042195,0.5641025641025641,0.49624793217535146,2.5845695966640174,Test
DTXSID4045393,0.5,0.4124031007751938,3.3526109228480423,Test
DTXSID3025590,0.6470588235294118,0.6231653795121288,1.98997487421324,Test
DTXSID7023568,0.5185185185185185,0.4572808251289264,5.169139193328034,Test
DTXSID1023235,0.42105263157894735,0.20175438596491224,0.8485281374238571,Test
DTXSID1044853,0.8571428571428571,0.845064935064935,2.6457513110645907,Test
DTXSID6046890,0.42424242424242425,0.32512524512524515,2.778488797889961,Test
DTXSID5043714,0.7272727272727273,0.7153445106889599,4.242640687119285,Test
DTXSID7045574,0.5930232558139535,0.5489480781448619,4.804164859785725,Test
DTXSID0041197,0.2608695652173913,0.07525083612040133,0.6000000000000001,Test
DTXSID0045753,0.5294117647058824,0.33388912877403926,2.5298221281347035,Test
DTXSID1044518,0.7368421052631579,0.7208931419457736,4.233202097703345,Test
DTXSID7046889,0.6491228070175439,0.5590621552995282,4.1952353926806065,Test
DTXSID4034609,0.7692307692307693,0.7479575979575979,5.610704055642215,Test
DTXSID1045744,0.6825396825396826,0.6471645569833763,4.39089968002003,Test
DTXSID8025703,0.6071428571428571,0.5891534391534392,3.1176914536239795,Test
DTXSID2022127,0.5517241379310345,0.4736670126475223,2.009975124224178,Test
DTXSID4025296,0.6923076923076923,0.6821538461538463,3.4292856398964497,Test
DTXSID1044805,0.5882352941176471,0.5018816440398818,2.979932885150268,Test
DTXSID3027320,0.42857142857142855,0.412987012987013,2.23606797749979,Test
DTXSID8044410,0.6,0.5615488215488216,2.6758176320519302,Test
DTXSID0057756,0.6666666666666666,0.6200038869454162,3.340658617698013,Test
DTXSID2027620,0.5142857142857142,0.44904761904761903,2.4819347291981715,Test
DTXSID2047066,0.55,0.5153560371517028,2.4576411454889016,Test
DTXSID9026261,0.72,0.6438054119793251,2.778488797889961,Test
DTXSID3027116,0.65,0.5679510649533532,2.5219040425836985,Test
DTXSID7041097,0.7317073170731707,0.7123556192511039,5.134199061197374,Test
DTXSID7041914,0.6666666666666666,0.441991341991342,1.4966629547095767,Test
DTXSID4021894,0.625,0.3824675324675325,1.5362291495737217,Test
DTXSID5046851,0.6037735849056604,0.5869051184415065,4.833218389437829,Test
DTXSID3046295,0.6851851851851852,0.6169467028003612,4.079215610874228,Test
DTXSID2035481,0.4666666666666667,0.40888888888888886,2.383275057562597,Test
DTXSID7057604,0.5238095238095238,0.495,3.026549190084311,Test
DTXSID0023113,0.48,0.44598550724637676,1.9390719429665317,Test
DTXSID6048965,0.5217391304347826,0.4648169092426069,4.770744176750625,Test
DTXSID2027886,0.5869565217391305,0.5173892322889309,3.464101615137755,Test
DTXSID0021545,0.5,0.45809523809523806,2.039607805437114,Test
DTXSID6020985,0.5,0.4771701067029209,2.4576411454889016,Test
DTXSID3036496,0.5483870967741935,0.4221518397059135,3.1749015732775088,Test
DTXSID4044870,0.20833333333333334,0.14333333333333337,1.2000000000000002,Test
DTXSID2025395,0.8,0.7881318681318682,2.5922962793631443,Test
DTXSID2047569,0.5,0.40281056874160315,2.4576411454889016,Test
DTXSID5022643,0.6363636363636364,0.5272116772116773,2.154065922853802,Test
DTXSID2057788,0.5714285714285714,0.5300923504413207,2.32379000772445,Test
DTXSID5020156,0.6153846153846154,0.5788740245261985,3.0133038346638727,Test
DTXSID1024916,0.6071428571428571,0.49593344230441005,2.5845695966640174,Test
DTXSID0027438,0.5769230769230769,0.5511610129001433,2.615339366124404,Test
DTXSID6044644,0.5652173913043478,0.5292694636045019,2.764054992217051,Test
DTXSID9020902,0.7888888888888889,0.7785968680151281,5.649778756730214,Test
DTXSID5047372,0.746031746031746,0.7340362985634898,5.979966555090421,Test
DTXSID5021754,0.71875,0.6483214285714286,2.814249455894058,Test
DTXSID5042243,0.4166666666666667,0.3848484848484849,3.006659275674582,Test
DTXSID9047095,0.42424242424242425,0.39242424242424245,2.705549851693737,Test
DTXSID8045193,0.7023809523809523,0.5351757286060629,4.890807704254994,Test
DTXSID9048805,0.675,0.6432946186604724,4.180908992073375,Test
DTXSID6040296,0.55,0.4919645732689212,2.3151673805580453,Test
DTXSID2048959,0.5555555555555556,0.4982078853046595,2.6305892875931813,Test
DTXSID0020282,0.5185185185185185,0.4260846560846561,1.98997487421324,Test
DTXSID2026107,0.34782608695652173,0.23915396198004896,1.3711309200802089,Test
DTXSID5024059,0.5238095238095238,0.48373291925465833,2.0591260281974,Test
DTXSID8057720,0.5142857142857142,0.47440460495338543,2.545584412271571,Test
DTXSID2021600,0.0,0.0,0.0,Test
DTXSID0044812,0.6666666666666666,0.629768115942029,2.842534080710379,Test
DTXSID3046534,0.5294117647058824,0.4372957671132113,2.209072203437452,Test
DTXSID5022699,0.6557377049180327,0.6150631762032116,4.349712634186309,Test
DTXSID5022980,0.75,0.689267044346457,5.922837157984339,Test
DTXSID3027823,0.76,0.7182334943639292,3.492849839314596,Test
DTXSID1046974,0.6,0.534882154882155,2.615339366124404,Test
DTXSID1045792,0.5555555555555556,0.4459403794037941,3.2062439083762797,Test
DTXSID2041913,0.5569620253164557,0.3529673596866007,2.90516780926679,Test
DTXSID9045429,0.8032786885245902,0.7853813139594402,5.2421369688324635,Test
DTXSID1047491,0.7142857142857143,0.6696617405582923,3.2557641192199416,Test
DTXSID2025139,0.4666666666666667,0.18222222222222223,1.2328828005937953,Test
DTXSID5020491,0.46153846153846156,0.430935730935731,1.9287301521985911,Test
DTXSID6025642,0.5,0.4300219941348974,2.489979919597747,Test
DTXSID2024955,0.6923076923076923,0.6050616050616051,1.9183326093250879,Test
DTXSID5021380,0.625,0.5789860139860139,1.949358868961793,Test
DTXSID2049262,0.5,0.4530305958132045,1.9287301521985911,Test
DTXSID7032470,0.717948717948718,0.6880932896890344,4.595650117230423,Test
DTXSID9044241,0.5,0.4277186147186147,2.1633307652783933,Test
DTXSID8045486,0.7285714285714285,0.5187217067867775,4.298837052040936,Test
DTXSID6035152,0.75,0.7228619528619529,3.638681079732051,Test
DTXSID3045645,0.6896551724137931,0.6329845661560085,5.035871324805669,Test
DTXSID7025924,0.5454545454545454,0.505910450955823,2.891366458960192,Test
DTXSID3041615,0.675,0.5698112706007443,4.004996878900157,Test
DTXSID8021484,0.35,0.3113450292397661,1.2961481396815722,Test
DTXSID2044680,0.5,0.4530600118835412,2.6608269391300143,Test
DTXSID4049242,0.7611940298507462,0.7469250086563519,4.467661580737736,Test
DTXSID2047355,0.7526881720430108,0.7300476923551888,6.396874236687791,Test
DTXSID5025023,0.75,0.6962393162393162,3.3763886032268267,Test
DTXSID8045484,0.8165137614678899,0.6519712800515569,5.76541412215983,Test
DTXSID0032316,0.55,0.5018181818181818,2.1725560982400434,Test
DTXSID3049253,0.0,0.0,0.0,Test
DTXSID8020707,0.6923076923076923,0.49830665872411606,2.5377155080899043,Test
DTXSID9035175,0.74,0.7151344002081708,5.043808085167397,Test
DTXSID6057796,0.40476190476190477,0.3722487090908143,3.0854497241083023,Test
DTXSID3048605,0.7289719626168224,0.6882838315645277,6.330876716537765,Test
DTXSID8024105,0.5333333333333333,0.4631884057971014,2.3323807579381204,Test
DTXSID2047646,0.45454545454545453,0.3999562185320699,2.898275349237888,Test
DTXSID4040268,0.6470588235294118,0.5064673202614379,3.81051177665153,Test
DTXSID8032417,0.6666666666666666,0.5851363186541316,4.3817804600413295,Test
DTXSID2057659,0.5192307692307693,0.4774085702657131,3.3466401061363023,Test
DTXSID0022193,0.4375,0.3701890622149243,2.280350850198276,Test
DTXSID9047251,0.7407407407407407,0.6993606919863342,5.130302135352264,Test
DTXSID6024882,0.7671232876712328,0.7599011710505381,4.987985565335971,Test
DTXSID2045993,0.5272727272727272,0.4813006993006993,3.9140771581561857,Test
DTXSID4023595,0.7121212121212122,0.7035617138766745,9.162968951164247,Test
DTXSID9046158,0.6530612244897959,0.6314034906892049,3.9191835884530852,Test
DTXSID1041978,0.5614035087719298,0.5274301294411271,3.964845520319802,Test
DTXSID6021793,0.5,0.4841269841269841,2.078460969082653,Test
DTXSID4047206,0.6,0.4530948275862069,2.5298221281347035,Test
DTXSID9024194,0.4444444444444444,0.37225477578418753,2.489979919597747,Test
DTXSID3044833,0.7,0.5870376832730019,3.8935844667863573,Test
DTXSID5046275,0.6111111111111112,0.5273411208455013,2.8844410203711917,Test
DTXSID8021488,0.42857142857142855,0.3918580765639589,1.3416407864998738,Test
DTXSID6048880,0.5277777777777778,0.4987352790578597,2.8425340807103794,Test
DTXSID0047032,0.6842105263157895,0.6205513784461153,3.8157568056677826,Test
DTXSID0044650,0.6428571428571429,0.5634112554112554,2.505992817228334,Test
DTXSID4044616,0.5384615384615384,0.34185897435897433,1.562049935181331,Test
DTXSID7027966,0.5185185185185185,0.46455026455026455,2.8284271247461903,Test
DTXSID9024930,0.5185185185185185,0.48396243133085237,2.06881608655772,Test
DTXSID9048774,0.6964285714285714,0.6269314788190335,4.673328578219169,Test
DTXSID8041034,0.5888888888888889,0.5166713022393382,4.054626986542659,Test
DTXSID3025257,0.627906976744186,0.5939863753817243,4.4362146025637665,Test
DTXSID3020596,0.47368421052631576,0.43384932920536634,1.7204650534085255,Test
DTXSID9048516,0.7021276595744681,0.6433677087856419,4.354308211415448,Test
DTXSID3025629,0.41379310344827586,0.34813832400039296,2.1908902300206647,Test
DTXSID3041247,0.36363636363636365,0.32034632034632027,1.5491933384829668,Test
DTXSID7046207,0.7093023255813954,0.6329166957073934,5.90592922409336,Test
DTXSID9046576,0.8032786885245902,0.7413444217806988,5.370288632839022,Test
DTXSID2046628,0.6935483870967742,0.6712716020788964,5.007993610219566,Test
DTXSID5021758,0.5,0.41645021645021646,2.5690465157330262,Test
DTXSID6036467,0.6666666666666666,0.6144147355912062,3.720215047547655,Test
DTXSID7047560,0.3870967741935484,0.33381458595168273,2.383275057562597,Test
DTXSID5046433,0.6666666666666666,0.6653333333333332,4.6604720790924175,Test
DTXSID2044973,0.4666666666666667,0.4388218390804598,2.9597297173897488,Test
DTXSID3023897,0.6274509803921569,0.5519047259929613,4.059556626036889,Test
DTXSID6045248,0.717391304347826,0.6984647454335147,5.095095681142799,Test
DTXSID7046627,0.7126436781609196,0.6881755018013381,5.674504383644443,Test
DTXSID0026252,0.6111111111111112,0.5799861973775017,2.638181191654584,Test
DTXSID8021644,0.0,0.0,0.0,Test
DTXSID3025542,0.5833333333333334,0.5067521367521367,1.7320508075688772,Test
DTXSID6046422,0.6060606060606061,0.5470441645557744,3.1496031496047245,Test
DTXSID2023434,0.6111111111111112,0.40130230880230877,1.661324772583615,Test
DTXSID3026728,0.46153846153846156,0.2723076923076923,1.4142135623730951,Test
DTXSID8044466,0.5,0.45933014354066987,1.6970562748477143,Test
DTXSID4047094,0.4838709677419355,0.44059603262884683,2.705549851693737,Test
DTXSID4048852,0.7532467532467533,0.7448657602178729,5.793099343184096,Test
DTXSID6023159,0.6938775510204082,0.662759467423333,4.363484845854286,Test
DTXSID2034968,0.6666666666666666,0.5679487179487179,2.009975124224178,Test
DTXSID4057631,0.375,0.3090744023636852,3.815756805667783,Test
DTXSID4027288,0.75,0.7142857142857142,3.2680269276736387,Test
DTXSID1020221,0.4444444444444444,0.36363636363636365,1.6248076809271923,Test
DTXSID6041133,0.5625,0.5195637829912023,3.4871191548325386,Test
DTXSID7041918,0.55,0.4798529411764706,2.6832815729997477,Test
DTXSID0027773,0.4230769230769231,0.34515301902398676,2.1354156504062622,Test
DTXSID1046215,0.46153846153846156,0.3759982770852336,2.8844410203711917,Test
DTXSID7025637,0.45454545454545453,0.40734945004394724,2.6,Test
DTXSID5021122,0.5526315789473685,0.4628422793957599,2.513961017995307,Test
DTXSID1021114,0.75,0.6978185335807636,3.789459064299283,Test
DTXSID4049373,0.5945945945945946,0.5179939297586357,3.0,Test
DTXSID5047162,0.5,0.49565217391304345,2.513961017995307,Test
DTXSID5041728,0.6744186046511628,0.6502602515484643,4.363484845854286,Test
DTXSID9032531,0.6179775280898876,0.5105816342434504,4.358898943540674,Test
DTXSID2049264,0.6875,0.510467032967033,2.821347195933177,Test
DTXSID0045707,0.6410256410256411,0.49002664002664,3.1304951684997055,Test
DTXSID9041075,0.625,0.6111361156573922,3.7788887255382373,Test
DTXSID5027512,0.6153846153846154,0.5860231271995978,2.513961017995307,Test
DTXSID7025926,0.525,0.4636363636363637,2.870540018881465,Test
DTXSID3044960,0.3939393939393939,0.3208046855105679,2.32379000772445,Test
DTXSID4047963,0.6578947368421053,0.6310459880416328,2.814249455894058,Test
DTXSID2047434,0.5375,0.45437855967773827,4.6475800154489,Test
DTXSID8057649,0.8023255813953488,0.7885296726100768,5.685068161420758,Test
DTXSID2023519,0.6779661016949152,0.5816999105836043,3.9089640571384128,Test
DTXSID2021577,0.65,0.5693665158371041,2.12602916254693,Test
DTXSID1040110,0.4,0.3866666666666666,2.0199009876724157,Test
DTXSID7020631,0.6190476190476191,0.4238095238095238,2.1447610589527217,Test
DTXSID6042579,0.6911764705882353,0.6424096514621935,4.445222154178574,Test
DTXSID5024637,0.5714285714285714,0.4798558897243108,1.7776388834631178,Test
DTXSID0044810,0.4482758620689655,0.41363032769329616,2.3664319132398464,Test
DTXSID7044398,0.7027027027027027,0.6810244115082824,4.044749683231338,Test
DTXSID1026164,0.47368421052631576,0.42973684210526314,1.9899748742132402,Test
DTXSID5025574,0.55,0.49565217391304356,1.9287301521985911,Test
DTXSID2048660,0.7654320987654321,0.7490326472808981,6.1090097397205065,Test
DTXSID4044402,0.6296296296296297,0.5527609427609428,2.6076809620810595,Test
DTXSID8046664,0.7391304347826086,0.6688005373427368,4.454211490264018,Test
DTXSID8041610,0.5769230769230769,0.39959514170040483,2.3151673805580453,Test
DTXSID4048692,0.7411764705882353,0.6141005035894139,3.9698866482558417,Test
DTXSID9047255,0.7333333333333333,0.6946237272182767,4.853864439804639,Test
DTXSID4043850,0.6956521739130435,0.653666775634739,2.771281292110204,Test
DTXSID6026325,0.4230769230769231,0.3910327714554634,2.1817424229271434,Test
DTXSID7048829,0.6060606060606061,0.5103782182729552,3.1749015732775088,Test
DTXSID3024497,0.5217391304347826,0.46859903381642515,2.1908902300206647,Test
DTXSID9021841,0.5454545454545454,0.5132336188063742,2.08806130178211,Test
DTXSID0023036,0.6875,0.6799716840536513,4.898979485566356,Test
DTXSID1022186,0.36,0.2491739130434783,2.039607805437114,Test
DTXSID0042242,0.5384615384615384,0.4707918747918748,2.0099751242241783,Test
DTXSID7045940,0.7297297297297297,0.6259420711033614,3.4467375879228177,Test
DTXSID4024721,0.717948717948718,0.5633807053161892,3.0724582991474434,Test
DTXSID2027834,0.4,0.3742592592592592,2.3916521486202797,Test
DTXSID9048649,0.5178571428571429,0.3891864548376591,3.370459909270544,Test
DTXSID3026308,0.5,0.41189723320158106,1.8110770276274835,Test
DTXSID5046437,0.49122807017543857,0.4238652982298213,3.2802438933713454,Test
DTXSID4048933,0.37209302325581395,0.3366833255256365,2.5612496949731396,Test
DTXSID2047141,0.5263157894736842,0.2945560871876661,1.077032961426901,Test
DTXSID9020580,0.5,0.4050026497085321,2.4576411454889016,Test
DTXSID0020236,0.6,0.5157894736842106,2.0591260281974,Test
DTXSID0021335,0.5625,0.39904369784804566,3.3823069050575527,Test
DTXSID9025617,0.75,0.7163410138248848,2.9120439557122073,Test
DTXSID1026900,0.3333333333333333,0.12,0.6324555320336759,Test
DTXSID9025085,0.75,0.7241666666666666,2.2181073012818837,Test
DTXSID5028114,0.6,0.5000501253132833,2.9933259094191533,Test
DTXSID2026523,0.7391304347826086,0.5989045183290708,1.9287301521985911,Test
DTXSID3021938,0.0,0.0,0.0,Test
DTXSID4047339,0.7303370786516854,0.6096948229627526,5.388877434122992,Test
DTXSID3042263,0.7368421052631579,0.6956978693820799,2.764054992217051,Test
DTXSID5026837,0.43478260869565216,0.388377564464521,1.6,Test
DTXSID3041619,0.5660377358490566,0.5289850896444389,3.6166282640050254,Test
DTXSID4057762,0.5531914893617021,0.45737397569423494,3.3526109228480423,Test
DTXSID6023862,0.7272727272727273,0.5881640323500787,3.6331804249169903,Test
DTXSID2048822,0.5869565217391305,0.4848098507137409,3.117691453623979,Test
DTXSID2020058,0.6590909090909091,0.5835859361435757,4.054626986542659,Test
DTXSID3046401,0.5833333333333334,0.5010304659498208,2.932575659723036,Test
DTXSID2044765,0.5,0.368959868959869,2.3664319132398464,Test
DTXSID9047045,0.7692307692307693,0.7504374708445013,4.317406628984581,Test
DTXSID9032589,0.5882352941176471,0.5421996485051259,4.651881339845203,Test
DTXSID6024206,0.6857142857142857,0.6347417337739918,3.124099870362662,Test
DTXSID8047844,0.6458333333333334,0.5545952380952381,3.638681079732051,Test
DTXSID2047519,0.38461538461538464,0.36695156695156694,2.771281292110204,Test
DTXSID1022635,0.7454545454545455,0.6687147021565225,4.707440918375928,Test
DTXSID9034492,0.7391304347826086,0.7243439899574756,4.795831523312719,Test
DTXSID0047957,0.034482758620689655,0.006896551724137931,0.2,Test
DTXSID2024452,0.7674418604651163,0.7057006213450505,4.123105625617661,Test
DTXSID0044816,0.5172413793103449,0.40297037860997814,2.513961017995307,Test
DTXSID0038756,0.5416666666666666,0.5112637362637362,2.433105012119288,Test
DTXSID6026905,0.42857142857142855,0.2697142857142857,1.469693845669907,Test
DTXSID9027441,0.5217391304347826,0.4711225337011423,3.2619012860600183,Test
DTXSID1049350,0.5384615384615384,0.46794871794871795,1.7204650534085253,Test
DTXSID7021235,0.703125,0.6550257627393703,5.0517323761260355,Test
DTXSID9040130,0.6790123456790124,0.47788285710226636,4.233202097703345,Test
DTXSID7057606,0.625,0.5621929824561404,2.4000000000000004,Test
DTXSID1057660,0.6206896551724138,0.5351190645962614,3.778888725538237,Test
DTXSID2021070,0.6896551724137931,0.6661235873659809,3.4985711369071804,Test
DTXSID6041927,0.6829268292682927,0.6248071590754518,3.9949968710876362,Test
DTXSID4024064,0.5897435897435898,0.5327132385668971,3.82099463490856,Test
DTXSID1023497,0.6949152542372882,0.6467641787290586,4.898979485566356,Test
DTXSID0044995,0.6190476190476191,0.5774127626759206,3.54964786985977,Test
DTXSID8049416,0.5909090909090909,0.5597402597402598,2.6076809620810595,Test
DTXSID9047679,0.5806451612903226,0.5366052227342549,2.5612496949731396,Test
DTXSID2025391,0.7058823529411765,0.5899556913674561,2.23606797749979,Test
DTXSID3047423,0.6,0.5875611210494932,4.004996878900157,Test
