chemical_id,kappa,gamma,delta,Dataset
DTXSID0024470,0.6666666666666666,0.5767235926628715,3.1368774282716245,Train
DTXSID0046721,0.723404255319149,0.459359590455293,4.4136152981427825,Train
DTXSID8045145,0.6153846153846154,0.45025747097175667,2.785677655436824,Train
DTXSID6027266,0.0,0.0,0.0,Train
DTXSID7047356,0.7108433734939759,0.7023643467199169,6.65432190384565,Train
DTXSID6044488,0.8,0.705948051948052,3.22490309931942,Train
DTXSID5045700,0.6764705882352942,0.6569789002557546,3.4409301068170506,Train
DTXSID1020778,0.5294117647058824,0.31479500891265594,2.2,Train
DTXSID9048801,0.7608695652173914,0.7458008374974705,5.059644256269407,Train
DTXSID4046602,0.4642857142857143,0.35939139763213335,3.2496153618543846,Train
DTXSID7047776,0.65,0.5917245817245818,3.671511950137164,Train
DTXSID5025156,0.6666666666666666,0.6436974789915966,2.04939015319192,Train
DTXSID2022886,0.5555555555555556,0.27111111111111114,1.6733200530681513,Train
DTXSID0027486,0.7419354838709677,0.6736364947790096,2.4413111231467406,Train
DTXSID6026797,0.5333333333333333,0.4425641025641026,1.2649110640673518,Train
DTXSID9051618,0.5454545454545454,0.47938745312658354,2.154065922853802,Train
DTXSID5023247,0.6,0.5617471819645733,2.764054992217051,Train
DTXSID4020244,0.5882352941176471,0.49988149105796165,1.661324772583615,Train
DTXSID4046525,0.5909090909090909,0.4970665299612668,2.2,Train
DTXSID6020303,0.65,0.5791176470588235,2.65329983228432,Train
DTXSID5047110,0.3333333333333333,0.1287179487179487,1.2328828005937953,Train
DTXSID7022704,0.5614035087719298,0.5274762933459537,4.166533331199932,Train
DTXSID2044559,0.5208333333333334,0.38887793751556715,3.3823069050575527,Train
DTXSID9045005,0.5,0.4485042735042735,2.08806130178211,Train
DTXSID9035620,0.7380952380952381,0.6752803379416282,3.622154055254967,Train
DTXSID5040702,0.5,0.4716933638443936,2.209072203437452,Train
DTXSID7030307,0.5555555555555556,0.49803418803418803,1.9287301521985911,Train
DTXSID6047440,0.5384615384615384,0.4875550079211406,2.1725560982400434,Train
DTXSID8020173,0.75,0.6605769230769231,2.0099751242241783,Train
DTXSID4041995,0.6944444444444444,0.607965456585825,3.7894590642992836,Train
DTXSID9025243,0.5161290322580645,0.19608294930875575,1.148912529307606,Train
DTXSID6044721,0.7,0.6516577540106953,2.821347195933177,Train
DTXSID0044361,0.64,0.6136060606060607,2.7856776554368237,Train
DTXSID3025170,0.39285714285714285,0.39285714285714285,3.0659419433511785,Train
DTXSID1045407,0.7,0.599605032648511,3.515679166249389,Train
DTXSID4040715,0.4642857142857143,0.4199333787569082,2.6758176320519302,Train
DTXSID2052574,0.5238095238095238,0.4392717086834734,1.661324772583615,Train
DTXSID4049032,0.48,0.44062318840579706,2.638181191654584,Train
DTXSID7046623,0.7872340425531915,0.7658071615294322,4.995998398718719,Train
DTXSID7046465,0.6575342465753424,0.6295076720217735,5.130302135352264,Train
DTXSID3034456,0.7580645161290323,0.7303029971989193,5.007993610219566,Train
DTXSID1029251,0.5357142857142857,0.4941876750700279,2.253885533916929,Train
DTXSID7021782,0.7368421052631579,0.6979200916043021,2.6457513110645907,Train
DTXSID9046233,0.6206896551724138,0.582807881773399,3.2924155266308657,Train
DTXSID7023011,0.59375,0.49750816993464053,3.0983866769659336,Train
DTXSID0046226,0.6166666666666667,0.475000808834172,4.209513035969838,Train
DTXSID0022725,0.6949152542372882,0.6128962502735695,5.063595560468865,Train
DTXSID4042254,0.5357142857142857,0.5338095238095237,3.4698703145794947,Train
DTXSID4046652,0.8347826086956521,0.8276650223869524,7.740800992145451,Train
DTXSID8023470,0.6470588235294118,0.5815909618564407,4.044749683231338,Train
DTXSID1021586,0.39285714285714285,0.33762157382847036,2.0591260281974,Train
DTXSID8021854,0.5238095238095238,0.4719672919672919,2.2891046284519194,Train
DTXSID7044267,0.4927536231884058,0.32901934527023624,3.4813790371058424,Train
DTXSID6046391,0.6808510638297872,0.534684831763079,2.979932885150268,Train
DTXSID1052298,0.5,0.41803663003663,2.545584412271571,Train
DTXSID1057795,0.675,0.6670512820512821,4.481071300481616,Train
DTXSID0044365,0.6111111111111112,0.5973572037510657,2.5922962793631443,Train
DTXSID8023347,0.7435897435897436,0.6424061146235804,5.628498911788116,Train
DTXSID5048211,0.38461538461538464,0.3054131054131054,1.7435595774162698,Train
DTXSID6020359,0.4666666666666667,0.1892929292929293,0.8246211251235323,Train
DTXSID2047272,0.7752808988764045,0.7667308145258228,5.99666574022598,Train
DTXSID4020612,0.5652173913043478,0.5041545893719807,2.986636904613616,Train
DTXSID0045173,0.6666666666666666,0.6443520809280334,4.029888335921977,Train
DTXSID4022525,0.39473684210526316,0.3058101135190919,2.32379000772445,Train
DTXSID1029889,0.7424242424242424,0.6700035650623886,4.795831523312719,Train
DTXSID2047779,0.6888888888888889,0.5871288586730493,3.720215047547655,Train
DTXSID4026769,0.6923076923076923,0.6204836829836831,1.9287301521985911,Train
DTXSID8024157,0.5208333333333334,0.42892191142191144,3.388214869219483,Train
DTXSID7024376,0.5769230769230769,0.46543936578719186,2.2627416997969525,Train
DTXSID4047335,0.7777777777777778,0.7643478260869565,6.884765791223401,Train
DTXSID0022353,0.5416666666666666,0.5160370370370371,2.615339366124404,Train
DTXSID7041629,0.6,0.5625574530887624,3.4000000000000004,Train
DTXSID2029290,0.6842105263157895,0.5174872665534804,2.749545416973504,Train
DTXSID5025447,0.5,0.43249999999999994,2.2,Train
DTXSID5051999,0.6458333333333334,0.5281965344277246,3.3466401061363027,Train
DTXSID0037570,0.6153846153846154,0.6039391618338987,4.3266615305567875,Train
DTXSID7022592,0.6417910447761194,0.5684414354437408,4.335896677735761,Train
DTXSID6023101,0.6216216216216216,0.6052390852390852,4.093897898091744,Train
DTXSID6045901,0.56,0.5035596032628847,2.5922962793631443,Train
DTXSID4052132,0.5714285714285714,0.46870995670995674,1.7320508075688774,Train
DTXSID9044794,0.7021276595744681,0.6492727699481782,4.064480286580315,Train
DTXSID2034625,0.7808219178082192,0.7564569710276359,5.916079783099616,Train
DTXSID5021122,0.5517241379310345,0.46266079119249304,2.3065125189341593,Train
DTXSID0046434,0.7439024390243902,0.7100594262099698,6.190315016216865,Train
DTXSID9045132,0.7681159420289855,0.7256149241726333,5.663920903402518,Train
DTXSID7044639,0.5428571428571428,0.4982059494559494,2.8425340807103794,Train
DTXSID6023367,0.5769230769230769,0.453806515545646,2.1633307652783937,Train
DTXSID3045857,0.5573770491803278,0.490441689548614,4.237924020083418,Train
DTXSID0047589,0.6571428571428571,0.588814935064935,3.9293765408777004,Train
DTXSID5025578,0.7272727272727273,0.6750840604184258,3.0528675044947495,Train
DTXSID0047038,0.5,0.40218052738336707,2.4331050121192876,Train
DTXSID6047818,0.6470588235294118,0.5913006535947712,3.9547439866570384,Train
DTXSID6025696,0.5789473684210527,0.4830075187969925,1.9390719429665317,Train
DTXSID4034287,0.27586206896551724,0.13631254009452007,1.2000000000000002,Train
DTXSID8044414,0.5185185185185185,0.48404558404558407,2.553429066960741,Train
DTXSID8024286,0.75,0.691078431372549,2.5298221281347035,Train
DTXSID7052573,0.5517241379310345,0.4530432402846195,2.4819347291981715,Train
DTXSID5023536,0.4444444444444444,0.35386942755363804,2.6832815729997477,Train
DTXSID0044280,0.7717391304347826,0.756388642413487,6.286493458200684,Train
DTXSID3022582,0.675,0.6697960016319868,4.280186911806539,Train
DTXSID7044479,0.4166666666666667,0.4050065876152833,2.144761058952722,Train
DTXSID6025642,0.5142857142857142,0.4812662337662338,2.8071337695236402,Train
DTXSID4049379,0.6410256410256411,0.6143690218208085,4.28485705712571,Train
DTXSID0045595,0.7478260869565218,0.6443876496856324,6.428063471995279,Train
DTXSID6045791,0.6415094339622641,0.5271802935010482,3.4928498393145966,Train
DTXSID6026169,0.5,0.48654244306418215,1.9390719429665317,Train
DTXSID6057746,0.6451612903225806,0.6044896231770537,4.886716689148247,Train
DTXSID5027358,0.5714285714285714,0.5431453634085213,2.366431913239847,Train
DTXSID2031374,0.75,0.7094896331738437,2.764054992217051,Train
DTXSID1044647,0.6333333333333333,0.57252757459654,3.4058772731852804,Train
DTXSID3046665,0.4864864864864865,0.4369435612082671,4.878524367060187,Train
DTXSID6047284,0.7666666666666667,0.6892407968984393,4.987985565335971,Train
DTXSID4021761,0.631578947368421,0.5429372072715726,1.8,Train
DTXSID8023971,0.5294117647058824,0.4461569524835106,2.2181073012818837,Train
DTXSID6024462,0.5,0.47875862068965513,2.764054992217051,Train
DTXSID4027159,0.16666666666666666,0.07509803921568628,0.5291502622129182,Train
DTXSID1057747,0.6756756756756757,0.6212889812889812,3.682390527904394,Train
DTXSID8024573,0.6206896551724138,0.5706455799877839,2.4576411454889016,Train
DTXSID2041252,0.5517241379310345,0.5183818646232439,2.6229754097208002,Train
DTXSID6044931,0.4666666666666667,0.46298850574712647,3.4,Train
DTXSID4045686,0.6410256410256411,0.5773853339399324,3.97994974842648,Train
DTXSID0047959,0.5769230769230769,0.5061170568561872,2.5377155080899043,Train
DTXSID2049420,0.6470588235294118,0.5999130178387144,2.630589287593181,Train
DTXSID3036288,0.391304347826087,0.1915144580819638,1.0392304845413265,Train
DTXSID0048632,0.660377358490566,0.6351828844988898,4.621688003316537,Train
DTXSID3040776,0.5238095238095238,0.423992673992674,2.986636904613616,Train
DTXSID1027267,0.0,0.0,0.0,Train
DTXSID1021328,0.6875,0.5638492063492063,1.6733200530681513,Train
DTXSID9023706,0.6818181818181818,0.6598220977051621,5.192301994298868,Train
DTXSID1034634,0.5945945945945946,0.5427815165895662,3.5496478698597698,Train
DTXSID2025680,0.35,0.24540404040404037,2.4000000000000004,Train
DTXSID6025804,0.23529411764705882,0.047058823529411764,0.4,Train
DTXSID4046109,0.6909090909090909,0.5320890245631886,4.1856899072912706,Train
DTXSID8044757,0.53125,0.44677706552706553,2.0591260281974,Train
DTXSID5024346,0.625,0.5469047619047619,2.3151673805580453,Train
DTXSID5023081,0.5,0.296,1.7435595774162695,Train
DTXSID9047041,0.7647058823529411,0.7585534491116753,5.524490926773254,Train
DTXSID7038818,0.5714285714285714,0.48583996648512784,2.7129319932501077,Train
DTXSID4027494,0.55,0.4578181818181818,2.1633307652783937,Train
DTXSID3047554,0.4411764705882353,0.42053283229753813,3.2619012860600183,Train
DTXSID3046320,0.7341772151898734,0.6279969696833723,5.126402247190518,Train
DTXSID4020876,0.43478260869565216,0.4070600414078675,1.8,Train
DTXSID3024736,0.5428571428571428,0.5065512265512265,3.3704599092705436,Train
DTXSID0024971,0.5862068965517241,0.5232845115903586,2.227105745132009,Train
DTXSID1020932,0.4375,0.3779509283819628,2.2715633383201097,Train
DTXSID7020685,0.8333333333333334,0.33333333333333337,1.5748015748023623,Train
DTXSID2046705,0.6176470588235294,0.6052287581699347,4.2895221179054435,Train
DTXSID3020099,0.6896551724137931,0.6788820334561456,5.264978632435273,Train
DTXSID6024670,0.5833333333333334,0.5297101449275362,2.3151673805580453,Train
DTXSID5020605,0.42105263157894735,0.37156230497191595,2.349468024894146,Train
DTXSID6047369,0.7575757575757576,0.7293776375430671,6.642288762166246,Train
DTXSID2027048,0.5151515151515151,0.47027596059854126,2.7422618401604177,Train
DTXSID1034844,0.7333333333333333,0.594376011585314,3.88329756778952,Train
DTXSID8045935,0.4528301886792453,0.3665642149971842,2.5612496949731396,Train
DTXSID4049400,0.5833333333333334,0.5048784548784548,2.4000000000000004,Train
DTXSID1045166,0.5,0.35670397713741364,2.029778313018444,Train
DTXSID5047160,0.5897435897435898,0.4448331803022879,2.8913664589601926,Train
DTXSID2032500,0.7222222222222222,0.7014105881891645,5.336665625650534,Train
DTXSID9047251,0.7543859649122807,0.7119944987254041,5.165268628057984,Train
DTXSID4032615,0.7368421052631579,0.6701467352876782,4.6946778377222005,Train
DTXSID7021233,0.5208333333333334,0.42953400672705894,3.4756294393965534,Train
DTXSID4027521,0.5517241379310345,0.5314742628685657,2.7928480087537886,Train
DTXSID5047453,0.7,0.6839749723960251,2.7202941017470885,Train
DTXSID7027334,0.5555555555555556,0.5487179487179488,3.3526109228480423,Train
DTXSID1047239,0.5,0.28794612794612795,1.7549928774784245,Train
DTXSID9051581,0.0,0.0,0.0,Train
DTXSID7020390,0.5909090909090909,0.5557276057276057,1.9183326093250879,Train
DTXSID2025058,0.5757575757575758,0.49351617897345035,2.2715633383201093,Train
DTXSID4046020,0.7291666666666666,0.5499258742679796,2.973213749463701,Train
DTXSID2034968,0.6666666666666666,0.6223076923076922,2.1447610589527217,Train
DTXSID9024481,0.5476190476190477,0.4342696328062182,2.4083189157584592,Train
DTXSID0047379,0.75,0.7303985623758631,6.627216610312357,Train
DTXSID9020293,0.46153846153846156,0.43928205128205133,2.5690465157330262,Train
DTXSID9044370,0.5853658536585366,0.5040666347839948,2.1908902300206647,Train
DTXSID1021164,0.7058823529411765,0.557843137254902,1.7663521732655694,Train
DTXSID8024814,0.55,0.4791093117408908,1.6970562748477143,Train
DTXSID5033836,0.17391304347826086,0.04387351778656127,0.5291502622129182,Train
DTXSID2021860,0.5,0.48612836438923396,2.0099751242241783,Train
DTXSID6046420,0.64,0.5582832244008714,2.6,Train
DTXSID6032354,0.5757575757575758,0.5537605563835072,4.573838650411709,Train
DTXSID7046128,0.6551724137931034,0.6109179573575826,4.132795663954365,Train
DTXSID8027086,0.3939393939393939,0.2938028938028938,2.441311123146741,Train
DTXSID1041683,0.5526315789473685,0.42565667562571596,2.2891046284519194,Train
DTXSID0021751,0.6875,0.6279304029304029,2.340939982143925,Train
DTXSID7051557,0.631578947368421,0.5413131313131313,1.9287301521985911,Train
DTXSID8040721,0.5294117647058824,0.5157894736842105,2.4248711305964283,Train
DTXSID3026308,0.5454545454545454,0.4646127946127946,2.0,Train
DTXSID9023388,0.6774193548387096,0.5976946426521977,4.770744176750625,Train
DTXSID3047263,0.76,0.7539999999999999,5.513619500836089,Train
DTXSID7020760,0.8113207547169812,0.783647801674873,4.890807704254994,Train
DTXSID8046531,0.5172413793103449,0.45454772613693156,2.6229754097208007,Train
DTXSID1043881,0.5,0.38988049834731753,2.4248711305964283,Train
DTXSID4057716,0.64,0.6284436479421822,4.732863826479693,Train
DTXSID0047872,0.43333333333333335,0.4057509157509157,2.9189039038652846,Train
DTXSID0057758,0.6938775510204082,0.5570957716419901,4.161730409336962,Train
DTXSID4027600,0.5789473684210527,0.5331695421810955,3.538361202590827,Train
DTXSID7022413,0.4722222222222222,0.3962113106273285,2.2891046284519194,Train
DTXSID4029145,0.42105263157894735,0.3864164086687306,1.5362291495737217,Train
DTXSID5020314,0.6451612903225806,0.6251731542054122,3.2741411087489802,Train
DTXSID8047266,0.7402597402597403,0.6757330801601161,4.749736834815167,Train
DTXSID0046561,0.6944444444444444,0.6679255610290094,3.6441734316577197,Train
DTXSID2032683,0.6774193548387096,0.5895477440788768,2.891366458960192,Train
DTXSID7038810,0.7083333333333334,0.6594931513275166,2.6457513110645907,Train
DTXSID4023387,0.575,0.5178636363636363,3.0789608636681307,Train
DTXSID0044941,0.5925925925925926,0.5528569048808929,3.174901573277509,Train
DTXSID0021094,0.5294117647058824,0.443872783563186,1.4422205101855958,Train
DTXSID3020257,0.4666666666666667,0.46564102564102566,1.469693845669907,Train
DTXSID9047546,0.52,0.4852193732193732,2.9120439557122073,Train
DTXSID4047098,0.5925925925925926,0.5485837865837866,2.918903903865285,Train
DTXSID0023244,0.6206896551724138,0.5110775021845801,3.0331501776206204,Train
DTXSID6041137,0.6666666666666666,0.6364102564102564,1.876166303929372,Train
DTXSID4047886,0.5,0.45439536928625496,3.0983866769659336,Train
DTXSID5045835,0.45161290322580644,0.4193977604089004,3.773592452822642,Train
DTXSID5021627,0.6666666666666666,0.5909523809523809,2.778488797889961,Train
DTXSID0032520,0.75,0.6967955573837927,5.495452665613635,Train
DTXSID9032537,0.3333333333333333,0.2444444444444444,1.4422205101855958,Train
DTXSID9024487,0.6451612903225806,0.5590946687720881,2.835489375751565,Train
DTXSID7047647,0.37142857142857144,0.35249299719887955,2.433105012119288,Train
DTXSID1044431,0.6333333333333333,0.5496783625730994,2.1908902300206647,Train
DTXSID8048789,0.6341463414634146,0.5525531016856893,3.7682887362833544,Train
DTXSID3020415,0.625,0.5694444444444444,1.4000000000000001,Train
DTXSID7049055,0.6382978723404256,0.5979382122389829,4.1036569057366385,Train
DTXSID0020654,0.3125,0.13121794871794873,1.2328828005937953,Train
DTXSID1041421,0.6590909090909091,0.5973531888166035,3.3763886032268267,Train
DTXSID8042210,0.64,0.5488041958041958,1.9595917942265426,Train
DTXSID4022866,0.5675675675675675,0.5117129894761474,3.566510900025402,Train
DTXSID8027826,0.7321428571428571,0.6861504055732514,4.137632173115441,Train
DTXSID4021923,0.6666666666666666,0.4,1.0954451150103324,Train
DTXSID8024997,0.4827586206896552,0.39287773146393834,2.244994432064365,Train
DTXSID9041815,0.6666666666666666,0.5174358974358974,2.4166091947189146,Train
DTXSID8044759,0.7222222222222222,0.6864465084279326,2.80713376952364,Train
DTXSID2057736,0.6,0.5566369262920987,3.1937438845342627,Train
DTXSID2045238,0.46296296296296297,0.3471459419787687,3.0199337741083,Train
DTXSID7046673,0.7551020408163265,0.7406064566610387,8.029943959953892,Train
DTXSID6044357,0.48148148148148145,0.4308256631917959,2.0297783130184444,Train
DTXSID9044299,0.6829268292682927,0.6568389218215003,4.266145801540309,Train
DTXSID2044393,0.8,0.7498351648351648,2.3748684174075834,Train
DTXSID6024676,0.2916666666666667,0.20650724637681162,1.9078784028338915,Train
DTXSID4044662,0.48,0.41553060011883536,2.1260291625469296,Train
DTXSID5041431,0.5925925925925926,0.5292735042735043,2.5768197453450252,Train
DTXSID1020352,0.6774193548387096,0.6245909303412809,3.2741411087489802,Train
DTXSID1032646,0.71875,0.608117816091954,3.5832945734337835,Train
DTXSID0041519,0.625,0.5930248447204969,2.8354893757515653,Train
DTXSID6046428,0.7692307692307693,0.7489751428304945,5.495452665613635,Train
DTXSID7045942,0.59375,0.561780303030303,3.4813790371058424,Train
DTXSID4047046,0.44,0.34417582417582415,2.2,Train
DTXSID5027352,0.0,0.0,0.0,Train
DTXSID9057686,0.75,0.7375149411991517,3.919183588453085,Train
DTXSID9044459,0.5660377358490566,0.491193286920257,3.452535300326414,Train
DTXSID4032667,0.5,0.421812086520801,3.898717737923586,Train
DTXSID7027596,0.625,0.5983333333333334,2.3916521486202797,Train
DTXSID2037508,0.6176470588235294,0.5745191478350871,3.2680269276736387,Train
DTXSID1037303,0.6190476190476191,0.24380952380952384,1.2961481396815722,Train
DTXSID9048192,0.48148148148148145,0.43592592592592594,2.6981475126464085,Train
DTXSID2045361,0.5396825396825397,0.4946238144380559,4.381780460041329,Train
DTXSID3027615,0.6153846153846154,0.5466905967595623,2.6229754097208002,Train
DTXSID0042614,0.6956521739130435,0.6183180568011131,4.3772137256478585,Train
DTXSID5024976,0.5142857142857142,0.4473788819875776,2.3323807579381204,Train
DTXSID5041487,0.6451612903225806,0.5893413978494624,3.452535300326414,Train
DTXSID2045105,0.6904761904761905,0.5146001796945192,3.1176914536239795,Train
DTXSID3047059,0.46153846153846156,0.4247863247863248,2.569046515733026,Train
DTXSID3024235,0.6981132075471698,0.644210472295812,4.422668877499197,Train
DTXSID4044450,0.6818181818181818,0.6389475417793495,2.80713376952364,Train
DTXSID0042038,0.16666666666666666,0.13333333333333333,1.6,Train
DTXSID9022730,0.6363636363636364,0.5160116911241348,2.3664319132398464,Train
DTXSID7057658,0.5172413793103449,0.5026525198938991,3.1559467676119,Train
DTXSID4025749,0.5483870967741935,0.524995864350703,3.0066592756745822,Train
DTXSID2027834,0.4642857142857143,0.4124725274725275,2.734958866235469,Train
DTXSID1047362,0.6382978723404256,0.620276930158217,4.560701700396552,Train
DTXSID7040948,0.5357142857142857,0.5030211806073874,3.0265491900843116,Train
DTXSID9042097,0.7608695652173914,0.7372975386322201,4.219004621945798,Train
DTXSID9025112,0.7,0.68,1.7663521732655694,Train
DTXSID8040484,0.7666666666666667,0.7597081413210445,6.063002556489648,Train
DTXSID2020684,0.8333333333333334,0.33333333333333337,1.5748015748023623,Train
DTXSID7048669,0.7313432835820896,0.713958184637587,4.890807704254994,Train
DTXSID7025508,0.6071428571428571,0.5373271889400921,3.3466401061363027,Train
DTXSID9037741,0.5,0.4176666666666667,2.0199009876724157,Train
DTXSID0047292,0.8157894736842105,0.7944054488380419,4.591296113299599,Train
DTXSID3032591,0.7567567567567568,0.6303235208643179,3.2557641192199416,Train
DTXSID1022130,0.5862068965517241,0.5643584361665321,2.9597297173897488,Train
DTXSID4047599,0.42857142857142855,0.3484021164021164,2.449489742783178,Train
DTXSID7020847,0.6216216216216216,0.5761706066969224,3.2741411087489802,Train
DTXSID5021093,0.5510204081632653,0.4137755102040816,3.187475490101846,Train
DTXSID7020768,0.525,0.37104812129202375,2.4576411454889016,Train
DTXSID0048717,0.6896551724137931,0.37392306304131406,3.1432467291003423,Train
DTXSID2022880,0.5645161290322581,0.5199661715845021,4.698936049788292,Train
DTXSID7026653,0.5,0.37358961128310975,1.5748015748023623,Train
DTXSID3024522,0.5714285714285714,0.4864360902255639,2.569046515733026,Train
DTXSID4047963,0.6551724137931034,0.616383876373009,2.5768197453450252,Train
DTXSID2046412,0.5833333333333334,0.501207729468599,2.4576411454889016,Train
DTXSID5024710,0.5263157894736842,0.4319298245614035,1.98997487421324,Train
DTXSID2022254,0.5588235294117647,0.4890927458097577,3.104834939252005,Train
DTXSID9026974,0.5588235294117647,0.5163829430908067,2.7422618401604177,Train
DTXSID7045312,0.7777777777777778,0.7606543740867512,5.067543783727971,Train
DTXSID7021867,0.5555555555555556,0.5102564102564102,1.969771560359221,Train
DTXSID6032437,0.5833333333333334,0.5318839892524104,3.0463092423455636,Train
DTXSID7046332,0.7878787878787878,0.7606903293221425,4.219004621945797,Train
DTXSID1029128,0.6956521739130435,0.620407491059665,2.6229754097208002,Train
DTXSID8022589,0.7209302325581395,0.7014626587882402,4.2895221179054435,Train
DTXSID6021666,0.0,0.0,0.0,Train
DTXSID0047113,0.7555555555555555,0.689422004623963,3.9597979746446663,Train
DTXSID4030384,0.4838709677419355,0.43598812363452816,2.280350850198276,Train
DTXSID9032379,0.7894736842105263,0.7294385029259887,4.947726750741193,Train
DTXSID8020381,0.23333333333333334,0.18531986531986533,2.778488797889961,Train
DTXSID6045957,0.6417910447761194,0.5708356989765735,5.122499389946279,Train
DTXSID6047656,0.47619047619047616,0.44345238095238093,2.6457513110645907,Train
DTXSID4022311,0.66,0.5202037921551599,3.3941125496954285,Train
DTXSID1047784,0.6842105263157895,0.6647494463005625,5.3814496188294845,Train
DTXSID8023505,0.4266666666666667,0.32738876268362865,3.492849839314596,Train
DTXSID2047062,0.5909090909090909,0.5570147701268983,2.297825058615212,Train
DTXSID3026560,0.5,0.47495652173913044,2.489979919597747,Train
DTXSID6026450,0.5789473684210527,0.5024561403508772,1.886796226411321,Train
DTXSID7045158,0.7222222222222222,0.6638787547539342,4.064480286580315,Train
DTXSID1057828,0.5806451612903226,0.5125547286396187,4.476605857119878,Train
DTXSID5045704,0.5,0.4442928951977813,3.687817782917155,Train
DTXSID9047047,0.5909090909090909,0.5712971239287029,2.6758176320519302,Train
DTXSID3022906,0.7058823529411765,0.4891603415559772,2.749545416973504,Train
DTXSID5031133,0.27586206896551724,0.2706896551724138,2.764054992217051,Train
DTXSID3044752,0.5769230769230769,0.4997002997002996,2.253885533916929,Train
DTXSID7044215,0.7391304347826086,0.626672575055981,4.995998398718719,Train
DTXSID8025703,0.6071428571428571,0.5862433862433862,3.111269837220809,Train
DTXSID0025494,0.4411764705882353,0.3377352941176471,2.3579652245103193,Train
DTXSID1041217,0.6666666666666666,0.6566844919786096,2.1725560982400434,Train
DTXSID5021835,0.52,0.48287798036465635,2.0,Train
DTXSID2022549,0.47368421052631576,0.38947980029649715,2.4413111231467406,Train
DTXSID3049332,0.6521739130434783,0.4798689562781634,2.4494897427831783,Train
DTXSID8021802,0.5714285714285714,0.4249112978524742,1.216552506059644,Train
DTXSID4049294,0.5,0.4876666666666667,2.3916521486202797,Train
DTXSID2036112,0.66,0.6207955695098553,4.686149805543993,Train
DTXSID8045480,0.5961538461538461,0.4874506201792787,3.789459064299283,Train
DTXSID4057687,0.6481481481481481,0.5302900318935813,3.6496575181789317,Train
DTXSID2028985,0.6666666666666666,0.535328798185941,3.5608987629529714,Train
DTXSID9020322,0.5869565217391305,0.48057179709500286,3.0133038346638727,Train
DTXSID5023322,0.7051282051282052,0.6608893216488154,5.96322060635023,Train
DTXSID6044480,0.75,0.6907017543859649,3.2802438933713454,Train
DTXSID9024641,0.6666666666666666,0.49627953745600806,1.886796226411321,Train
DTXSID2044131,0.5918367346938775,0.5617110322389826,4.142463035441596,Train
DTXSID3023057,0.46296296296296297,0.33320524081393643,2.85657137141714,Train
DTXSID5047116,0.7,0.6311658456486043,3.237282811247729,Train
DTXSID6046216,0.7111111111111111,0.6836826637891763,4.991993589739474,Train
DTXSID4022523,0.034482758620689655,0.006896551724137931,0.2,Train
DTXSID3047681,0.5294117647058824,0.45716440422322774,1.7320508075688772,Train
DTXSID7037555,0.5194805194805194,0.49403012375474004,5.226853738148792,Train
DTXSID4023175,0.5142857142857142,0.4146057262520677,2.209072203437452,Train
DTXSID4057710,0.6097560975609756,0.4125533385577632,3.0854497241083028,Train
DTXSID9044617,0.6206896551724138,0.5891932135897654,3.5552777669262356,Train
DTXSID6031380,0.76,0.7302135076252723,2.4738633753705965,Train
DTXSID1040792,0.7096774193548387,0.5408048384689097,2.764054992217051,Train
DTXSID6048919,0.6753246753246753,0.6652060640971931,5.079370039680118,Train
DTXSID2024585,0.5384615384615384,0.5097419821557752,2.4979991993593593,Train
DTXSID0044731,0.5757575757575758,0.47857504814026547,2.4819347291981715,Train
DTXSID3022748,0.5921052631578947,0.4479545513908841,4.180908992073374,Train
DTXSID5047617,0.6428571428571429,0.5862871738733808,3.1811947441173736,Train
DTXSID3021196,0.5757575757575758,0.4709184149184149,2.615339366124404,Train
DTXSID1047786,0.6805555555555556,0.6365779023107792,5.165268628057984,Train
DTXSID4021638,0.6818181818181818,0.6227984734563681,2.4331050121192876,Train
DTXSID0034229,0.25,0.12703703703703703,0.9797958971132713,Train
DTXSID2021365,0.5263157894736842,0.47271255060728745,1.7088007490635064,Train
DTXSID5024926,0.5945945945945946,0.579271672460527,3.6,Train
DTXSID2038813,0.5185185185185185,0.4505247376311844,2.181742422927143,Train
DTXSID8020044,0.6666666666666666,0.6286324786324786,2.0199009876724157,Train
DTXSID0020656,0.7766990291262136,0.7662519408541212,6.627216610312357,Train
DTXSID6024204,0.7647058823529411,0.6487606801848288,3.6166282640050254,Train
DTXSID1021031,0.5517241379310345,0.4722495894909688,2.9597297173897488,Train
DTXSID5047241,0.7142857142857143,0.67595280536457,2.5377155080899043,Train
DTXSID7044685,0.5714285714285714,0.5537728937728937,2.821347195933177,Train
DTXSID2047569,0.4857142857142857,0.38107143830682066,2.374868417407584,Train
DTXSID4039235,0.59375,0.516758658008658,3.039736830714133,Train
DTXSID3045859,0.5490196078431373,0.468219274767541,3.6769552621700474,Train
DTXSID0045254,0.39285714285714285,0.2911730914588057,2.3916521486202797,Train
DTXSID9046738,0.7123287671232876,0.6943614157629799,4.955804677345547,Train
DTXSID0047296,0.75,0.6955428899458751,5.253570214625479,Train
DTXSID9021897,0.5769230769230769,0.5594149811541115,2.383275057562597,Train
DTXSID6048882,0.5277777777777778,0.32361111111111107,2.297825058615212,Train
DTXSID8034871,0.6567164179104478,0.616386755714729,5.2,Train
DTXSID2044923,0.7560975609756098,0.735059877447252,4.849742261192857,Train
DTXSID0047874,0.5185185185185185,0.46270523980201406,2.6832815729997477,Train
DTXSID6026325,0.4444444444444444,0.42198172708517534,1.9390719429665317,Train
DTXSID2045365,0.4305555555555556,0.36820229320229325,3.1368774282716245,Train
DTXSID8041901,0.5588235294117647,0.47358736598087514,2.6907248094147422,Train
DTXSID1029207,0.7,0.6003636363636364,2.6076809620810595,Train
DTXSID5047112,0.3333333333333333,0.2444444444444444,1.4422205101855958,Train
DTXSID2047646,0.4117647058823529,0.3581699346405228,2.6907248094147422,Train
DTXSID1038824,0.7619047619047619,0.7290569418715871,2.734958866235469,Train
DTXSID4021632,0.5,0.4581002331002331,2.0099751242241783,Train
DTXSID6037649,0.723404255319149,0.6990702544391689,4.46318272088428,Train
DTXSID0024761,0.5217391304347826,0.4908212560386474,2.2,Train
DTXSID3024362,0.6428571428571429,0.5525030525030525,1.7549928774784245,Train
DTXSID4047628,0.6470588235294118,0.6376470588235293,2.6305892875931813,Train
DTXSID0049230,0.6,0.4524678362573099,2.366431913239847,Train
DTXSID4047672,0.7285714285714285,0.7198529853134825,5.817215828899595,Train
DTXSID7027388,0.13043478260869565,0.02608695652173913,0.3464101615137755,Train
DTXSID8024602,0.6842105263157895,0.5719034410196322,4.3954521951671826,Train
DTXSID7021998,0.25,0.18608130999435346,1.3711309200802089,Train
DTXSID8025707,0.5483870967741935,0.5119352190264315,3.2310988842807027,Train
DTXSID1042441,0.6,0.5793676368676369,3.3166247903554,Train
DTXSID8057726,0.6388888888888888,0.6022488622488622,3.6110940170535577,Train
DTXSID5020601,0.8125,0.7868788819875776,2.7928480087537886,Train
DTXSID1049431,0.5357142857142857,0.4417293233082706,2.4738633753705965,Train
DTXSID7057608,0.71875,0.6870318704284222,3.898717737923586,Train
DTXSID2041541,0.5833333333333334,0.5114035087719299,2.23606797749979,Train
DTXSID9036226,0.38461538461538464,0.12307692307692308,0.8,Train
DTXSID7027338,0.7058823529411765,0.6866873065015481,2.891366458960192,Train
DTXSID7049051,0.7105263157894737,0.6564123034141429,5.868560300448483,Train
DTXSID3051834,0.6744186046511628,0.6273729569127886,3.5327043465311387,Train
DTXSID3020887,0.56,0.4995746714456392,2.3748684174075834,Train
DTXSID8026228,0.55,0.4377777777777778,1.61245154965971,Train
DTXSID0044236,0.6190476190476191,0.5897743487638958,4.345112196480087,Train
DTXSID4031356,0.6046511627906976,0.4564950014933201,2.898275349237888,Train
DTXSID8022822,0.7076923076923077,0.6391597985347985,4.525483399593904,Train
DTXSID0033754,0.6190476190476191,0.5733671274961598,2.5922962793631443,Train
DTXSID0025361,0.5483870967741935,0.5453763440860214,3.7841775856849003,Train
DTXSID4027490,0.56,0.4990562770562771,2.2715633383201097,Train
DTXSID9021639,0.0625,0.0125,0.2,Train
DTXSID7048875,0.6976744186046512,0.6829544694746121,4.089009660052175,Train
DTXSID3037094,0.575,0.3157302118171683,2.2181073012818837,Train
DTXSID7046756,0.4305555555555556,0.3457677609721737,2.749545416973504,Train
DTXSID7042019,0.5333333333333333,0.4513475177304964,3.4292856398964497,Train
DTXSID6045878,0.6153846153846154,0.5582310158597537,3.509985754956849,Train
DTXSID3045300,0.4444444444444444,0.37590915448500584,3.0528675044947495,Train
DTXSID9025665,0.7419354838709677,0.638210511679644,3.1496031496047245,Train
DTXSID9048514,0.6610169491525424,0.6015370226547072,4.340506882842141,Train
DTXSID4020616,0.7419354838709677,0.7103225806451613,3.5327043465311387,Train
DTXSID2024664,0.6818181818181818,0.6388376020264565,2.7129319932501073,Train
DTXSID6021874,0.5,0.48888888888888893,2.227105745132009,Train
DTXSID1047287,0.788235294117647,0.7847020730976448,6.443601477434805,Train
DTXSID2047353,0.6853932584269663,0.5731579612431327,4.959838707054898,Train
DTXSID6047286,0.7446808510638298,0.7355363823018435,6.321392251711643,Train
DTXSID3045433,0.5897435897435898,0.4665230077259158,4.724404724407087,Train
DTXSID7021029,0.6956521739130435,0.6274240855762595,2.181742422927143,Train
DTXSID6021036,0.6538461538461539,0.5987040133779264,2.5845695966640174,Train
DTXSID4048806,0.6491228070175439,0.5357471804511278,3.7255872020394314,Train
DTXSID0027513,0.7272727272727273,0.6800950683303626,2.4819347291981715,Train
DTXSID1027184,0.8666666666666667,0.8414652014652015,2.5377155080899043,Train
DTXSID6047078,0.5294117647058824,0.31479500891265594,2.2,Train
DTXSID6022474,0.463768115942029,0.4171758206918046,3.538361202590827,Train
DTXSID9032113,0.5576923076923077,0.5058082029780143,3.622154055254967,Train
DTXSID8042002,0.5135135135135135,0.4499684099684099,2.863564212655271,Train
DTXSID4049242,0.7619047619047619,0.7307308694622128,4.48998886412873,Train
DTXSID5047087,0.39285714285714285,0.36071428571428565,2.244994432064365,Train
DTXSID8029733,0.6666666666666666,0.47751654475792404,2.2715633383201097,Train
DTXSID4021212,0.48148148148148145,0.4645571658615137,2.6683328128252666,Train
DTXSID0025733,0.4642857142857143,0.40678817733990147,2.32379000772445,Train
DTXSID9020877,0.5,0.41682615629984043,1.8110770276274835,Train
DTXSID4044872,0.41935483870967744,0.3728238347619359,2.4413111231467406,Train
DTXSID7048582,0.6190476190476191,0.5365834149193658,5.6956123463592565,Train
DTXSID1032278,0.7542372881355932,0.6599060375808394,7.037044834303672,Train
DTXSID6048383,0.41935483870967744,0.1603415559772296,1.264911064067352,Train
DTXSID3025839,0.5833333333333334,0.5156666666666667,2.5922962793631443,Train
DTXSID6047363,0.6774193548387096,0.6263568868407577,4.656178690729126,Train
DTXSID3047001,0.5769230769230769,0.5360742705570292,2.8425340807103794,Train
DTXSID4032611,0.59375,0.5691448880260724,2.7129319932501077,Train
DTXSID5027489,0.4444444444444444,0.4069335511982571,2.90516780926679,Train
DTXSID7022332,0.56,0.46696727442730246,2.078460969082653,Train
DTXSID1021904,0.5,0.32857142857142857,1.854723699099141,Train
DTXSID0045703,0.6730769230769231,0.6588145188145187,4.059556626036889,Train
DTXSID9044950,0.6129032258064516,0.4815455477367405,2.9664793948382653,Train
DTXSID8046820,0.3,0.2309090909090909,1.8330302779823362,Train
DTXSID3046459,0.7169811320754716,0.6770022312592151,5.03189825016365,Train
DTXSID1025560,0.6808510638297872,0.6146858999772968,3.6660605559646724,Train
DTXSID3023502,0.36619718309859156,0.27025758555784096,2.1633307652783937,Train
DTXSID2049397,0.0,0.0,0.0,Train
DTXSID1020699,0.4838709677419355,0.4580645161290322,3.746998799039039,Train
DTXSID0045252,0.5131578947368421,0.42306295149638806,4.3954521951671826,Train
DTXSID8020759,0.7045454545454546,0.6592932008254588,3.013303834663873,Train
DTXSID9032329,0.7192982456140351,0.7051695347791973,4.591296113299598,Train
DTXSID0047905,0.7777777777777778,0.7536031746031746,3.2062439083762797,Train
DTXSID3025047,0.4375,0.3181818181818182,1.5874507866387544,Train
DTXSID5037731,0.6363636363636364,0.5660569660569661,2.9120439557122078,Train
DTXSID0027195,0.0,0.0,0.0,Train
DTXSID3057640,0.632183908045977,0.5106251855972473,5.520869496736905,Train
DTXSID1027425,0.4074074074074074,0.36101771336553945,1.8439088914585777,Train
DTXSID7034545,0.6623376623376623,0.6072047244005054,4.556314299957807,Train
DTXSID0047876,0.6333333333333333,0.5821696103167928,3.358571124749333,Train
DTXSID1020015,0.5333333333333333,0.4652564102564102,2.4657656011875906,Train
DTXSID6032358,0.76,0.7386630862871465,4.503332099679081,Train
DTXSID0021256,0.6666666666666666,0.6080378415969807,4.33589667773576,Train
DTXSID5037527,0.5813953488372093,0.5258067299814322,3.492849839314596,Train
DTXSID2041626,0.5652173913043478,0.5333994541190943,2.349468024894146,Train
DTXSID3049413,0.6153846153846154,0.5360402097902097,2.383275057562597,Train
DTXSID6025301,0.5142857142857142,0.49361179361179364,2.891366458960192,Train
DTXSID8033512,0.5932203389830508,0.5374166677456808,3.924283374069717,Train
DTXSID2021600,0.0,0.0,0.0,Train
DTXSID0052839,0.7878787878787878,0.722523444474664,4.156921938165306,Train
DTXSID9047883,0.034482758620689655,0.006896551724137931,0.2,Train
DTXSID0029218,0.5416666666666666,0.4935714285714286,1.9183326093250879,Train
DTXSID5025150,0.7142857142857143,0.6793767507002803,2.4083189157584592,Train
DTXSID6029254,0.5483870967741935,0.5014098608264106,2.4166091947189146,Train
DTXSID1027920,0.3684210526315789,0.31593984962406013,2.0591260281974,Train
DTXSID9027158,0.41379310344827586,0.3779755519065863,2.513961017995307,Train
DTXSID1029629,0.5,0.4677248677248677,3.013303834663873,Train
DTXSID1046506,0.7441860465116279,0.7394814022021576,4.656178690729126,Train
DTXSID9046310,0.6933333333333334,0.6170055503089948,4.8456165758342875,Train
DTXSID2034091,0.5454545454545454,0.3690590111642743,1.9798989873223332,Train
DTXSID1049067,0.7419354838709677,0.7077485686356655,5.578530272392541,Train
DTXSID1049352,0.6052631578947368,0.5703405572755418,3.538361202590827,Train
DTXSID3024366,0.6,0.5466666666666666,1.854723699099141,Train
DTXSID8029317,0.5172413793103449,0.4909703786099781,3.0659419433511785,Train
DTXSID4045187,0.5625,0.39635162456591033,3.4292856398964497,Train
DTXSID5047663,0.6176470588235294,0.5584084440227703,3.22490309931942,Train
DTXSID5041308,0.5769230769230769,0.5518846153846153,2.8000000000000003,Train
DTXSID7031797,0.7241379310344828,0.6847230344279261,4.845616575834287,Train
DTXSID2032637,0.7291666666666666,0.6965078181938648,4.582575694955841,Train
DTXSID4045682,0.7647058823529411,0.747943903433704,4.955804677345546,Train
DTXSID8047844,0.6458333333333334,0.5545952380952381,3.638681079732051,Train
DTXSID1048835,0.625,0.5172807017543859,4.019950248448356,Train
DTXSID8048781,0.7380952380952381,0.6388940619129299,3.964845520319802,Train
DTXSID1038666,0.6274509803921569,0.5786263967952772,3.1176914536239795,Train
DTXSID4047206,0.5517241379310345,0.3913563218390804,2.1725560982400434,Train
DTXSID9057765,0.6666666666666666,0.6081822080818478,4.219004621945797,Train
DTXSID2047191,0.5581395348837209,0.46397876643073815,3.03315017762062,Train
DTXSID5020156,0.6296296296296297,0.5817230273752013,3.0331501776206204,Train
DTXSID4027527,0.8,0.790989010989011,2.8495613697550017,Train
DTXSID4027072,0.625,0.6092857142857142,2.4738633753705965,Train
DTXSID5046697,0.6031746031746031,0.5080412104908947,4.591296113299599,Train
DTXSID7020683,0.8,0.7842857142857141,2.489979919597747,Train
DTXSID9044534,0.4375,0.37435714285714283,1.7549928774784245,Train
DTXSID8034956,0.6615384615384615,0.5863525565296079,4.6389654018972815,Train
DTXSID3040720,0.5714285714285714,0.5599482401656314,2.2715633383201097,Train
DTXSID6022002,0.7391304347826086,0.7067476555839727,2.764054992217051,Train
DTXSID7029661,0.56,0.5342516946654878,2.5219040425836985,Train
DTXSID4044743,0.4838709677419355,0.4164855792150008,2.4576411454889016,Train
DTXSID1025693,0.5882352941176471,0.5054241939690856,3.286335345030997,Train
DTXSID4030047,0.696969696969697,0.5787878787878789,2.778488797889961,Train
DTXSID8021729,0.5961538461538461,0.5633687663125782,3.2619012860600183,Train
DTXSID8044252,0.5,0.4947368421052632,2.4331050121192876,Train
DTXSID7042011,0.4444444444444444,0.3550588837685612,2.1354156504062622,Train
DTXSID5023293,0.6875,0.6632677557907655,3.81051177665153,Train
DTXSID9057713,0.4528301886792453,0.4110788582486696,3.5440090293338704,Train
DTXSID5057703,0.7254901960784313,0.6641396436527842,5.126402247190518,Train
DTXSID6026080,0.3333333333333333,0.2876470588235294,0.9797958971132713,Train
DTXSID1026536,0.7368421052631579,0.7029208343256331,2.877498913987632,Train
DTXSID6042282,0.5789473684210527,0.46847751839811735,2.821347195933177,Train
DTXSID2052603,0.5416666666666666,0.4901405835543766,2.6229754097208002,Train
DTXSID5021708,0.48,0.4192260493130059,2.280350850198276,Train
DTXSID8044620,0.4642857142857143,0.42588522588522587,2.6229754097208002,Train
DTXSID0021129,0.6538461538461539,0.5886935286935286,2.6907248094147422,Train
DTXSID4052550,0.5666666666666667,0.5007037037037037,2.870540018881465,Train
DTXSID0020733,0.7647058823529411,0.5824437883261412,3.3045423283716615,Train
DTXSID6029250,0.7777777777777778,0.754040404040404,3.6055512754639896,Train
DTXSID9021134,0.5714285714285714,0.5379958592132505,2.6076809620810595,Train
DTXSID3027588,0.75,0.637137137137137,2.891366458960192,Train
DTXSID5021962,0.625,0.5422413793103449,2.569046515733026,Train
DTXSID1027211,0.7241379310344828,0.709708538587849,2.4576411454889016,Train
DTXSID7040784,0.38461538461538464,0.18774558774558775,1.0583005244258363,Train
DTXSID0045674,0.7362637362637363,0.6476864291459778,5.411099703387474,Train
DTXSID6041977,0.6666666666666666,0.6392647271674627,4.494441010848846,Train
DTXSID7022174,0.6052631578947368,0.465752240912703,3.560898762952971,Train
DTXSID6052328,0.5652173913043478,0.504110325220165,2.297825058615212,Train
DTXSID4021684,0.0,0.0,0.0,Train
DTXSID6047523,0.5416666666666666,0.466,2.12602916254693,Train
DTXSID7046889,0.6491228070175439,0.5590621552995282,4.1952353926806065,Train
DTXSID1032305,0.6666666666666666,0.3833333333333333,1.5620499351813308,Train
DTXSID3047423,0.5897435897435898,0.5794658829542552,4.1085277168348275,Train
DTXSID3040643,0.7209302325581395,0.7072565059627534,4.6173585522460785,Train
DTXSID6044858,0.6521739130434783,0.5952717704712676,2.778488797889961,Train
DTXSID3022162,0.64,0.561037037037037,2.4738633753705965,Train
DTXSID0022563,0.4528301886792453,0.394055152394775,3.417601498127013,Train
DTXSID0047088,0.673469387755102,0.5992609529876611,4.331281565541543,Train
DTXSID0034227,0.75,0.7376266464032422,4.711687595755899,Train
DTXSID2040363,0.6440677966101694,0.6163026161380968,4.604345773288536,Train
DTXSID8044961,0.7377049180327869,0.7013707847577871,4.613025037868319,Train
DTXSID8033562,0.5740740740740741,0.5013083213083214,3.352610922848042,Train
DTXSID5033179,0.5555555555555556,0.5228414172686617,2.32379000772445,Train
DTXSID7047067,0.5925925925925926,0.5410072741407074,2.6758176320519302,Train
DTXSID6057611,0.4782608695652174,0.3610595409085252,3.7202150475476548,Train
DTXSID4025668,0.4074074074074074,0.3720712250712251,1.9697715603592212,Train
DTXSID4045424,0.5737704918032787,0.5263925164397518,4.422668877499197,Train
DTXSID9043938,0.42857142857142855,0.3952261531571876,2.449489742783178,Train
DTXSID7044217,0.7411764705882353,0.730755639186954,6.138403701289122,Train
DTXSID0024216,0.6666666666666666,0.5960591133004925,2.9597297173897488,Train
DTXSID4044618,0.5555555555555556,0.49236891078270395,2.4083189157584592,Train
DTXSID5038830,0.5641025641025641,0.47879918499113544,3.0919249667480613,Train
DTXSID1032569,0.7755102040816326,0.7252469683525584,4.266145801540309,Train
DTXSID6046638,0.7,0.6722379528082418,4.312771730569565,Train
DTXSID9048722,0.5952380952380952,0.5522281639928699,4.24735211631906,Train
DTXSID6045583,0.74,0.7354387755102041,4.664761515876241,Train
DTXSID7049211,0.5641025641025641,0.5404990842490841,3.5665109000254014,Train
DTXSID0046274,0.6170212765957447,0.5697476575449041,4.029888335921977,Train
DTXSID2057819,0.717391304347826,0.6973671497584542,4.664761515876241,Train
DTXSID4023412,0.44285714285714284,0.2865201465201465,2.939387691339814,Train
DTXSID5045124,0.5,0.44435612082670906,3.521363372331802,Train
DTXSID9044372,0.75,0.7252380952380952,2.638181191654584,Train
DTXSID6045662,0.75,0.7129313002842415,5.993329625508679,Train
DTXSID9021689,0.0,0.0,0.0,Train
DTXSID1046685,0.71875,0.7095317098437761,5.477225575051661,Train
DTXSID4021842,0.7368421052631579,0.5721804511278196,2.9120439557122078,Train
DTXSID5021889,0.5652173913043478,0.4684958346420185,2.0976176963403033,Train
DTXSID3027790,0.5833333333333334,0.5342554278416347,2.8071337695236402,Train
DTXSID3029362,0.48148148148148145,0.4735042735042735,3.0397368307141326,Train
DTXSID2044680,0.5,0.4530600118835412,2.6608269391300143,Train
DTXSID4024985,0.7391304347826086,0.5905786122090471,2.668332812825267,Train
DTXSID4041232,0.5555555555555556,0.47770774976657326,2.154065922853802,Train
DTXSID1044930,0.6944444444444444,0.6670212229035759,3.566510900025402,Train
DTXSID5049239,0.5217391304347826,0.4766798418972332,2.3409399821439254,Train
DTXSID9048936,0.5333333333333333,0.39308565398117634,3.452535300326414,Train
DTXSID0044995,0.625,0.5387275353016688,3.0919249667480617,Train
DTXSID3041794,0.6666666666666666,0.6350461839405435,5.095095681142799,Train
DTXSID3027328,0.6363636363636364,0.5833107389686337,2.1725560982400434,Train
DTXSID0048896,0.48717948717948717,0.3884816490698844,2.433105012119288,Train
DTXSID4021688,0.0625,0.0125,0.2,Train
DTXSID9044825,0.5555555555555556,0.5102020202020202,2.3323807579381204,Train
DTXSID4020402,0.5185185185185185,0.42380722337244076,1.949358868961793,Train
DTXSID3023340,0.7362637362637363,0.6426111388611389,5.388877434122992,Train
DTXSID4021395,0.38461538461538464,0.27843124768819605,1.6733200530681511,Train
DTXSID4024690,0.75,0.6916666666666667,2.65329983228432,Train
DTXSID9025451,0.55,0.45105996699064743,3.3045423283716615,Train
DTXSID4045551,0.5205479452054794,0.4193987826583222,4.25205832509386,Train
DTXSID3047849,0.6,0.5331534788856441,4.24735211631906,Train
DTXSID7025136,0.52,0.49440479760119943,2.4331050121192876,Train
DTXSID7047279,0.76,0.7490815182479054,6.308724118235003,Train
DTXSID7021235,0.6875,0.6652978162188689,4.467661580737736,Train
DTXSID7047510,0.3870967741935484,0.3434251019651464,2.2,Train
DTXSID5048843,0.5757575757575758,0.4149654439128124,2.65329983228432,Train
DTXSID2025135,0.5,0.4264052039914109,2.383275057562597,Train
DTXSID4041442,0.5625,0.44948300422438353,2.009975124224178,Train
DTXSID8026563,0.4411764705882353,0.43938536953242835,3.1874754901018454,Train
DTXSID9045710,0.6326530612244898,0.5908844450504805,3.939543120718442,Train
DTXSID4041573,0.5384615384615384,0.5236923076923077,2.9529646120466806,Train
DTXSID9024986,0.47619047619047616,0.3676190476190476,1.4142135623730951,Train
DTXSID0025315,0.5483870967741935,0.4777727910238429,2.545584412271571,Train
DTXSID8047185,0.3870967741935484,0.35889400921658987,2.23606797749979,Train
DTXSID5021679,0.5882352941176471,0.5243137254901961,1.9287301521985911,Train
DTXSID3041790,0.4375,0.4313095238095238,2.749545416973504,Train
DTXSID7026572,0.5588235294117647,0.5099465240641712,3.411744421846396,Train
DTXSID1030317,0.6923076923076923,0.659930257914129,3.22490309931942,Train
DTXSID0041220,0.75,0.5452569169960475,2.4494897427831783,Train
DTXSID9042259,0.4827586206896552,0.38855172413793104,2.0591260281974,Train
DTXSID6043709,0.7555555555555555,0.6717924150299162,5.936328831862332,Train
DTXSID9025740,0.4074074074074074,0.3305137395459976,2.08806130178211,Train
DTXSID2037714,0.17391304347826086,0.04387351778656127,0.5291502622129182,Train
DTXSID3040699,0.5483870967741935,0.5227845622119816,2.5922962793631443,Train
DTXSID4038922,0.6470588235294118,0.5288794012228547,2.891366458960192,Train
DTXSID9042170,0.5172413793103449,0.47781191222570535,2.5534290669607413,Train
DTXSID2049428,0.6451612903225806,0.6128803340265351,3.006659275674582,Train
DTXSID0038756,0.5217391304347826,0.4904761904761905,2.4576411454889016,Train
DTXSID7022120,0.5531914893617021,0.5332899638018701,3.435112807463534,Train
DTXSID0044860,0.64,0.5773492668870244,2.727636339397171,Train
DTXSID7027544,0.5652173913043478,0.4722498274672188,1.8220867158288598,Train
DTXSID1046504,0.6071428571428571,0.5740982895335203,4.766550115125194,Train
DTXSID6046399,0.5,0.3678880182466983,2.8495613697550017,Train
DTXSID8026224,0.3125,0.24204545454545454,1.3856406460551018,Train
DTXSID8034324,0.68,0.6475983248769899,4.2047592083257275,Train
DTXSID9022734,0.5769230769230769,0.5484253393665158,4.349712634186309,Train
DTXSID2026781,0.5625,0.465968286099865,1.9287301521985911,Train
DTXSID2046670,0.6607142857142857,0.5527841569000105,4.0,Train
DTXSID1048623,0.7049180327868853,0.4565498534885563,3.847076812334269,Train
DTXSID1032519,0.7441860465116279,0.7357175511826675,4.886716689148247,Train
DTXSID1020350,0.5151515151515151,0.49903030303030305,2.244994432064365,Train
DTXSID3025542,0.6153846153846154,0.5631623931623932,2.009975124224178,Train
DTXSID2025474,0.5757575757575758,0.5321959678355673,3.2619012860600183,Train
DTXSID6048836,0.7368421052631579,0.6626559486748116,4.565084884205332,Train
DTXSID6047236,0.4444444444444444,0.3427008547008547,2.2181073012818837,Train
DTXSID1029120,0.5555555555555556,0.4562091503267974,1.6492422502470643,Train
DTXSID4020296,0.5555555555555556,0.5102564102564102,1.9078784028338915,Train
DTXSID4023125,0.7647058823529411,0.732278908630901,3.867815921162743,Train
DTXSID5044574,0.7368421052631579,0.7282495288558709,4.538722287164087,Train
DTXSID2044638,0.5,0.43262254901960784,3.2186953878862163,Train
DTXSID5045540,0.5641025641025641,0.5419812525075682,3.4756294393965534,Train
DTXSID6048597,0.5492957746478874,0.49703875581944235,4.762352359916263,Train
DTXSID6022973,0.5970149253731343,0.5759931113662458,5.299056519796708,Train
DTXSID6023313,0.5573770491803278,0.4926994342577067,3.8781438859330635,Train
DTXSID5044994,0.5925925925925926,0.5192848020434228,2.6683328128252666,Train
DTXSID9021710,0.5483870967741935,0.5076699771300051,2.4331050121192876,Train
DTXSID5051444,0.5357142857142857,0.43780308258569123,2.366431913239847,Train
DTXSID2044347,0.45,0.39288888888888884,1.7888543819998317,Train
DTXSID7044710,0.6428571428571429,0.6172568172568172,3.22490309931942,Train
DTXSID0049232,0.15384615384615385,0.15384615384615385,2.0,Train
DTXSID7049059,0.7093023255813954,0.565398884386923,5.480875842417889,Train
DTXSID3048605,0.691358024691358,0.674021755671519,6.669332800213226,Train
DTXSID0036508,0.5454545454545454,0.4729622072842412,3.594440151122286,Train
DTXSID0047165,0.6756756756756757,0.662169767169767,3.8366652186501757,Train
DTXSID2034255,0.6666666666666666,0.5922222222222222,2.1817424229271434,Train
DTXSID9045508,0.7313432835820896,0.7055107844516963,5.347896782848375,Train
DTXSID2021941,0.3125,0.2125,1.3711309200802089,Train
DTXSID0052621,0.5142857142857142,0.45349753694581285,2.8071337695236402,Train
DTXSID7040152,0.5681818181818182,0.4927540106951872,3.452535300326414,Train
DTXSID7048902,0.631578947368421,0.5811430158426107,2.814249455894058,Train
DTXSID7046201,0.5862068965517241,0.45142947228947194,3.762977544445356,Train
DTXSID4048808,0.5862068965517241,0.5444076038903625,2.8071337695236402,Train
DTXSID1024045,0.6923076923076923,0.672471004316846,2.7202941017470885,Train
DTXSID1020807,0.4444444444444444,0.43555555555555553,2.668332812825267,Train
DTXSID9025744,0.5,0.424347158218126,2.5612496949731396,Train
DTXSID7021104,0.75,0.6966666666666667,2.0297783130184444,Train
DTXSID0025367,0.7666666666666667,0.736701754385965,2.771281292110204,Train
DTXSID4057762,0.574468085106383,0.49132852022809137,3.400000000000001,Train
DTXSID2024953,0.3684210526315789,0.2125077399380805,1.3564659966250538,Train
DTXSID9041362,0.5217391304347826,0.45312804586717637,2.4576411454889016,Train
DTXSID4021135,0.5217391304347826,0.4449269766661071,3.187475490101846,Train
DTXSID6045745,0.7,0.657421176187869,4.882622246293481,Train
DTXSID7026029,0.7222222222222222,0.6942279942279943,3.752332607858744,Train
DTXSID9022526,0.4375,0.37601511031711254,2.0591260281974,Train
DTXSID2020898,0.7956989247311828,0.7789972635668045,6.1090097397205065,Train
DTXSID3045194,0.8285714285714286,0.8228649781590957,4.507771067833858,Train
DTXSID0021709,0.45454545454545453,0.42710792131844755,1.876166303929372,Train
DTXSID0044367,0.3333333333333333,0.17333333333333334,0.938083151964686,Train
DTXSID1044774,0.2222222222222222,0.14444444444444443,1.4000000000000001,Train
DTXSID1041180,0.42857142857142855,0.39963369963369966,2.749545416973504,Train
DTXSID5022643,0.625,0.5452654625068418,2.3323807579381204,Train
DTXSID7029299,0.24,0.14561904761904762,1.019803902718557,Train
DTXSID1046051,0.47368421052631576,0.29649122807017536,1.1135528725660044,Train
DTXSID3021932,0.6111111111111112,0.4937373737373737,1.6370705543744901,Train
DTXSID5023796,0.5806451612903226,0.4696012544802867,2.5298221281347035,Train
DTXSID6023153,0.5675675675675675,0.38971652103231047,2.5768197453450252,Train
DTXSID9048932,0.4642857142857143,0.3889577231279359,3.3466401061363023,Train
DTXSID3022821,0.6170212765957447,0.501350839089671,3.458323293158117,Train
DTXSID2039336,0.6986301369863014,0.5686835807675327,4.741307836451879,Train
DTXSID8024733,0.6764705882352942,0.5745850214540915,3.6932370625238775,Train
DTXSID7048740,0.5625,0.4217611336032389,1.82208671582886,Train
DTXSID8029604,0.5,0.42105263157894735,1.6248076809271923,Train
DTXSID9057842,0.6341463414634146,0.5947107203630175,4.25205832509386,Train
DTXSID8029650,0.6666666666666666,0.47751654475792404,2.2715633383201097,Train
DTXSID0021965,0.5,0.45999999999999996,2.009975124224178,Train
DTXSID0047032,0.725,0.6287092731829574,3.704051835490427,Train
DTXSID1044857,0.6153846153846154,0.5830769230769232,3.0983866769659336,Train
DTXSID1047811,0.7142857142857143,0.5396433897502664,3.8052595180880897,Train
DTXSID9023255,0.6458333333333334,0.5824570603435173,3.52703841770968,Train
DTXSID8057805,0.6153846153846154,0.4395218349431834,3.704051835490427,Train
DTXSID9025580,0.5862068965517241,0.5420214379613713,3.417601498127013,Train
DTXSID8045565,0.7014925373134329,0.6099718831522338,4.698936049788292,Train
DTXSID2022888,0.6578947368421053,0.6126984684339793,5.509990925582365,Train
DTXSID1047520,0.5555555555555556,0.5535353535353534,3.0724582991474434,Train
DTXSID3022455,0.391304347826087,0.2773056653491436,1.3564659966250538,Train
DTXSID1046974,0.625,0.5417003367003367,2.6758176320519302,Train
DTXSID1046976,0.5416666666666666,0.4838301835670256,2.4083189157584592,Train
DTXSID4041238,0.7333333333333333,0.7139393939393941,3.0659419433511785,Train
DTXSID0045832,0.78125,0.7560190097259063,3.5832945734337835,Train
DTXSID6045874,0.6036036036036037,0.5707899016172411,5.40740233383831,Train
DTXSID8024153,0.5483870967741935,0.47162913580430627,2.764054992217051,Train
DTXSID0047325,0.7422680412371134,0.7326662320433799,7.08801805866774,Train
DTXSID8044830,0.5,0.4517786561264822,2.615339366124404,Train
DTXSID6041133,0.6,0.5270637829912024,3.5270384177096794,Train
DTXSID7023516,0.6428571428571429,0.6044140569401195,3.709447398198282,Train
DTXSID3045306,0.4230769230769231,0.3492589188623086,3.458323293158117,Train
DTXSID0045705,0.75,0.7430157824982585,5.2421369688324635,Train
DTXSID2033863,0.5416666666666666,0.39763071895424834,1.3416407864998738,Train
DTXSID3046584,0.6,0.5499547511312217,3.22490309931942,Train
DTXSID2045523,0.660377358490566,0.3454696671289219,2.5534290669607413,Train
DTXSID4049080,0.5526315789473685,0.5450595061763226,3.714835124201342,Train
DTXSID7022590,0.5555555555555556,0.4688608776844071,2.4083189157584592,Train
DTXSID6045870,0.5714285714285714,0.49702409978272044,2.6832815729997477,Train
DTXSID1044728,0.6538461538461539,0.5846460780598711,2.749545416973504,Train
DTXSID8052198,0.5862068965517241,0.5481376714240282,2.2978250586152114,Train
DTXSID4024646,0.5675675675675675,0.45902821939586647,2.720294101747089,Train
DTXSID5024055,0.7142857142857143,0.5918493271434448,1.9595917942265426,Train
DTXSID5020819,0.7450980392156863,0.6592282246231826,4.454211490264018,Train
DTXSID1021114,0.7619047619047619,0.7028310649090844,3.736308338453881,Train
DTXSID7042063,0.627906976744186,0.5735940770200555,4.1085277168348275,Train
DTXSID5024051,0.7083333333333334,0.6775291275930663,2.65329983228432,Train
DTXSID1044772,0.45161290322580644,0.4271001864243151,2.932575659723036,Train
DTXSID4025086,0.7777777777777778,0.7695027195027194,2.8635642126552705,Train
DTXSID5020869,0.5,0.47857142857142854,2.3579652245103193,Train
DTXSID3021518,0.5294117647058824,0.3915966386554621,1.3856406460551018,Train
DTXSID2024791,0.5652173913043478,0.5221281464530891,2.433105012119288,Train
DTXSID8057776,0.7368421052631579,0.7198059805633619,3.9140771581561853,Train
DTXSID8024101,0.5606060606060606,0.48819226858056197,4.525483399593904,Train
DTXSID2034338,0.7021276595744681,0.691854103343465,4.190465367951393,Train
DTXSID0043848,0.46153846153846156,0.43890523968784845,3.2802438933713454,Train
DTXSID1057666,0.6304347826086957,0.5794543034605147,3.9597979746446663,Train
DTXSID0050423,0.7272727272727273,0.6535844216988285,5.091168824543142,Train
DTXSID4047339,0.7294117647058823,0.5757153193203276,5.035871324805669,Train
DTXSID7027625,0.35,0.26312005503955965,2.280350850198276,Train
DTXSID0020284,0.5714285714285714,0.4988900391074303,2.1725560982400434,Train
DTXSID1048174,0.7142857142857143,0.6917989417989417,4.963869458396343,Train
DTXSID6045953,0.7719298245614035,0.7661174524284107,7.183313998427188,Train
DTXSID3029154,0.4444444444444444,0.22914862914862916,1.077032961426901,Train
DTXSID4020745,0.675,0.6523805116876138,4.280186911806539,Train
DTXSID3034165,0.6666666666666666,0.5903703703703703,4.578209256903839,Train
DTXSID0042325,0.48,0.43565517241379315,2.1908902300206647,Train
DTXSID5029762,0.625,0.5323412698412698,3.8000000000000003,Train
DTXSID4048696,0.5106382978723404,0.43740772904906644,3.6823905279043943,Train
DTXSID9023411,0.6,0.5066466866466868,3.1937438845342627,Train
DTXSID4048513,0.7608695652173914,0.7562709030100334,6.630233781700311,Train
DTXSID0024923,0.7222222222222222,0.6847206156416683,2.4166091947189146,Train
DTXSID6025565,0.5555555555555556,0.5211111111111111,2.23606797749979,Train
DTXSID6023490,0.6578947368421053,0.47216549260612906,3.104834939252005,Train
DTXSID9045217,0.717948717948718,0.6736194949601243,3.794733192202055,Train
DTXSID5043714,0.7169811320754716,0.7119572879950238,4.409081537009721,Train
DTXSID1045794,0.45098039215686275,0.42501284737098377,3.8262252939417984,Train
DTXSID4044824,0.7368421052631579,0.7223660756168496,4.13763217311544,Train
DTXSID8020200,0.6363636363636364,0.5725718725718726,1.6733200530681511,Train
DTXSID9041659,0.5217391304347826,0.49234782608695654,2.5455844122715714,Train
DTXSID1025809,0.2608695652173913,0.17959866220735785,1.50996688705415,Train
DTXSID1024259,0.6481481481481481,0.599988627413385,4.214261501141095,Train
DTXSID7057656,0.64,0.5841661600810537,4.1952353926806065,Train
DTXSID9044588,0.625,0.625,2.5612496949731396,Train
DTXSID2044553,0.5769230769230769,0.5002735042735043,2.5690465157330262,Train
DTXSID6021082,0.5434782608695652,0.48159038901601825,3.725587202039432,Train
DTXSID3032416,0.6511627906976745,0.5615336266499057,3.588871688985272,Train
DTXSID4049371,0.5526315789473685,0.47702215655002034,2.986636904613616,Train
DTXSID1036545,0.6470588235294118,0.596554219774034,2.5377155080899043,Train
DTXSID7052577,0.7307692307692307,0.6684999672109646,2.925747767665559,Train
DTXSID2044684,0.631578947368421,0.4595504527083474,3.0463092423455636,Train
DTXSID8020591,0.5853658536585366,0.5644810001131526,3.7416573867739413,Train
DTXSID8025591,0.5555555555555556,0.4946031746031746,2.0688160865577205,Train
DTXSID1023607,0.4897959183673469,0.3770675430143869,3.104834939252005,Train
DTXSID3022588,0.717948717948718,0.6159406999399382,5.055689863905815,Train
DTXSID4048644,0.64,0.5957923233197495,5.758472019555188,Train
DTXSID3020463,0.6842105263157895,0.6401754385964912,2.3748684174075834,Train
DTXSID5046726,0.6595744680851063,0.62296531842117,3.984971769034255,Train
DTXSID4048721,0.6666666666666666,0.6359694720836266,5.6000000000000005,Train
DTXSID7034961,0.75,0.6868468560181886,4.728636167014756,Train
DTXSID1024625,0.6363636363636364,0.5303349282296651,2.244994432064365,Train
DTXSID1026740,0.25,0.18250000000000002,1.32664991614216,Train
DTXSID3047504,0.6440677966101694,0.6190020513855259,5.226853738148792,Train
DTXSID6052619,0.5,0.41536124794745477,2.1166010488516727,Train
DTXSID0022777,0.6792452830188679,0.6198242667408207,4.1085277168348275,Train
DTXSID2021997,0.6428571428571429,0.5663325480117084,2.4413111231467406,Train
DTXSID5046439,0.7115384615384616,0.6844921744921745,5.3516352641038605,Train
DTXSID1047075,0.7142857142857143,0.6929511348866187,3.1304951684997055,Train
DTXSID7024580,0.5161290322580645,0.49089896662477306,2.939387691339814,Train
DTXSID3027085,0.34615384615384615,0.2941538461538461,2.4657656011875906,Train
DTXSID9027570,0.8,0.7768756530825496,3.867815921162743,Train
DTXSID4021137,0.47619047619047616,0.4219047619047619,1.5231546211727818,Train
DTXSID8045939,0.53125,0.3867395104895105,3.671511950137164,Train
DTXSID6041472,0.7,0.6531190476190476,3.168595903550972,Train
DTXSID2057784,0.632183908045977,0.5569012009770544,5.43323108288245,Train
DTXSID4048727,0.75,0.6225602701895805,2.771281292110204,Train
DTXSID0051863,0.6666666666666666,0.6452380952380952,2.4819347291981715,Train
DTXSID2032398,0.7727272727272727,0.7588794349308946,5.173006862551025,Train
DTXSID0051944,0.6428571428571429,0.6195868459026354,2.638181191654584,Train
DTXSID5046227,0.6346153846153846,0.5934077725091477,4.242640687119286,Train
DTXSID8041404,0.56,0.4809473684210526,2.1908902300206647,Train
DTXSID6046349,0.5294117647058824,0.48976702638786324,2.5059928172283334,Train
DTXSID3022085,0.4482758620689655,0.42459770114942524,2.2978250586152114,Train
DTXSID7042061,0.7073170731707317,0.48644860488249453,2.7712812921102037,Train
DTXSID1024467,0.4444444444444444,0.43555555555555553,2.668332812825267,Train
DTXSID2027414,0.6896551724137931,0.5952724027918689,3.1559467676119,Train
DTXSID1037224,0.696969696969697,0.35070383171464536,4.266145801540309,Train
DTXSID8057778,0.746268656716418,0.7027339818167604,4.787483681434329,Train
DTXSID8044200,0.5555555555555556,0.49969548425430776,2.209072203437452,Train
DTXSID4020294,0.5,0.47241379310344833,2.720294101747089,Train
DTXSID6057742,0.5,0.4600000000000001,2.9933259094191533,Train
DTXSID3030189,0.5454545454545454,0.4912165129556434,2.3065125189341593,Train
DTXSID1032482,0.6792452830188679,0.650874574503241,4.613025037868319,Train
DTXSID8045307,0.49382716049382713,0.4280810392038462,4.044749683231338,Train
DTXSID5026205,0.4482758620689655,0.40854406130268206,2.2181073012818837,Train
DTXSID1045669,0.5416666666666666,0.39174176548089584,2.8354893757515653,Train
DTXSID7024457,0.6071428571428571,0.572943722943723,2.638181191654584,Train
DTXSID3020966,0.41379310344827586,0.38016925603132495,2.0976176963403033,Train
DTXSID9023677,0.660377358490566,0.6349667129403728,4.951767361255979,Train
DTXSID9047885,0.034482758620689655,0.006896551724137931,0.2,Train
DTXSID7037262,0.676923076923077,0.576981350741589,4.673328578219169,Train
DTXSID4025741,0.4827586206896552,0.41533990147783256,2.65329983228432,Train
DTXSID4049244,0.5454545454545454,0.48484848484848475,2.1908902300206647,Train
DTXSID7046677,0.5882352941176471,0.5459173360662128,4.1085277168348275,Train
DTXSID5022857,0.47368421052631576,0.3701604901485715,3.5777087639996634,Train
DTXSID1022974,0.5538461538461539,0.49766965578440986,4.019950248448356,Train
DTXSID1023497,0.68,0.643781127881601,4.853864439804639,Train
DTXSID8047426,0.5428571428571428,0.426218487394958,3.104834939252005,Train
DTXSID4057689,0.5142857142857142,0.4616307311633661,4.28485705712571,Train
DTXSID6042072,0.59375,0.49773931930495774,2.7129319932501077,Train
DTXSID7027047,0.7352941176470589,0.591219224531918,3.4871191548325386,Train
DTXSID3020704,0.6428571428571429,0.49407632625848946,2.870540018881465,Train
DTXSID7047065,0.45454545454545453,0.39745044429254955,1.6248076809271923,Train
DTXSID5048186,0.5853658536585366,0.5171146507383442,4.1085277168348275,Train
DTXSID4023917,0.6666666666666666,0.5770940170940171,2.2891046284519194,Train
DTXSID3048659,0.7058823529411765,0.6932232893157264,3.9293765408777004,Train
DTXSID5057678,0.64,0.6174847303443796,4.963869458396343,Train
DTXSID7047649,0.5416666666666666,0.5125831732227727,3.0919249667480617,Train
DTXSID8047189,0.0,0.0,0.0,Train
DTXSID3030056,0.631578947368421,0.47965665151019843,2.253885533916929,Train
DTXSID9020451,0.68,0.657624649859944,2.973213749463701,Train
DTXSID2033493,0.5,0.4786086956521739,2.6,Train
DTXSID0040701,0.5,0.48533333333333334,2.727636339397171,Train
DTXSID6057744,0.717391304347826,0.7099159404763422,4.791659420284375,Train
DTXSID6057829,0.5151515151515151,0.4666596844016199,2.6608269391300143,Train
DTXSID1046427,0.6612903225806451,0.5724312246892892,3.8157568056677826,Train
DTXSID5052597,0.4782608695652174,0.43933638443935924,2.227105745132009,Train
DTXSID5041306,0.4782608695652174,0.35466988727858295,1.5748015748023623,Train
DTXSID0022060,0.5,0.45917255047689826,2.918903903865285,Train
DTXSID2042143,0.45161290322580644,0.39642658509454953,2.3916521486202797,Train
DTXSID4036435,0.5135135135135135,0.30337011093407085,1.928730152198591,Train
DTXSID6043913,0.7321428571428571,0.7191847041847041,4.800000000000001,Train
DTXSID1030604,0.7536231884057971,0.7135288146362798,4.664761515876241,Train
DTXSID7048879,0.6216216216216216,0.5515096500675247,3.0,Train
DTXSID8025096,0.25,0.20460526315789473,1.4966629547095767,Train
DTXSID1023869,0.4,0.30495543672014264,1.7320508075688774,Train
DTXSID9048518,0.7721518987341772,0.7441189689965144,5.169139193328035,Train
DTXSID6038875,0.53125,0.3582671957671958,2.1354156504062622,Train
DTXSID3022798,0.7254901960784313,0.7056242125497414,4.209513035969838,Train
DTXSID9047334,0.7872340425531915,0.7804737036013631,6.384355879804947,Train
DTXSID5044815,0.13043478260869565,0.08778467908902692,1.0583005244258363,Train
DTXSID9021344,0.5789473684210527,0.5585139318885448,2.244994432064365,Train
DTXSID2048666,0.6410256410256411,0.5894966144966145,3.4176014981270124,Train
DTXSID4044828,0.3793103448275862,0.35787466843501325,2.9933259094191533,Train
DTXSID0027565,0.65,0.574385026737968,2.489979919597747,Train
DTXSID0046145,0.6388888888888888,0.549430840916909,3.3941125496954285,Train
DTXSID5040708,0.37037037037037035,0.2586883326013761,1.5874507866387546,Train
DTXSID3027039,0.6111111111111112,0.512,2.0099751242241783,Train
DTXSID6020141,0.6666666666666666,0.6313749535488665,2.9933259094191533,Train
DTXSID6045117,0.7209302325581395,0.6654615567157095,3.888444419044716,Train
DTXSID6027551,0.5806451612903226,0.5146134593993326,2.9597297173897488,Train
DTXSID2040608,0.6,0.36365248226950364,3.104834939252005,Train
DTXSID9041607,0.6666666666666666,0.5969209085488154,3.81051177665153,Train
DTXSID0048921,0.6410256410256411,0.6328758960337908,4.237924020083418,Train
DTXSID5044996,0.696969696969697,0.6797059262576504,3.394112549695428,Train
DTXSID6047101,0.7,0.6167498679809892,2.5298221281347035,Train
DTXSID6044226,0.68,0.6453904008538156,4.180908992073375,Train
DTXSID5046693,0.6271186440677966,0.5303371487269792,3.898717737923586,Train
DTXSID6046395,0.42857142857142855,0.2582445418358731,2.0297783130184444,Train
DTXSID2026527,0.65,0.5838126361655773,3.2062439083762797,Train
DTXSID2022541,0.6808510638297872,0.5653826669784117,3.954743986657038,Train
DTXSID7021316,0.6176470588235294,0.5207707910750508,3.1432467291003423,Train
DTXSID0029187,0.5217391304347826,0.44231574052545924,1.854723699099141,Train
DTXSID7052319,0.41379310344827586,0.3900492610837438,2.1260291625469296,Train
DTXSID2027624,0.7083333333333334,0.6395864661654136,2.4657656011875906,Train
DTXSID0045389,0.5238095238095238,0.5050173326035395,2.23606797749979,Train
DTXSID8042266,0.46153846153846156,0.34603514820233083,1.3564659966250536,Train
DTXSID6021959,0.5806451612903226,0.5227956989247311,1.9287301521985911,Train
DTXSID7020978,0.48148148148148145,0.4344432057475536,2.5768197453450252,Train
DTXSID0025440,0.5,0.35772893772893777,1.8439088914585777,Train
DTXSID9044879,0.6111111111111112,0.45499999999999996,2.1071307505705477,Train
DTXSID8045195,0.74,0.6973113912231559,4.498888751680798,Train
DTXSID9024015,0.5789473684210527,0.5336675020885547,2.0976176963403033,Train
DTXSID4021634,0.5833333333333334,0.5329284750337382,2.4166091947189146,Train
DTXSID2023727,0.7142857142857143,0.6585085175788329,6.4156059729381765,Train
DTXSID3020671,0.6551724137931034,0.39933142274673716,3.417601498127013,Train
DTXSID2046882,0.5769230769230769,0.5355311355311354,2.6832815729997477,Train
DTXSID2020006,0.4,0.3797491638795987,1.9595917942265426,Train
DTXSID5040706,0.5263157894736842,0.4049660002719978,2.65329983228432,Train
DTXSID3027401,0.7741935483870968,0.7072562920950018,3.358571124749333,Train
DTXSID8025888,0.52,0.48847619047619045,2.615339366124404,Train
DTXSID0034722,0.796875,0.7698120100073131,5.824087911424415,Train
DTXSID4020822,0.7283950617283951,0.5991525295953409,4.959838707054898,Train
DTXSID0051732,0.6086956521739131,0.574508200445232,2.8354893757515653,Train
DTXSID2022628,0.42857142857142855,0.3035623313884183,2.5768197453450252,Train
DTXSID0047907,0.6111111111111112,0.5131992190815721,3.2062439083762797,Train
DTXSID5025570,0.48148148148148145,0.46651989878076827,2.513961017995307,Train
DTXSID5048920,0.6666666666666666,0.6380840537375492,4.4,Train
DTXSID6044773,0.46875,0.41926820728291314,2.3151673805580453,Train
DTXSID8033564,0.7547169811320755,0.665140891157094,4.4136152981427825,Train
DTXSID1047528,0.4583333333333333,0.41153794037940383,3.2,Train
DTXSID1040742,0.3835616438356164,0.33810564133690646,3.3346664001066135,Train
DTXSID1023998,0.14285714285714285,0.11212938005390835,1.8439088914585775,Train
DTXSID5037236,0.6046511627906976,0.4564950014933201,2.898275349237888,Train
DTXSID6042521,0.5405405405405406,0.5183256683256683,3.2,Train
DTXSID6037728,0.48,0.3870915393674014,2.04939015319192,Train
DTXSID8041032,0.7213114754098361,0.6118274343452197,4.064480286580315,Train
DTXSID5021621,0.5,0.45511961722488037,2.0,Train
DTXSID4041070,0.7735849056603774,0.679671560866067,4.613025037868319,Train
DTXSID5052838,0.6585365853658537,0.6221636662795199,3.5832945734337835,Train
DTXSID1049275,0.5333333333333333,0.47597883597883595,2.821347195933177,Train
DTXSID9032533,0.7586206896551724,0.7180541042610008,5.063595560468865,Train
DTXSID5029263,0.6666666666666666,0.603982683982684,2.918903903865285,Train
DTXSID1029203,0.5555555555555556,0.5394152046783626,2.0784609690826525,Train
DTXSID6057798,0.6559139784946236,0.5694376212624755,4.711687595755899,Train
DTXSID5042083,0.7076923076923077,0.5859048998946259,5.392587505085106,Train
DTXSID3024780,0.6923076923076923,0.6412556561085972,2.6229754097208002,Train
DTXSID5047118,0.6944444444444444,0.6324074074074073,2.8844410203711917,Train
DTXSID7025346,0.6,0.5274509803921569,2.727636339397171,Train
DTXSID4020664,0.5555555555555556,0.5147619047619048,1.8973665961010278,Train
DTXSID0048975,0.4444444444444444,0.33932315064390534,2.8071337695236402,Train
DTXSID4044452,0.38461538461538464,0.38461538461538464,1.8439088914585777,Train
DTXSID9025453,0.4444444444444444,0.41655969634230505,1.8439088914585775,Train
DTXSID7046045,0.5555555555555556,0.46380018674136314,2.8284271247461903,Train
DTXSID8021145,0.42424242424242425,0.3600802683561305,2.0688160865577205,Train
DTXSID2025896,0.5555555555555556,0.48785607196401803,2.32379000772445,Train
DTXSID7022968,0.48717948717948717,0.4232295482295482,3.464101615137755,Train
DTXSID4024800,0.5384615384615384,0.49851356373095507,2.23606797749979,Train
DTXSID6021379,0.5652173913043478,0.522161125319693,1.98997487421324,Train
DTXSID0028618,0.5,0.45780701754385966,1.5491933384829668,Train
DTXSID3057723,0.7567567567567568,0.7366759872111196,5.986651818838307,Train
DTXSID0039227,0.5277777777777778,0.4101587301587301,2.8000000000000003,Train
DTXSID1048918,0.6851851851851852,0.6618578719398391,4.971921157862422,Train
DTXSID6041397,0.7450980392156863,0.7380177462394031,4.595650117230424,Train
DTXSID4023042,0.6222222222222222,0.4428352265946251,2.8565713714171403,Train
DTXSID4047094,0.47058823529411764,0.4379394861392833,2.6229754097208007,Train
DTXSID9026633,0.6470588235294118,0.5555555555555556,2.3916521486202797,Train
DTXSID7042190,0.4,0.4,2.4657656011875906,Train
DTXSID8022749,0.6086956521739131,0.43551129242004116,3.2924155266308657,Train
DTXSID4024012,0.42857142857142855,0.39981684981684984,1.019803902718557,Train
DTXSID4048850,0.5476190476190477,0.5146997929606625,3.5721142198983507,Train
DTXSID1041423,0.6666666666666666,0.5296190707734936,2.891366458960192,Train
DTXSID9045558,0.5344827586206896,0.45099986369920353,4.13763217311544,Train
DTXSID0044315,0.5416666666666666,0.46421095008051527,2.227105745132009,Train
DTXSID9021631,0.7142857142857143,0.6899240855762596,3.2,Train
DTXSID5048506,0.7611940298507462,0.6429516177017967,5.035871324805669,Train
DTXSID3020413,0.7058823529411765,0.6577223643080421,2.4083189157584592,Train
DTXSID5032525,0.6551724137931034,0.6358777876019255,4.5431266766402185,Train
DTXSID9044538,0.6666666666666666,0.5714985486211901,4.27551166528639,Train
DTXSID4047414,0.6666666666666666,0.6284106824548001,3.3045423283716615,Train
DTXSID6052538,0.6190476190476191,0.5230252100840336,2.23606797749979,Train
DTXSID4027280,0.375,0.12205882352941178,0.7483314773547883,Train
DTXSID9057846,0.5370370370370371,0.4627852638783862,3.5777087639996634,Train
DTXSID1046631,0.6304347826086957,0.5922068134090379,4.171330722922842,Train
DTXSID7044970,0.6341463414634146,0.6184363046671613,4.626013402488151,Train
DTXSID9045136,0.6666666666666666,0.5872679150642266,4.054626986542658,Train
DTXSID0041359,0.6153846153846154,0.5801139601139601,2.946183972531247,Train
DTXSID6057619,0.768595041322314,0.608054059583788,5.793099343184096,Train
DTXSID0024341,0.5384615384615384,0.4817663817663817,2.244994432064365,Train
DTXSID2047727,0.5151515151515151,0.4003318903318903,2.4576411454889016,Train
DTXSID2027098,0.5882352941176471,0.5654411764705883,2.727636339397171,Train
DTXSID7026156,0.6111111111111112,0.5482437275985663,3.0854497241083028,Train
DTXSID5049362,0.7037037037037037,0.49984466071422595,2.4331050121192876,Train
DTXSID7027122,0.7619047619047619,0.697734721418932,2.1908902300206647,Train
DTXSID2020846,0.7105263157894737,0.6194026648772031,3.0528675044947495,Train
DTXSID3034957,0.6,0.48428571428571426,2.2538855339169293,Train
DTXSID0046513,0.6086956521739131,0.5120457049518834,2.32379000772445,Train
DTXSID0027858,0.47619047619047616,0.4186299081035923,1.6370705543744901,Train
DTXSID7040287,0.5294117647058824,0.4543524194600235,2.8495613697550017,Train
DTXSID6024337,0.6410256410256411,0.5986065294604195,3.3882148692194836,Train
DTXSID3046299,0.34285714285714286,0.2843349753694581,1.661324772583615,Train
DTXSID5037498,0.6415094339622641,0.553224588860328,3.9242833740697174,Train
DTXSID5045122,0.5853658536585366,0.5612650899236266,3.4698703145794947,Train
DTXSID5047530,0.5681818181818182,0.4727708068873483,3.4000000000000004,Train
DTXSID7040653,0.6730769230769231,0.6120918441257425,4.1085277168348275,Train
DTXSID2025004,0.5294117647058824,0.4888888888888888,1.9595917942265426,Train
DTXSID2047066,0.55,0.5153560371517028,2.4576411454889016,Train
DTXSID3048817,0.7407407407407407,0.6690974816818596,4.507771067833858,Train
DTXSID2046123,0.6666666666666666,0.5963026491328378,3.9749213828703582,Train
DTXSID8020252,0.6764705882352942,0.6465288621169292,3.452535300326414,Train
DTXSID5022641,0.625,0.5848911411411412,3.594440151122286,Train
DTXSID3021986,0.5185185185185185,0.4325100278143756,1.8,Train
DTXSID1023441,0.45,0.3861795403740692,2.785677655436824,Train
DTXSID4021977,0.47619047619047616,0.434262286150158,2.06881608655772,Train
DTXSID6045377,0.5692307692307692,0.5104507203411869,3.9140771581561857,Train
DTXSID4021848,0.5555555555555556,0.49911111111111117,2.5377155080899043,Train
DTXSID6044725,0.36,0.33240579710144924,2.513961017995307,Train
DTXSID8047428,0.5625,0.525619658119658,2.7422618401604177,Train
DTXSID0022646,0.6842105263157895,0.6371170625040594,4.049691346263318,Train
DTXSID0021620,0.65,0.6236974789915967,2.6229754097208002,Train
DTXSID9046108,0.5172413793103449,0.44491600353669314,2.4331050121192876,Train
DTXSID5044940,0.6666666666666666,0.6507692307692307,4.467661580737736,Train
DTXSID2020210,0.56,0.48050724637681164,2.6,Train
DTXSID1049277,0.5384615384615384,0.44642383478590375,2.4083189157584592,Train
DTXSID7048166,0.7619047619047619,0.7463046059040439,6.138403701289123,Train
DTXSID3057802,0.7192982456140351,0.6758777515698414,4.354308211415448,Train
DTXSID0052043,0.5217391304347826,0.4789710144927536,2.5922962793631443,Train
DTXSID1026661,0.7073170731707317,0.6031377617923643,2.6229754097208002,Train
DTXSID8034538,0.7017543859649122,0.5587765903150095,4.1424630354415966,Train
DTXSID7041625,0.5789473684210527,0.5200961347650652,3.1368774282716245,Train
DTXSID1021405,0.6923076923076923,0.4986285833174889,2.4819347291981715,Train
DTXSID8049331,0.5882352941176471,0.5618406868252535,3.111269837220809,Train
DTXSID4022159,0.3125,0.3125,1.4832396974191326,Train
DTXSID3026516,0.7241379310344828,0.5766001614577327,2.4979991993593593,Train
DTXSID1024097,0.29411764705882354,0.19755368814192345,1.3416407864998738,Train
DTXSID3036496,0.5645161290322581,0.5010607513687972,3.9089640571384128,Train
DTXSID8030423,0.6571428571428571,0.5853786620356388,3.4698703145794947,Train
DTXSID9020114,0.5625,0.5288848631239935,2.749545416973504,Train
DTXSID3021770,0.625,0.5362898550724637,2.3916521486202797,Train
DTXSID9021346,0.65,0.548901098901099,1.7320508075688774,Train
DTXSID9049039,0.7631578947368421,0.7063689526847422,4.049691346263317,Train
DTXSID2037502,0.7115384615384616,0.559468927299116,3.903844259188627,Train
DTXSID6023733,0.5909090909090909,0.5133283383283384,2.4413111231467406,Train
DTXSID2045860,0.6341463414634146,0.5929339937077531,3.388214869219483,Train
DTXSID9057680,0.6666666666666666,0.6440988717627867,3.2,Train
DTXSID1020431,0.5,0.43051282051282047,1.1313708498984762,Train
DTXSID8026933,0.4166666666666667,0.33596491228070174,2.0591260281974004,Train
DTXSID0044947,0.675,0.6573223223223223,3.3823069050575527,Train
DTXSID6044690,0.5,0.48173690932311625,2.3151673805580453,Train
DTXSID6026664,0.5263157894736842,0.5040247678018576,2.4166091947189146,Train
DTXSID8024072,0.5666666666666667,0.523287037037037,2.7422618401604177,Train
DTXSID4047412,0.5,0.47192307692307695,2.986636904613616,Train
DTXSID8041246,0.5,0.4666666666666666,1.3416407864998738,Train
DTXSID8021062,0.47368421052631576,0.18374783111625215,1.0392304845413265,Train
DTXSID4022109,0.27586206896551724,0.13631254009452007,1.2000000000000002,Train
DTXSID8046296,0.6428571428571429,0.6014963727292495,4.13763217311544,Train
DTXSID9025249,0.5161290322580645,0.19608294930875575,1.148912529307606,Train
DTXSID9022079,0.7333333333333333,0.6619444444444444,2.154065922853802,Train
DTXSID9021978,0.6,0.4967272727272728,2.04939015319192,Train
DTXSID5047035,0.43478260869565216,0.3770750988142292,2.1633307652783933,Train
DTXSID7024328,0.6,0.5673291925465838,2.668332812825267,Train
DTXSID8044597,0.6756756756756757,0.6340598663179307,3.6715119501371642,Train
DTXSID9049405,0.7368421052631579,0.6823672854632608,3.7309516212355263,Train
DTXSID4022448,0.4375,0.2722705314009662,1.788854381999832,Train
DTXSID7026102,0.7368421052631579,0.6677147413989519,2.6981475126464085,Train
DTXSID4044799,0.6666666666666666,0.6342842215256008,2.9933259094191533,Train
DTXSID1022926,0.6458333333333334,0.5886042878689939,4.127953488110059,Train
DTXSID1026118,0.5789473684210527,0.47540852130325817,1.9183326093250879,Train
DTXSID5044522,0.5652173913043478,0.484285308326229,1.9798989873223332,Train
DTXSID1046425,0.4594594594594595,0.34784427284427283,2.1447610589527217,Train
DTXSID2025050,0.4,0.24456876456876459,1.0,Train
DTXSID5046510,0.6153846153846154,0.5899120160884868,4.0743097574926725,Train
DTXSID3044544,0.5777777777777777,0.5525588202183946,3.7040518354904273,Train
DTXSID9046734,0.76,0.7185629890154701,3.2619012860600183,Train
DTXSID7024538,0.6216216216216216,0.594045474045474,3.3941125496954285,Train
DTXSID8046664,0.7555555555555555,0.7437381748686096,5.011985634456667,Train
DTXSID2045781,0.6129032258064516,0.5903447889944513,3.452535300326414,Train
DTXSID8046161,0.6,0.5198305637015315,3.1304951684997055,Train
DTXSID7057785,0.5227272727272727,0.48248873873873865,3.2802438933713454,Train
DTXSID5046699,0.6046511627906976,0.5241140757419828,3.1496031496047245,Train
DTXSID1051856,0.5789473684210527,0.5055037593984963,2.154065922853802,Train
DTXSID5044445,0.5714285714285714,0.5043558897243108,1.9078784028338913,Train
DTXSID9046104,0.7272727272727273,0.7174157392405773,4.979959839195494,Train
DTXSID4025743,0.5,0.46297367445309606,2.8000000000000003,Train
DTXSID4024062,0.5,0.4253030303030303,1.8110770276274835,Train
DTXSID2023270,0.7307692307692307,0.7043002833716698,3.0199337741083,Train
DTXSID8041743,0.5,0.41295681063122924,3.3346664001066135,Train
DTXSID9040342,0.6857142857142857,0.597487684729064,3.2186953878862163,Train
DTXSID8025046,0.38095238095238093,0.2762973137973138,1.2806248474865698,Train
DTXSID4037584,0.6875,0.6431969696969697,2.1725560982400434,Train
DTXSID5023744,0.62,0.5856702287154295,3.872983346207417,Train
DTXSID6020480,0.7272727272727273,0.705304451645915,4.261455150532504,Train
DTXSID1047603,0.4,0.37241935483870964,2.6907248094147422,Train
DTXSID1047108,0.6666666666666666,0.5364968364968365,2.0591260281974004,Train
DTXSID5057838,0.6764705882352942,0.5773023143683703,3.411744421846396,Train
DTXSID8048787,0.6666666666666666,0.6370225013082156,3.954743986657038,Train
DTXSID6046474,0.7384615384615385,0.6642620263684715,5.359104402789705,Train
DTXSID3027322,0.4666666666666667,0.1892929292929293,0.8246211251235323,Train
DTXSID7037553,0.5714285714285714,0.5321584919145895,3.5042830935870466,Train
DTXSID8041373,0.6511627906976745,0.5191889170958939,3.4756294393965534,Train
DTXSID5044493,0.5454545454545454,0.4600289884383321,2.5922962793631443,Train
DTXSID9020247,0.5581395348837209,0.49995281725287394,2.778488797889961,Train
DTXSID7020211,0.4838709677419355,0.385678955453149,2.383275057562597,Train
DTXSID9020825,0.6216216216216216,0.5951845963610669,3.6331804249169903,Train
DTXSID0025816,0.6363636363636364,0.5984848484848484,1.7088007490635064,Train
DTXSID0046511,0.9130434782608695,0.7397306672478298,2.4494897427831783,Train
DTXSID3034614,0.7358490566037735,0.6350247554489437,4.565084884205332,Train
DTXSID1052610,0.5357142857142857,0.4183296703296703,1.9078784028338915,Train
DTXSID2041884,0.5581395348837209,0.5206609818634776,4.093897898091744,Train
DTXSID6046890,0.4838709677419355,0.3872840540582476,3.0594117081556713,Train
DTXSID3037709,0.6538461538461539,0.45534330736729534,2.2715633383201097,Train
DTXSID7042273,0.5454545454545454,0.5051226551226551,2.668332812825267,Train
DTXSID8051708,0.6206896551724138,0.569689309480598,2.720294101747089,Train
DTXSID2023775,0.675,0.6344118043617486,3.4813790371058424,Train
DTXSID6049220,0.7407407407407407,0.7254245014245013,3.417601498127013,Train
DTXSID6024414,0.4230769230769231,0.3874414715719064,2.2715633383201093,Train
DTXSID3025706,0.6417910447761194,0.6260719489844341,5.582114294781145,Train
DTXSID1021116,0.4594594594594595,0.3591866839030354,1.8330302779823362,Train
DTXSID5047584,0.4411764705882353,0.38222816399286985,2.3323807579381204,Train
DTXSID9026714,0.5555555555555556,0.48472222222222217,2.0199009876724157,Train
DTXSID8049040,0.6851851851851852,0.6559047190626138,4.694677837722201,Train
DTXSID3044625,0.65,0.6258107389686337,2.65329983228432,Train
DTXSID2021650,0.6,0.5,1.61245154965971,Train
DTXSID3021853,0.6666666666666666,0.5758563575355179,2.3664319132398464,Train
DTXSID1021168,0.6,0.5433974358974359,4.404543109109048,Train
DTXSID5045176,0.5283018867924528,0.4728592162554427,3.594440151122286,Train
DTXSID9021182,0.7123287671232876,0.5590757307489206,3.8626415831655936,Train
DTXSID0021832,0.5217391304347826,0.48726708074534164,1.9183326093250879,Train
DTXSID1057618,0.5625,0.5379724731432918,3.4756294393965534,Train
DTXSID3049380,0.625,0.5538095238095238,2.244994432064365,Train
DTXSID0025286,0.5,0.4013986013986014,1.8973665961010275,Train
DTXSID0045701,0.5652173913043478,0.4362107355508334,3.736308338453881,Train
DTXSID7025895,0.48,0.3999155860666158,2.0591260281974,Train
DTXSID8037752,0.4642857142857143,0.4348160779195262,2.3748684174075834,Train
DTXSID6033241,0.46875,0.4190727232537578,2.227105745132009,Train
DTXSID9046780,0.6666666666666666,0.637005093624812,5.2459508194416005,Train
DTXSID0027852,0.5454545454545454,0.5062770562770563,1.5874507866387546,Train
DTXSID9043855,0.4482758620689655,0.4078559510567297,2.5922962793631443,Train
DTXSID8027749,0.6111111111111112,0.5534475186649099,2.2891046284519194,Train
DTXSID2046179,0.5208333333333334,0.4455502409622733,3.4292856398964497,Train
DTXSID0044571,0.52,0.4412503840245776,2.1166010488516727,Train
DTXSID4047622,0.16666666666666666,0.07509803921568628,0.5291502622129182,Train
DTXSID8045937,0.7,0.673651457099733,5.059644256269407,Train
DTXSID0032578,0.7631578947368421,0.7343520090548953,3.88329756778952,Train
DTXSID1023603,0.5384615384615384,0.46649424005945744,2.1540659228538015,Train
DTXSID6036467,0.6111111111111112,0.5685814022578729,3.588871688985272,Train
DTXSID8020838,0.5625,0.4973388001121391,3.0000000000000004,Train
DTXSID2049393,0.6285714285714286,0.5468297865972285,3.666060555964672,Train
DTXSID6020777,0.5535714285714286,0.4493665555389693,3.7576588456111875,Train
DTXSID5042247,0.6944444444444444,0.622824534942182,3.9089640571384128,Train
DTXSID5032579,0.5909090909090909,0.4990557751427317,3.3466401061363023,Train
DTXSID0047248,0.7027027027027027,0.5554838397975652,4.995998398718719,Train
DTXSID7038864,0.48484848484848486,0.40577371789830075,2.6229754097208002,Train
DTXSID5041512,0.5294117647058824,0.4842582780912951,2.4576411454889016,Train
DTXSID5027433,0.5238095238095238,0.34904761904761905,2.0199009876724157,Train
DTXSID3026726,0.4444444444444444,0.35149206349206347,2.144761058952722,Train
DTXSID6041551,0.5,0.4058441558441558,2.0688160865577205,Train
DTXSID0025070,0.7111111111111111,0.6474474474474474,3.4000000000000004,Train
DTXSID2040284,0.6296296296296297,0.5848967400580304,3.111269837220809,Train
DTXSID8046662,0.7121212121212122,0.7061186691067846,5.7306195127577615,Train
DTXSID1041396,0.625,0.5845238095238094,2.04939015319192,Train
DTXSID4025080,0.5263157894736842,0.42786377708978324,1.685229954635272,Train
DTXSID7027253,0.47368421052631576,0.39074098289201264,1.5491933384829668,Train
DTXSID3048574,0.7222222222222222,0.6999630202958377,2.8354893757515653,Train
DTXSID6020484,0.6774193548387096,0.6247515477354186,3.304542328371661,Train
DTXSID0057673,0.7534246575342466,0.73231594754963,5.817215828899595,Train
DTXSID5046770,0.6458333333333334,0.6181293635442572,4.48998886412873,Train
DTXSID1030606,0.7647058823529411,0.7455001374166459,3.687817782917155,Train
DTXSID2045862,0.5892857142857143,0.5110052910052911,3.538361202590827,Train
DTXSID1034503,0.6176470588235294,0.5634589737281662,4.656178690729126,Train
DTXSID9041491,0.5384615384615384,0.49716811414392054,2.778488797889961,Train
DTXSID8047472,0.5,0.3375,1.5231546211727818,Train
DTXSID4025581,0.6153846153846154,0.5280013194352817,4.317406628984581,Train
DTXSID5048924,0.7346938775510204,0.7284108718453306,5.2573757712379665,Train
DTXSID2045943,0.673469387755102,0.6295999735140827,4.591296113299598,Train
DTXSID6040668,0.7631578947368421,0.7491819430862455,4.209513035969837,Train
DTXSID9045687,0.5409836065573771,0.48308589992946765,4.538722287164087,Train
DTXSID3022950,0.5365853658536586,0.4225544888427607,3.1874754901018454,Train
DTXSID0035748,0.84,0.7569540566959921,3.7309516212355263,Train
DTXSID0023163,0.6440677966101694,0.5437789562820639,4.829078587059854,Train
DTXSID6045614,0.7524752475247525,0.7129025308358503,7.017121917139534,Train
DTXSID0048898,0.660377358490566,0.5744652558270278,4.626013402488152,Train
DTXSID6027636,0.625,0.6058823529411764,2.3579652245103193,Train
DTXSID7020681,0.3157894736842105,0.12030075187969924,0.6324555320336759,Train
DTXSID8029575,0.7142857142857143,0.5496873496873497,2.727636339397171,Train
DTXSID3021198,0.5283018867924528,0.33025968049437904,2.154065922853802,Train
DTXSID4021341,0.5483870967741935,0.47841816009557947,2.9933259094191533,Train
DTXSID6057790,0.7241379310344828,0.6823340797133899,2.9597297173897488,Train
DTXSID3047130,0.45454545454545453,0.38818722943722944,2.8071337695236402,Train
DTXSID5045099,0.5490196078431373,0.48346846395960535,3.3406586176980135,Train
DTXSID9047833,0.5833333333333334,0.5127302279429234,4.161730409336962,Train
DTXSID3052309,0.5769230769230769,0.5457837235228539,2.6,Train
DTXSID3029312,0.5,0.41397306397306394,2.1633307652783937,Train
DTXSID1048837,0.5952380952380952,0.5335501355013551,3.104834939252005,Train
DTXSID1047443,0.6216216216216216,0.4943243243243243,2.4000000000000004,Train
DTXSID4052342,0.6785714285714286,0.580531490015361,2.65329983228432,Train
DTXSID3020120,0.5,0.4556891067193396,4.866210024238575,Train
DTXSID5033468,0.5,0.45555555555555555,3.7040518354904273,Train
DTXSID8022901,0.37333333333333335,0.2712551528073916,2.638181191654584,Train
DTXSID1033163,0.5897435897435898,0.5483838700819833,3.059411708155671,Train
DTXSID6020224,0.2777777777777778,0.22418300653594772,1.8330302779823362,Train
DTXSID0026040,0.6153846153846154,0.5833089133089133,2.8071337695236402,Train
DTXSID7021659,0.5384615384615384,0.5010989010989011,1.6852299546352716,Train
DTXSID6045531,0.7831325301204819,0.765883165840297,6.321392251711644,Train
DTXSID5044992,0.6129032258064516,0.5304209530015982,2.8354893757515653,Train
DTXSID7041047,0.7301587301587301,0.7072606945133406,4.6000000000000005,Train
DTXSID6047529,0.6296296296296297,0.5782415499879349,2.7856776554368237,Train
DTXSID5044447,0.5172413793103449,0.4419540229885057,2.154065922853802,Train
DTXSID1057741,0.6511627906976745,0.6389405684754521,4.25205832509386,Train
DTXSID3045140,0.7288135593220338,0.7170989843254899,5.436910887627275,Train
DTXSID4021890,0.7,0.6778663003663004,2.0976176963403033,Train
DTXSID1047285,0.7241379310344828,0.6246996558218065,3.8987177379235853,Train
DTXSID4021973,0.3793103448275862,0.33255722566067397,2.009975124224178,Train
DTXSID8023349,0.7468354430379747,0.6489828944819624,5.754997827975263,Train
DTXSID0021410,0.6981132075471698,0.6781608366642833,4.621688003316537,Train
DTXSID4022315,0.7358490566037735,0.6782786640759488,4.349712634186309,Train
DTXSID4024222,0.6818181818181818,0.6514683697112482,2.778488797889961,Train
DTXSID2023519,0.68,0.5869306798143736,3.9293765408777004,Train
DTXSID6025149,0.5416666666666666,0.5023188405797101,2.253885533916929,Train
DTXSID7057783,0.5652173913043478,0.5368964803312629,2.9529646120466797,Train
DTXSID5048182,0.6071428571428571,0.5841978021978023,3.5496478698597698,Train
DTXSID8045640,0.4897959183673469,0.3592241365620719,2.489979919597747,Train
DTXSID0045127,0.5294117647058824,0.4241456582633053,3.52703841770968,Train
DTXSID2044846,0.5161290322580645,0.4442519466073415,2.449489742783178,Train
DTXSID3052228,0.7073170731707317,0.48644860488249453,2.7712812921102037,Train
DTXSID7020552,0.627906976744186,0.612652142905907,3.9395431207184424,Train
DTXSID0044810,0.4482758620689655,0.41363032769329616,2.3664319132398464,Train
DTXSID9030258,0.7272727272727273,0.6912966507177034,2.8844410203711917,Train
DTXSID8027402,0.4583333333333333,0.3598638672116933,1.7088007490635064,Train
DTXSID8046406,0.5714285714285714,0.5430847338935575,3.5327043465311387,Train
DTXSID5046300,0.5294117647058824,0.4979164923437369,2.821347195933177,Train
DTXSID6020307,0.6666666666666666,0.6222222222222222,1.9078784028338915,Train
DTXSID5021752,0.5882352941176471,0.5593137254901961,1.876166303929372,Train
DTXSID4040767,0.5128205128205128,0.4971623445307656,3.3704599092705436,Train
DTXSID3044702,0.55,0.49567099567099565,2.5377155080899043,Train
DTXSID0044575,0.7878787878787878,0.7647307349513233,4.3266615305567875,Train
DTXSID5047376,0.6984126984126984,0.6827118070953688,5.310367218940701,Train
DTXSID5022851,0.5370370370370371,0.4892845117845118,3.2186953878862163,Train
DTXSID0024474,0.6176470588235294,0.5757153535901164,3.174901573277509,Train
DTXSID6025438,0.6,0.5022344322344322,1.8110770276274835,Train
DTXSID0023745,0.47368421052631576,0.28421052631578947,1.7549928774784245,Train
DTXSID5031131,0.037037037037037035,0.037037037037037035,1.0,Train
DTXSID2042220,0.68,0.5528146073309926,3.4756294393965534,Train
DTXSID6025723,0.4642857142857143,0.40969726824899244,2.5534290669607413,Train
DTXSID9025299,0.4791666666666667,0.4507902238909748,3.452535300326414,Train
DTXSID0049363,0.5588235294117647,0.48319327731092443,3.1432467291003423,Train
DTXSID3022403,0.48717948717948717,0.38071802749222106,2.374868417407584,Train
DTXSID6023024,0.6521739130434783,0.6047102246807479,4.874423042781577,Train
DTXSID7043902,0.5483870967741935,0.5056258895641784,2.209072203437452,Train
DTXSID3046081,0.7441860465116279,0.6947693268301878,3.7841775856849003,Train
DTXSID6021294,0.7857142857142857,0.7737314300243361,2.6832815729997477,Train
DTXSID5023532,0.7380952380952381,0.7135523147312023,6.305553108173779,Train
DTXSID4020535,0.7674418604651163,0.6436788482834994,3.2496153618543846,Train
DTXSID2026941,0.65625,0.6339285714285714,3.4583232931581165,Train
DTXSID4027367,0.23529411764705882,0.047058823529411764,0.4,Train
DTXSID6025010,0.6428571428571429,0.5271945701357466,1.6852299546352718,Train
DTXSID2020557,0.717948717948718,0.6779448621553885,3.725587202039432,Train
DTXSID1057799,0.5409836065573771,0.5357031217211016,4.845616575834287,Train
DTXSID1042570,0.631578947368421,0.593300455335479,3.9899874686520005,Train
DTXSID9020538,0.38095238095238093,0.2788766788766789,1.0392304845413265,Train
DTXSID3027405,0.5833333333333334,0.2833333333333333,1.1135528725660044,Train
DTXSID4057841,0.5789473684210527,0.4677302315634625,2.877498913987632,Train
DTXSID6044513,0.4482758620689655,0.4129885057471265,2.1633307652783937,Train
DTXSID2047193,0.5666666666666667,0.5201648351648351,2.785677655436824,Train
DTXSID1025433,0.6111111111111112,0.5687581699346406,2.244994432064365,Train
DTXSID0057831,0.6666666666666666,0.6322002262443439,3.7309516212355263,Train
DTXSID2044765,0.5,0.368959868959869,2.6229754097208002,Train
DTXSID6049301,0.38461538461538464,0.23076923076923078,1.3416407864998738,Train
DTXSID2020929,0.45454545454545453,0.3841500772535255,2.4083189157584592,Train
DTXSID8023719,0.7108433734939759,0.6745635022634797,6.043177971895252,Train
DTXSID1045326,0.6041666666666666,0.5274263038548752,3.7094473981982814,Train
DTXSID9044742,0.625,0.625,2.545584412271571,Train
DTXSID5040679,0.6938775510204082,0.6225732640733226,4.3954521951671826,Train
DTXSID8027585,0.4857142857142857,0.4324115100585689,2.8565713714171403,Train
DTXSID2044927,0.48484848484848486,0.46185606060606066,3.124099870362662,Train
DTXSID0021339,0.8333333333333334,0.8196428571428571,3.0854497241083028,Train
DTXSID9021635,0.6666666666666666,0.6180555555555556,2.078460969082653,Train
DTXSID9047881,0.5357142857142857,0.46755742787017845,2.946183972531247,Train
DTXSID1023368,0.5625,0.4641070144544721,2.939387691339814,Train
DTXSID0052594,0.5833333333333334,0.5637179487179488,2.946183972531247,Train
DTXSID8057809,0.7,0.6441604010025064,3.560898762952971,Train
DTXSID1022053,0.5,0.4292884349614049,2.4819347291981715,Train
DTXSID8046404,0.5526315789473685,0.5160450980824496,3.704051835490427,Train
DTXSID5044368,0.4090909090909091,0.2857416267942584,1.5231546211727818,Train
DTXSID0041141,0.7976190476190477,0.7867957818498368,6.337191807101944,Train
DTXSID2046543,0.6071428571428571,0.5662171018945212,3.026549190084311,Train
DTXSID9049407,0.65,0.5647222222222222,2.4979991993593593,Train
DTXSID9044667,0.7368421052631579,0.6397885998521208,2.2181073012818837,Train
DTXSID4046579,0.40816326530612246,0.3824829931972789,3.1368774282716245,Train
DTXSID1045536,0.6666666666666666,0.609469752813406,4.48998886412873,Train
DTXSID1057743,0.6865671641791045,0.6701245985598417,5.513619500836089,Train
DTXSID9027443,0.5714285714285714,0.5237647410061204,3.1496031496047245,Train
DTXSID6032192,0.6333333333333333,0.5887022923313245,2.8635642126552705,Train
DTXSID3035214,0.5925925925925926,0.5582010582010583,2.918903903865285,Train
DTXSID0020157,0.5384615384615384,0.4742723942723942,2.5377155080899043,Train
DTXSID1045742,0.75,0.7331439393939394,6.099180272790763,Train
DTXSID3020673,0.7073170731707317,0.40659476935701433,4.014971979976946,Train
DTXSID5047089,0.7272727272727273,0.6837662337662339,1.949358868961793,Train
DTXSID6051724,0.6410256410256411,0.6245437127790068,3.6110940170535577,Train
DTXSID8041793,0.7307692307692307,0.6986911236911237,3.1622776601683795,Train
DTXSID8045852,0.5806451612903226,0.5495833877497714,3.4467375879228173,Train
DTXSID3044700,0.5555555555555556,0.27111111111111114,1.6733200530681513,Train
DTXSID0022480,0.5,0.4464564860426929,2.0,Train
DTXSID4020618,0.7272727272727273,0.713150623885918,4.7791212581394085,Train
DTXSID2057780,0.71875,0.6958387405759486,3.762977544445356,Train
DTXSID4026262,0.6923076923076923,0.6570386135603528,3.039736830714133,Train
DTXSID8044206,0.6739130434782609,0.6043164840344055,3.6660605559646724,Train
DTXSID6043915,0.45,0.41687108076510065,4.123105625617661,Train
DTXSID5021251,0.6578947368421053,0.6203636369095065,3.3823069050575527,Train
DTXSID8020123,0.52,0.45161904761904764,1.6970562748477143,Train
DTXSID4025610,0.4827586206896552,0.4341178617040685,2.870540018881465,Train
DTXSID6021248,0.7613636363636364,0.7465305129098232,6.135144660071187,Train
DTXSID8020202,0.5,0.43184582139806016,4.27551166528639,Train
DTXSID7034460,0.7192982456140351,0.7120672354052313,4.915282290977803,Train
DTXSID3044704,0.746031746031746,0.6301258894362343,5.145872132107443,Train
DTXSID0047745,0.6,0.5700000000000001,2.4083189157584592,Train
DTXSID9026265,0.3409090909090909,0.3006368193210298,2.877498913987632,Train
DTXSID8025963,0.625,0.544423197492163,2.4979991993593593,Train
DTXSID5025730,0.5769230769230769,0.5173331649193719,2.6229754097208002,Train
DTXSID7021493,0.75,0.6919047619047619,3.2619012860600183,Train
DTXSID9045843,0.5294117647058824,0.4792187373805358,2.3323807579381204,Train
DTXSID3047637,0.5,0.44875,2.9120439557122073,Train
DTXSID6033538,0.4423076923076923,0.3174426763712478,2.90516780926679,Train
DTXSID7021946,0.0,0.0,0.0,Train
DTXSID2034465,0.746031746031746,0.7234880997940699,4.874423042781577,Train
DTXSID3027792,0.6190476190476191,0.5765010351966874,2.4576411454889016,Train
DTXSID7041097,0.7222222222222222,0.7057860929801215,4.955804677345547,Train
DTXSID6044515,0.3333333333333333,0.16920289855072465,1.2328828005937953,Train
DTXSID2032558,0.6595744680851063,0.5987506424092918,4.029888335921977,Train
DTXSID4047389,0.703125,0.6842598528015195,5.813776741499453,Train
DTXSID1040619,0.6578947368421053,0.5922850383154381,3.88329756778952,Train
DTXSID3027241,0.5714285714285714,0.4803082585691282,1.9899748742132402,Train
DTXSID7026605,0.5,0.4255090497737557,2.6981475126464085,Train
DTXSID0037023,0.71875,0.6598611111111111,2.749545416973504,Train
DTXSID8024448,0.6666666666666666,0.5577075098814229,2.5768197453450252,Train
DTXSID8032386,0.5581395348837209,0.43877526979784165,3.714835124201342,Train
DTXSID0035790,0.5365853658536586,0.4436073957513768,2.764054992217051,Train
DTXSID2037712,0.5,0.3817810831426392,1.9183326093250879,Train
DTXSID3045930,0.6491228070175439,0.5821602671290451,4.27551166528639,Train
DTXSID1046768,0.7142857142857143,0.6698901098901098,4.608687448721165,Train
DTXSID8021195,0.7647058823529411,0.7235274973452386,3.0594117081556713,Train
DTXSID0027856,0.375,0.20454545454545453,1.3416407864998738,Train
DTXSID1047659,0.4375,0.3926523189454224,2.727636339397171,Train
DTXSID9025534,0.7755102040816326,0.754899611666529,4.404543109109048,Train
DTXSID6041349,0.48717948717948717,0.4136556133924555,2.9189039038652846,Train
DTXSID3047508,0.5,0.4411897779639715,2.513961017995307,Train
DTXSID7026867,0.23076923076923078,0.046153846153846156,0.3464101615137755,Train
DTXSID3044833,0.6190476190476191,0.4813123233615954,3.638681079732051,Train
DTXSID4023096,0.6136363636363636,0.5659163904298989,5.709640969448079,Train
DTXSID4039231,0.6666666666666666,0.6064102564102564,2.23606797749979,Train
DTXSID4023177,0.64,0.38195949471629403,3.0,Train
DTXSID6040662,0.7236842105263158,0.6764403288359239,5.30659966456864,Train
DTXSID8041610,0.47368421052631576,0.28421052631578947,1.7549928774784245,Train
DTXSID0025789,0.5555555555555556,0.4207885304659499,2.383275057562597,Train
DTXSID7025502,0.48484848484848486,0.3117845117845118,1.7088007490635062,Train
DTXSID1021790,0.4642857142857143,0.4121904761904762,2.2360679774997902,Train
DTXSID3020330,0.4358974358974359,0.41187280397806714,2.939387691339814,Train
DTXSID9041441,0.5882352941176471,0.5589669345999269,2.7129319932501077,Train
DTXSID8044709,0.5476190476190477,0.47544448629814495,2.898275349237888,Train
DTXSID8045488,0.717948717948718,0.6836231170441698,4.223742416388575,Train
DTXSID9025114,0.5333333333333333,0.46931034482758616,2.8425340807103794,Train
DTXSID2044896,0.6129032258064516,0.5907287933094384,3.588871688985272,Train
DTXSID0047610,0.5217391304347826,0.48521387079739486,2.3579652245103193,Train
DTXSID8024238,0.5319148936170213,0.41361063055338904,3.340658617698013,Train
DTXSID3045198,0.7317073170731707,0.647726502504897,4.6,Train
DTXSID1051779,0.6470588235294118,0.617963953258071,2.5690465157330262,Train
DTXSID2046418,0.5217391304347826,0.4991718426501035,2.4576411454889016,Train
DTXSID2027595,0.5,0.45618729096989963,2.5298221281347035,Train
DTXSID9027368,0.5333333333333333,0.5177777777777777,3.6000000000000005,Train
DTXSID8029072,0.6571428571428571,0.6170511611157246,3.2310988842807027,Train
DTXSID4042090,0.45,0.24,1.6733200530681511,Train
DTXSID6041684,0.6122448979591837,0.4764486128212518,3.0659419433511785,Train
DTXSID6021458,0.6428571428571429,0.6222926276893737,4.127953488110059,Train
DTXSID0048684,0.5945945945945946,0.5246402246402246,3.286335345030997,Train
DTXSID3046295,0.6,0.5609922868459454,4.33589667773576,Train
DTXSID5045960,0.5853658536585366,0.49542674698002037,2.8844410203711917,Train
DTXSID7047146,0.6,0.5583154706430569,3.013303834663873,Train
DTXSID2024589,0.5263157894736842,0.5188741418764302,2.0976176963403033,Train
DTXSID6022187,0.6190476190476191,0.6008577387524756,2.6,Train
DTXSID1042574,0.5,0.3439806641445986,2.6608269391300143,Train
DTXSID8044416,0.5555555555555556,0.5202020202020202,2.2181073012818837,Train
DTXSID9048805,0.675,0.6586342497895771,4.256759330758553,Train
DTXSID7052652,0.46875,0.3894607843137255,2.7202941017470885,Train
DTXSID6021375,0.38235294117647056,0.38235294117647056,3.2310988842807027,Train
DTXSID0023747,0.6037735849056604,0.5215083198458643,3.4641016151377544,Train
DTXSID6044486,0.6470588235294118,0.6224089635854342,2.4248711305964283,Train
DTXSID8026931,0.2608695652173913,0.17959866220735785,1.50996688705415,Train
DTXSID3024447,0.35714285714285715,0.35714285714285715,3.1622776601683795,Train
DTXSID1047497,0.0,0.0,0.0,Train
DTXSID4034497,0.6060606060606061,0.5364040101745491,4.17612260356422,Train
DTXSID9023174,0.6511627906976745,0.6107069856727859,3.81051177665153,Train
DTXSID4045393,0.5333333333333333,0.44000000000000006,3.4292856398964497,Train
DTXSID6044852,0.6190476190476191,0.4700751879699248,1.9183326093250879,Train
DTXSID0027191,0.85,0.7772552447552448,2.6832815729997477,Train
DTXSID9029279,0.5806451612903226,0.5103313816328277,2.349468024894146,Train
DTXSID1046007,0.5238095238095238,0.46131692868534974,2.383275057562597,Train
DTXSID6047105,0.4827586206896552,0.47154022988505745,2.1071307505705477,Train
DTXSID5047166,0.41379310344827586,0.3465406006674082,1.8,Train
DTXSID7023510,0.6,0.514147148419375,3.1559467676119,Train
DTXSID4020791,0.625,0.5523529411764706,3.6,Train
DTXSID5041641,0.5882352941176471,0.48352882520529583,2.3151673805580453,Train
DTXSID5020154,0.5862068965517241,0.512213004161002,2.918903903865285,Train
DTXSID8025886,0.5714285714285714,0.5493359965503739,3.6660605559646724,Train
DTXSID6027713,0.35294117647058826,0.29262984959379645,2.433105012119288,Train
DTXSID5021914,0.5416666666666666,0.4733218916857361,2.0,Train
DTXSID0027933,0.0,0.0,0.0,Train
DTXSID6032516,0.47368421052631576,0.40378699273436114,1.949358868961793,Train
DTXSID9041368,0.6451612903225806,0.5746383186705767,2.891366458960192,Train
DTXSID2023143,0.7536231884057971,0.7023175376611561,5.6,Train
DTXSID8037596,0.5625,0.3669444444444444,1.9595917942265426,Train
DTXSID4029353,0.7608695652173914,0.672964089579209,4.039801975344831,Train
DTXSID8022084,0.5675675675675675,0.4999841017488077,2.749545416973504,Train
DTXSID5024392,0.4230769230769231,0.4023740053050398,2.433105012119288,Train
DTXSID2046888,0.7428571428571429,0.6729562446000157,4.753945729601885,Train
DTXSID5032523,0.6923076923076923,0.6205161361626879,3.026549190084311,Train
DTXSID8048812,0.647887323943662,0.5463782328473766,4.963869458396343,Train
DTXSID1024255,0.5531914893617021,0.4778453225261736,3.0659419433511785,Train
DTXSID9048196,0.5652173913043478,0.5183066361556063,2.209072203437452,Train
DTXSID6044511,0.2916666666666667,0.26646903820816864,2.3065125189341593,Train
DTXSID1025148,0.5294117647058824,0.4685197155785391,1.7435595774162693,Train
DTXSID9023128,0.7205882352941176,0.6448665967908241,4.64327470649756,Train
DTXSID5022724,0.5925925925925926,0.5615882306509623,4.591296113299598,Train
DTXSID0047539,0.3870967741935484,0.3056441313393482,2.039607805437114,Train
DTXSID7044681,0.7058823529411765,0.5233989194810909,3.566510900025402,Train
DTXSID2032348,0.625,0.5094866975130132,3.2186953878862163,Train
DTXSID9047253,0.7560975609756098,0.727524324565508,5.663920903402518,Train
DTXSID3020914,0.5277777777777778,0.4036435562645241,2.2538855339169293,Train
DTXSID8020753,0.5238095238095238,0.4697356697356697,3.3763886032268267,Train
DTXSID6040795,0.5666666666666667,0.5007037037037037,2.870540018881465,Train
DTXSID7037715,0.5555555555555556,0.5234204110066178,3.22490309931942,Train
DTXSID8047139,0.5416666666666666,0.4305555555555555,2.4000000000000004,Train
DTXSID1044518,0.7368421052631579,0.7208931419457736,4.233202097703345,Train
DTXSID8040698,0.625,0.5266494133885438,2.4576411454889016,Train
DTXSID6040296,0.5555555555555556,0.49307568438003224,2.4,Train
DTXSID2025634,0.53125,0.43466781874039934,2.4979991993593593,Train
DTXSID5047168,0.7105263157894737,0.6937858958666793,4.326661530556787,Train
DTXSID5020027,0.625,0.5950751879699248,2.32379000772445,Train
DTXSID7022833,0.5348837209302325,0.42934203828433165,2.8354893757515653,Train
DTXSID1057610,0.7,0.6762720156555773,5.055689863905815,Train
DTXSID6027925,0.53125,0.4494368131868132,2.0,Train
DTXSID3044338,0.6271186440677966,0.5823783513532582,4.17612260356422,Train
DTXSID9045556,0.6938775510204082,0.6679672452225853,4.1182520563948,Train
DTXSID7020635,0.6935483870967742,0.6112060319253627,3.6055512754639896,Train
DTXSID6045167,0.6451612903225806,0.6099579461610133,4.673328578219169,Train
DTXSID0041985,0.5818181818181818,0.5134142131505114,3.5213633723318023,Train
DTXSID3030428,0.6764705882352942,0.6329517753047165,3.111269837220809,Train
DTXSID6024599,0.55,0.5156521739130435,2.4248711305964283,Train
DTXSID1044801,0.6086956521739131,0.5899209486166008,3.0199337741083,Train
DTXSID9040001,0.3793103448275862,0.33310112620457444,1.8,Train
DTXSID1048598,0.5517241379310345,0.48498960180503337,5.019960159204453,Train
DTXSID1025722,0.4,0.3290322580645161,2.1725560982400434,Train
DTXSID9047673,0.7272727272727273,0.6445497835497835,3.0919249667480613,Train
DTXSID7045281,0.6607142857142857,0.5630352900605119,4.1036569057366385,Train
DTXSID1034769,0.5,0.38162618112784225,2.946183972531247,Train
DTXSID6042234,0.5238095238095238,0.3862318711839916,2.727636339397171,Train
DTXSID4027319,0.5,0.424324942791762,1.6733200530681513,Train
DTXSID2021028,0.6086956521739131,0.5560248447204968,2.2181073012818833,Train
DTXSID3029233,0.52,0.4412924648786718,2.6907248094147422,Train
DTXSID2024660,0.5789473684210527,0.5643609022556391,2.4738633753705965,Train
DTXSID4057764,0.6956521739130435,0.6174681704470811,3.7894590642992836,Train
DTXSID9023043,0.5666666666666667,0.516551724137931,3.0133038346638727,Train
DTXSID4035839,0.7352941176470589,0.6426750352746559,3.4058772731852804,Train
DTXSID7021784,0.48148148148148145,0.4186271981530602,2.209072203437452,Train
DTXSID9020459,0.5882352941176471,0.5161654135338346,2.2181073012818837,Train
DTXSID5024500,0.5142857142857142,0.46248847926267284,2.7712812921102037,Train
DTXSID0027567,0.6785714285714286,0.6500451722190853,2.8495613697550017,Train
DTXSID0045624,0.6730769230769231,0.6364981838566743,3.6,Train
DTXSID0039223,0.7209302325581395,0.6053684300195928,3.2310988842807027,Train
DTXSID6029670,0.75,0.6975672877846791,3.423448553724738,Train
DTXSID7024661,0.5555555555555556,0.48022042285200184,1.7088007490635064,Train
DTXSID7025394,0.7142857142857143,0.6666005291005291,2.5298221281347035,Train
DTXSID9057634,0.5757575757575758,0.5125890223451199,3.736308338453881,Train
DTXSID1047788,0.47619047619047616,0.3545512265512266,2.553429066960741,Train
DTXSID7025215,0.0,0.0,0.0,Train
DTXSID1046687,0.7402597402597403,0.5782059558778697,4.758150901348127,Train
DTXSID4048804,0.711864406779661,0.6878619646410681,5.317894320123332,Train
DTXSID5032315,0.65,0.6293498452012384,3.964845520319802,Train
DTXSID0033332,0.6341463414634146,0.5485286146979117,3.5552777669262356,Train
DTXSID2049050,0.47560975609756095,0.4314953866696416,4.673328578219169,Train
DTXSID6023606,0.5416666666666666,0.5223182057281747,4.161730409336962,Train
DTXSID0044654,0.6140350877192983,0.590233698754562,4.37264222181509,Train
DTXSID5026120,0.6,0.5741690193864107,2.65329983228432,Train
DTXSID8024159,0.6875,0.6740194386933518,4.935585071701226,Train
DTXSID4021002,0.5666666666666667,0.5103475321162948,3.2310988842807027,Train
DTXSID3021930,0.3157894736842105,0.12030075187969924,0.6324555320336759,Train
DTXSID3021851,0.5517241379310345,0.49834482758620685,2.7928480087537886,Train
DTXSID0021834,0.44,0.40546859903381643,2.3065125189341593,Train
DTXSID6025648,0.45454545454545453,0.4067243867243867,2.078460969082653,Train
DTXSID9057761,0.6551724137931034,0.606151820877803,3.778888725538237,Train
DTXSID8044967,0.7916666666666666,0.6550653594771242,2.630589287593181,Train
DTXSID7041627,0.5641025641025641,0.5351115344923395,3.358571124749333,Train
DTXSID1041970,0.6666666666666666,0.4928003740065451,2.3916521486202797,Train
DTXSID4030336,0.631578947368421,0.5950739594083247,2.4657656011875906,Train
DTXSID9047259,0.7692307692307693,0.7333896707555244,4.4136152981427825,Train
DTXSID3041827,0.5277777777777778,0.4646897546897547,3.2924155266308657,Train
DTXSID0047115,0.48148148148148145,0.40481277981277974,2.4979991993593593,Train
DTXSID4022361,0.7619047619047619,0.6983388993575751,4.214261501141095,Train
DTXSID2027759,0.7083333333333334,0.6448724082934609,2.891366458960192,Train
DTXSID5022510,0.48,0.4528695652173913,2.0,Train
DTXSID3044679,0.5555555555555556,0.5444444444444445,2.918903903865285,Train
DTXSID5045883,0.7692307692307693,0.7474004751001084,5.0039984012787215,Train
DTXSID3032331,0.7647058823529411,0.7558823529411764,2.932575659723036,Train
DTXSID6032647,0.5869565217391305,0.5449916778305525,3.7894590642992836,Train
DTXSID6020517,0.7857142857142857,0.7109890109890109,2.039607805437114,Train
DTXSID1023996,0.625,0.5791549953314659,2.0,Train
DTXSID8048783,0.6825396825396826,0.6437236919051635,5.495452665613635,Train
DTXSID3057800,0.5813953488372093,0.5257598944656579,3.5496478698597698,Train
DTXSID6041185,0.5769230769230769,0.49713064713064714,2.764054992217051,Train
DTXSID8027822,0.6363636363636364,0.609144072301967,2.5768197453450252,Train
DTXSID9035175,0.7111111111111111,0.6338149096212382,4.123105625617661,Train
DTXSID3026275,0.4,0.26823529411764707,1.854723699099141,Train
DTXSID5038919,0.6333333333333333,0.611490463559429,2.932575659723036,Train
DTXSID9057769,0.6296296296296297,0.5655918072709677,3.0528675044947495,Train
DTXSID1046550,0.75,0.5769262771899688,3.4583232931581165,Train
DTXSID7045522,0.6595744680851063,0.6486830095590503,4.322036556994862,Train
DTXSID2049262,0.48,0.4386877470355731,1.98997487421324,Train
DTXSID6044989,0.5862068965517241,0.560212201591512,3.0983866769659336,Train
DTXSID4047545,0.5,0.48794847020933985,2.7422618401604177,Train
DTXSID8024787,0.6551724137931034,0.6306622714186674,3.566510900025402,Train
DTXSID9027281,0.5882352941176471,0.5481266265371396,3.0789608636681307,Train
DTXSID0027773,0.4230769230769231,0.34515301902398676,2.1354156504062622,Train
DTXSID7030432,0.5294117647058824,0.4721033868092691,3.3466401061363023,Train
DTXSID6040745,0.6730769230769231,0.6127239468596862,4.204759208325728,Train
DTXSID4032580,0.65,0.6065969638586235,4.58257569495584,Train
DTXSID9049293,0.7,0.6647731397459165,3.280243893371345,Train
DTXSID4024270,0.7246376811594203,0.6957262897172047,5.157518783291051,Train
DTXSID9026710,0.5217391304347826,0.450600414078675,1.9287301521985911,Train
DTXSID7047807,0.6486486486486487,0.6030486330486331,3.82099463490856,Train
DTXSID6037568,0.56,0.4057606837606837,3.3645207682521443,Train
DTXSID6022688,0.5333333333333333,0.4175375162471936,2.6832815729997477,Train
DTXSID1022217,0.631578947368421,0.5913620857699804,3.3823069050575527,Train
DTXSID1045370,0.6097560975609756,0.5176475699646432,3.3704599092705436,Train
DTXSID4044454,0.5,0.4226001824262694,2.6305892875931813,Train
DTXSID9025401,0.21739130434782608,0.1790045766590389,1.4560219778561037,Train
DTXSID2046545,0.6,0.5559575409111013,2.814249455894058,Train
DTXSID2044218,0.7183098591549296,0.7101145282835424,5.149757275833493,Train
DTXSID4046490,0.6666666666666666,0.608698254984152,4.476605857119878,Train
DTXSID5025653,0.7291666666666666,0.6808735489575312,3.237282811247729,Train
DTXSID7042352,0.6666666666666666,0.6256621150133715,4.882622246293481,Train
DTXSID3020752,0.8333333333333334,0.8045614035087718,3.509985754956849,Train
DTXSID9020118,0.6666666666666666,0.6454301075268816,4.019950248448357,Train
DTXSID1047316,0.7317073170731707,0.7132967838373233,6.157921727336261,Train
DTXSID3048861,0.5777777777777777,0.46406529143371245,3.6441734316577197,Train
DTXSID4023595,0.7121212121212122,0.7035617138766745,9.162968951164247,Train
DTXSID7022837,0.6388888888888888,0.5012359749859749,3.3645207682521443,Train
DTXSID2020844,0.5416666666666666,0.5026904964884504,2.1354156504062622,Train
DTXSID4057718,0.5,0.4570204350692156,2.891366458960192,Train
DTXSID1021792,0.5555555555555556,0.5366778149386844,2.4083189157584592,Train
DTXSID1047289,0.7755102040816326,0.6450640506690795,5.796550698475776,Train
DTXSID5048928,0.6285714285714286,0.5358602947992954,4.604345773288536,Train
DTXSID5041273,0.6216216216216216,0.4375373889475819,2.85657137141714,Train
DTXSID8020094,0.48,0.41418840579710137,2.280350850198276,Train
DTXSID7022415,0.5217391304347826,0.4606042363433668,2.5612496949731396,Train
DTXSID1022683,0.6136363636363636,0.5846180886281012,4.142463035441596,Train
DTXSID6023315,0.5945945945945946,0.5297134806460488,2.8844410203711917,Train
DTXSID3044966,0.6388888888888888,0.613603779732812,3.6331804249169903,Train
DTXSID3022663,0.6984126984126984,0.6581415994197949,4.68187996428785,Train
DTXSID3040693,0.6666666666666666,0.5977976190476191,3.249615361854384,Train
DTXSID4043777,0.6451612903225806,0.6125101135423716,2.891366458960192,Train
DTXSID4020614,0.6571428571428571,0.5895580870207735,5.0,Train
DTXSID1038795,0.7647058823529411,0.7037667698658411,2.6907248094147422,Train
DTXSID6047074,0.3225806451612903,0.28832565284178185,1.5874507866387544,Train
DTXSID2045107,0.65,0.6451393188854488,2.638181191654584,Train
DTXSID9047700,0.5333333333333333,0.33797220323536115,1.7549928774784245,Train
DTXSID7021607,0.058823529411764705,0.058823529411764705,1.0,Train
DTXSID1026619,0.5925925925925926,0.5122528543581175,2.3151673805580453,Train
DTXSID1023021,0.6491228070175439,0.5666500883622596,4.069397989875161,Train
DTXSID5048847,0.6103896103896104,0.6073156983706813,5.639148871948674,Train
DTXSID3021803,0.4583333333333333,0.43687739463601527,2.4576411454889016,Train
DTXSID4048854,0.6888888888888889,0.6615202173402375,4.8456165758342875,Train
DTXSID5025237,0.6190476190476191,0.5757236227824463,2.5219040425836985,Train
DTXSID0026880,0.4090909090909091,0.36561778778497045,1.7776388834631178,Train
DTXSID4040711,0.37037037037037035,0.3274381293736132,1.9078784028338915,Train
DTXSID4042252,0.6333333333333333,0.6086650386650386,3.5213633723318023,Train
DTXSID9044798,0.7727272727272727,0.75366324903167,3.3466401061363023,Train
DTXSID7046047,0.6578947368421053,0.5546041574524547,3.2680269276736382,Train
DTXSID4022602,0.3898305084745763,0.3498082380531807,2.8284271247461903,Train
DTXSID3023269,0.7142857142857143,0.6478700627537838,4.5563142999578075,Train
DTXSID3022829,0.7086614173228346,0.3104746707420586,3.4583232931581165,Train
DTXSID6048886,0.5277777777777778,0.45140056022408964,3.32264954516723,Train
DTXSID4020666,0.6190476190476191,0.5382936507936509,2.144761058952722,Train
DTXSID9022609,0.5932203389830508,0.48675339637652704,3.0199337741083,Train
DTXSID5044576,0.5666666666666667,0.4844444444444445,2.6608269391300143,Train
DTXSID0047080,0.5384615384615384,0.5073444816053512,2.7856776554368237,Train
DTXSID7045811,0.7142857142857143,0.6163398488766136,4.507771067833858,Train
DTXSID5020576,0.5,0.3744714109419992,2.5845695966640174,Train
DTXSID8021513,0.4444444444444444,0.42401960784313725,2.584569596664017,Train
DTXSID2044929,0.4666666666666667,0.45888888888888896,2.3664319132398464,Train
DTXSID8046113,0.5641025641025641,0.5115107656571072,3.298484500494128,Train
DTXSID5020231,0.5666666666666667,0.45930502727406763,2.280350850198276,Train
DTXSID0037493,0.5757575757575758,0.4036363636363636,2.4166091947189146,Train
DTXSID8042264,0.4583333333333333,0.33065774804905235,1.7204650534085255,Train
DTXSID6021080,0.6621621621621622,0.49615594531819857,3.7416573867739413,Train
DTXSID7041417,0.68,0.6117681159420291,2.8284271247461903,Train
DTXSID0044650,0.64,0.5591941391941393,2.7568097504180447,Train
DTXSID3041451,0.6818181818181818,0.6434875066454013,2.898275349237888,Train
DTXSID4026212,0.5294117647058824,0.49365079365079356,2.349468024894146,Train
DTXSID9032581,0.723404255319149,0.7148342983468898,4.604345773288536,Train
DTXSID3049207,0.2962962962962963,0.28503703703703703,2.638181191654584,Train
DTXSID2029616,0.7916666666666666,0.7658776844070961,2.9189039038652846,Train
DTXSID1024465,0.6206896551724138,0.5705495991500048,2.9189039038652846,Train
DTXSID0025577,0.7368421052631579,0.6749144697751508,2.6832815729997477,Train
DTXSID0025076,0.6071428571428571,0.5630905633990934,3.1304951684997055,Train
DTXSID7024164,0.5081967213114754,0.4778741569627926,4.079215610874228,Train
DTXSID8023395,0.7419354838709677,0.73123489498479,5.779273310719955,Train
DTXSID5047039,0.7291666666666666,0.6401310272536688,4.1085277168348275,Train
DTXSID0052837,0.56,0.48732216138487916,3.888444419044716,Train
DTXSID5045916,0.6197183098591549,0.5878220249881251,4.874423042781576,Train
DTXSID1027390,0.48,0.45726680337206654,1.8330302779823362,Train
DTXSID7021287,0.65,0.5565021248774109,2.4738633753705965,Train
DTXSID5028114,0.6060606060606061,0.5131601731601731,3.1622776601683795,Train
DTXSID6032431,0.4375,0.2722705314009662,1.788854381999832,Train
DTXSID4049406,0.4838709677419355,0.4507150802478945,3.0133038346638727,Train
DTXSID6022636,0.5238095238095238,0.4973274081403168,3.0528675044947495,Train
DTXSID3022035,0.6666666666666666,0.5974584555229716,3.1749015732775088,Train
DTXSID7046419,0.5555555555555556,0.49200244200244203,2.32379000772445,Train
DTXSID4022810,0.5416666666666666,0.5112066314898052,3.2741411087489802,Train
DTXSID2022333,0.5217391304347826,0.4752269469660774,2.08806130178211,Train
DTXSID7021491,0.5,0.47777777777777775,2.0,Train
DTXSID8020206,0.2857142857142857,0.2857142857142857,2.0,Train
DTXSID5027805,0.4782608695652174,0.4530503795721187,2.3916521486202797,Train
DTXSID7046415,0.5535714285714286,0.5185891658951819,4.171330722922843,Train
DTXSID8023973,0.6190476190476191,0.5606613756613756,2.3065125189341593,Train
DTXSID5022437,0.5833333333333334,0.5302789088596849,2.785677655436824,Train
DTXSID8049208,0.4444444444444444,0.43555555555555553,2.668332812825267,Train
DTXSID1023736,0.7160493827160493,0.6196733229399402,5.207686626516615,Train
DTXSID7020922,0.6388888888888888,0.6110862122626829,3.452535300326414,Train
DTXSID6047787,0.6190476190476191,0.5551917724952025,3.88329756778952,Train
DTXSID9042594,0.6666666666666666,0.5965360988729239,5.317894320123332,Train
DTXSID4025745,0.5,0.4127952507262852,2.28910462845192,Train
DTXSID2046460,0.5542168674698795,0.47840484117682386,4.824935232725927,Train
DTXSID2042014,0.8125,0.756423042901371,2.2181073012818837,Train
DTXSID3044469,0.75,0.6532074592074592,2.6832815729997477,Train
DTXSID9048809,0.5319148936170213,0.5063829787234042,4.219004621945797,Train
DTXSID5023324,0.6851851851851852,0.6156681071315218,3.4292856398964497,Train
DTXSID8026694,0.38235294117647056,0.33397058823529413,2.340939982143925,Train
DTXSID7046914,0.6296296296296297,0.585371987628881,5.8753723286273525,Train
DTXSID5045677,0.7530864197530864,0.7313438271077931,5.083306010855534,Train
DTXSID5021839,0.5238095238095238,0.4561685543782731,1.788854381999832,Train
DTXSID7022253,0.609375,0.4793911777394306,3.862641583165593,Train
DTXSID4045189,0.5306122448979592,0.4410564326647319,3.54400902933387,Train
DTXSID9045768,0.5517241379310345,0.4918263090676883,3.3941125496954285,Train
DTXSID8044466,0.5,0.4558840282524493,1.9078784028338915,Train
DTXSID9047598,0.675,0.618408215661104,3.358571124749333,Train
DTXSID8039241,0.48,0.4747114845938375,2.297825058615212,Train
DTXSID5026918,0.0,0.0,0.0,Train
DTXSID8051754,0.44,0.44000000000000006,2.705549851693737,Train
DTXSID7044764,0.4117647058823529,0.35957068311195445,2.1725560982400434,Train
DTXSID5046275,0.5957446808510638,0.5136903271947076,2.8495613697550017,Train
DTXSID8032673,0.6956521739130435,0.6804288526767712,4.551922670696417,Train
DTXSID2034833,0.5555555555555556,0.4188582027291705,2.615339366124404,Train
DTXSID8042559,0.7285714285714285,0.7101209643070109,4.591296113299599,Train
DTXSID4020032,0.5625,0.49712560386473437,1.6492422502470645,Train
DTXSID6025220,0.38461538461538464,0.210989010989011,0.8485281374238571,Train
DTXSID0020020,0.4827586206896552,0.4608100711548988,3.0397368307141326,Train
DTXSID9048807,0.723404255319149,0.6922090465525516,5.329165037789691,Train
DTXSID1047491,0.7142857142857143,0.6538571428571429,3.1622776601683795,Train
DTXSID4046739,0.6829268292682927,0.6751580312834669,4.317406628984581,Train
DTXSID1043839,0.6724137931034483,0.6429474176938681,4.741307836451879,Train
DTXSID5020360,0.5869565217391305,0.5085412441370534,3.64417343165772,Train
DTXSID1027924,0.13043478260869565,0.02608695652173913,0.3464101615137755,Train
DTXSID6023103,0.6666666666666666,0.5602535751142562,3.4058772731852804,Train
DTXSID3057858,0.68,0.5500589569160999,3.8418745424597094,Train
DTXSID8023050,0.6744186046511628,0.5820607235142119,3.9446165846632044,Train
DTXSID2045810,0.5396825396825397,0.45254803675856314,4.156921938165306,Train
DTXSID2027200,0.5789473684210527,0.5473684210526316,2.1071307505705477,Train
DTXSID8024523,0.3829787234042553,0.346257478296073,2.90516780926679,Train
DTXSID6045163,0.717948717948718,0.692153101136152,4.298837052040936,Train
DTXSID5023039,0.7619047619047619,0.7352284337691448,5.079370039680118,Train
DTXSID6040371,0.6333333333333333,0.5540275444602746,3.4985711369071804,Train
DTXSID7032470,0.717948717948718,0.6728533094812165,4.5166359162544865,Train
DTXSID4044400,0.46153846153846156,0.44116300366300376,1.876166303929372,Train
DTXSID0023749,0.7843137254901961,0.7764343891402714,6.013318551349163,Train
DTXSID3045645,0.6896551724137931,0.6329845661560085,5.035871324805669,Train
DTXSID3020889,0.5,0.4486471861471862,1.7549928774784245,Train
DTXSID9020168,0.6153846153846154,0.541559829059829,1.8220867158288598,Train
DTXSID2047856,0.6,0.46955848961399377,3.9293765408777004,Train
DTXSID0045416,0.7619047619047619,0.7219133897461424,4.449719092257397,Train
DTXSID3042188,0.5555555555555556,0.5082921653509889,2.4083189157584592,Train
DTXSID0032314,0.7916666666666666,0.7705369192211297,3.3763886032268267,Train
DTXSID1037696,0.6451612903225806,0.5822851538174119,3.3105890714493698,Train
DTXSID1048671,0.65625,0.6547844827586207,3.709447398198282,Train
DTXSID8044832,0.5483870967741935,0.4832406377456433,2.986636904613616,Train
DTXSID1044196,0.7213114754098361,0.6115816228130596,3.8626415831655936,Train
DTXSID5029265,0.5714285714285714,0.4946919456512481,2.9461839725312475,Train
DTXSID1048209,0.48,0.4334741200828157,2.4248711305964283,Train
DTXSID4029359,0.631578947368421,0.59187306501548,2.3151673805580453,Train
DTXSID6022131,0.6470588235294118,0.5925935828877005,2.4331050121192876,Train
DTXSID3025889,0.5263157894736842,0.49826035677428865,2.4000000000000004,Train
DTXSID1024916,0.6333333333333333,0.5040815904525582,2.8844410203711917,Train
DTXSID5052591,0.6,0.5629603729603729,3.2,Train
DTXSID1046134,0.6666666666666666,0.5311850727008809,3.5440090293338704,Train
DTXSID6024412,0.4444444444444444,0.42132173382173377,1.9899748742132402,Train
DTXSID0044997,0.5,0.4208721036307243,2.4083189157584592,Train
DTXSID9023621,0.72,0.7023157578377923,4.841487374764082,Train
DTXSID9027021,0.38461538461538464,0.29727472527472526,1.6852299546352718,Train
DTXSID3023342,0.5283018867924528,0.45430876600687914,3.693237062523878,Train
DTXSID2029167,0.6875,0.6023692810457517,2.029778313018444,Train
DTXSID0044943,0.5357142857142857,0.5148465608465609,3.0199337741083,Train
DTXSID8045777,0.5283018867924528,0.4426411271051977,3.509985754956849,Train
DTXSID0044490,0.6388888888888888,0.6043368259647329,3.6166282640050254,Train
DTXSID1021744,0.7435897435897436,0.6853526376128659,4.485532298401161,Train
DTXSID6021321,0.3230769230769231,0.2993498168498169,2.65329983228432,Train
DTXSID3020833,0.6666666666666666,0.5866666666666667,1.8330302779823362,Train
DTXSID1025483,0.48484848484848486,0.4437995078706981,2.705549851693737,Train
DTXSID2021282,0.675,0.6456546854942233,4.516635916254486,Train
DTXSID9052505,0.6086956521739131,0.5823078523307357,2.2627416997969525,Train
DTXSID1045297,0.6458333333333334,0.6204436902966315,4.044749683231338,Train
DTXSID2026652,0.42105263157894735,0.37077399380804954,1.1313708498984762,Train
DTXSID5025819,0.52,0.48765217391304355,2.1447610589527217,Train
DTXSID5041772,0.578125,0.4981251902402647,4.1085277168348275,Train
DTXSID4040002,0.25,0.24516129032258066,2.764054992217051,Train
DTXSID4042418,0.38461538461538464,0.12307692307692308,0.8,Train
DTXSID5027772,0.6666666666666666,0.6469218500797448,2.7129319932501077,Train
DTXSID9047706,0.7352941176470589,0.722170622635019,4.377213725647858,Train
DTXSID1049065,0.78125,0.7607194096581178,4.927473997901968,Train
DTXSID8048785,0.6931818181818182,0.46517655844965083,4.132795663954366,Train
DTXSID0023113,0.4782608695652174,0.41231884057971013,1.8330302779823362,Train
DTXSID1022003,0.5555555555555556,0.4155555555555555,1.5874507866387546,Train
DTXSID6057821,0.8,0.7849566238007757,5.249761899362675,Train
DTXSID1035286,0.41379310344827586,0.27065416600455533,1.7663521732655696,Train
DTXSID0020575,0.5,0.47993265993266,2.4413111231467406,Train
DTXSID9024770,0.4230769230769231,0.39710232296439196,1.854723699099141,Train
DTXSID5046772,0.6933333333333334,0.6690373268733925,5.912698199637793,Train
DTXSID5023902,0.4444444444444444,0.3457777777777778,1.8220867158288598,Train
DTXSID9046289,0.6428571428571429,0.6166993981628128,4.608687448721165,Train
DTXSID1024887,0.6296296296296297,0.5677792416922852,2.705549851693737,Train
DTXSID5047405,0.475,0.3825689223057644,2.2181073012818833,Train
DTXSID5021546,0.5294117647058824,0.4992156862745098,2.3065125189341593,Train
DTXSID6025983,0.5294117647058824,0.4862602206874652,1.777638883463118,Train
DTXSID9045342,0.6507936507936508,0.5693690014765596,4.409081537009721,Train
DTXSID4029195,0.7,0.6549199084668192,2.9597297173897488,Train
DTXSID8046119,0.5714285714285714,0.47875904583221657,3.4351128074635335,Train
DTXSID2032180,0.6111111111111112,0.48308823529411765,2.0,Train
DTXSID5044526,0.5428571428571428,0.4075129438317294,2.4657656011875906,Train
DTXSID2046599,0.49206349206349204,0.4015052888823381,3.8626415831655936,Train
DTXSID0026888,0.75,0.5317118553960659,1.50996688705415,Train
DTXSID6049357,0.48484848484848486,0.44147695441813084,2.280350850198276,Train
DTXSID7020213,0.6857142857142857,0.6045820433436532,3.4698703145794947,Train
DTXSID4046949,0.46153846153846156,0.34341529341529337,2.0,Train
DTXSID8042424,0.5434782608695652,0.5233537718320326,3.8729833462074175,Train
DTXSID7041461,0.8333333333333334,0.8043381180223286,3.1368774282716245,Train
DTXSID5023611,0.46511627906976744,0.3632890365448505,2.705549851693737,Train
DTXSID0041436,0.6111111111111112,0.5444444444444445,1.7776388834631178,Train
DTXSID4044905,0.7333333333333333,0.6853259084743343,3.2062439083762797,Train
DTXSID4023385,0.6507936507936508,0.521523601485456,4.538722287164087,Train
DTXSID6020278,0.41379310344827586,0.3626878868258179,1.9078784028338915,Train
DTXSID0047957,0.034482758620689655,0.006896551724137931,0.2,Train
DTXSID3044918,0.6923076923076923,0.6088347688347688,3.0919249667480613,Train
DTXSID2046678,0.7631578947368421,0.6566775619498733,5.513619500836089,Train
DTXSID0020024,0.6923076923076923,0.6526789817112396,2.6229754097208002,Train
DTXSID7024247,0.5,0.4465196078431372,1.661324772583615,Train
DTXSID2022676,0.6666666666666666,0.6363557391811006,3.212475680841802,Train
DTXSID3022370,0.38461538461538464,0.30656611840301695,2.65329983228432,Train
DTXSID3045807,0.6724137931034483,0.6339671510398647,4.849742261192857,Train
DTXSID3025629,0.41379310344827586,0.37904509283819626,2.2891046284519194,Train
DTXSID8029230,0.6190476190476191,0.601420217209691,2.9597297173897488,Train
DTXSID4046153,0.6086956521739131,0.586599557364175,2.720294101747089,Train
DTXSID0024505,0.6,0.5512252964426877,2.5922962793631443,Train
DTXSID2022096,0.6842105263157895,0.6101427588579291,2.181742422927143,Train
DTXSID1045584,0.6222222222222222,0.5616991614255765,4.127953488110059,Train
DTXSID2044137,0.65625,0.588110942330242,4.09878030638384,Train
DTXSID9047542,0.7222222222222222,0.6467494509540905,4.907137658554119,Train
DTXSID9021059,0.5,0.4697368421052632,2.877498913987632,Train
DTXSID2034598,0.6323529411764706,0.47549634273772207,3.984971769034255,Train
DTXSID7020972,0.625,0.5540420168067227,4.573838650411709,Train
DTXSID7048900,0.6101694915254238,0.5664180907172275,4.13763217311544,Train
DTXSID8052300,0.4090909090909091,0.3790612895876054,2.154065922853802,Train
DTXSID1021879,0.6111111111111112,0.601388888888889,3.1559467676119,Train
DTXSID1046689,0.723404255319149,0.6325805843080123,4.1521078984053394,Train
DTXSID5020368,0.631578947368421,0.5920853604599735,3.9698866482558417,Train
DTXSID8057693,0.5853658536585366,0.5634706298968616,3.3166247903554003,Train
DTXSID3032622,0.7391304347826086,0.7107879205193782,3.1496031496047245,Train
DTXSID9020409,0.42105263157894735,0.31651179992141093,1.469693845669907,Train
DTXSID6022058,0.5384615384615384,0.4371306471306471,1.876166303929372,Train
DTXSID3029869,0.6181818181818182,0.5904619709334515,4.0,Train
DTXSID1041269,0.7222222222222222,0.6373045015639874,3.63318042491699,Train
DTXSID7029241,0.5517241379310345,0.514776645768025,2.727636339397171,Train
DTXSID7049213,0.5925925925925926,0.487962962962963,2.383275057562597,Train
DTXSID7024035,0.4772727272727273,0.42172389529974674,3.0,Train
DTXSID1021821,0.7222222222222222,0.6877450980392157,2.8844410203711917,Train
DTXSID4024018,0.6153846153846154,0.5426007326007326,3.2310988842807027,Train
DTXSID7048746,0.7101449275362319,0.7008038738595995,5.854912467321779,Train
DTXSID7032424,0.6923076923076923,0.6763846153846155,4.804164859785725,Train
DTXSID2046591,0.7361111111111112,0.6856602664854226,5.184592558726289,Train
DTXSID4049373,0.5945945945945946,0.5179939297586357,3.0,Train
DTXSID1020433,0.5217391304347826,0.4545126612517917,1.9798989873223332,Train
DTXSID0044733,0.43333333333333335,0.3218390804597701,2.2627416997969525,Train
DTXSID0025864,0.5,0.4203703703703704,1.854723699099141,Train
DTXSID2029874,0.6585365853658537,0.5926159351019477,3.9191835884530852,Train
DTXSID9044619,0.4666666666666667,0.44666666666666666,2.3664319132398464,Train
DTXSID3026932,0.23529411764705882,0.047058823529411764,0.4,Train
DTXSID4025113,0.5882352941176471,0.5629131652661065,2.1166010488516727,Train
DTXSID1023819,0.5961538461538461,0.5140593744317148,3.939543120718442,Train
DTXSID2025892,0.5416666666666666,0.5221569658719027,2.5922962793631443,Train
DTXSID0020105,0.7547169811320755,0.48087902639245994,2.8425340807103794,Train
DTXSID6034392,0.6875,0.6655,4.6,Train
DTXSID9047960,0.6,0.5599784627809934,2.12602916254693,Train
DTXSID4049298,0.0,0.0,0.0,Train
DTXSID2057738,0.6976744186046512,0.6043220889255927,2.918903903865285,Train
DTXSID6027975,0.16666666666666666,0.06666666666666667,0.8,Train
DTXSID9047093,0.6388888888888888,0.4841648745519714,3.32264954516723,Train
DTXSID4032405,0.6086956521739131,0.5878826182413543,4.069397989875161,Train
DTXSID2021654,0.23076923076923078,0.23076923076923078,1.7320508075688772,Train
DTXSID8049044,0.5897435897435898,0.49355847404627895,3.2984845004941286,Train
DTXSID5022271,0.6046511627906976,0.5489784053156146,3.0199337741083,Train
DTXSID3047132,0.75,0.7015583554376656,3.1937438845342627,Train
DTXSID3057850,0.4925373134328358,0.4505488715700813,4.326661530556787,Train
DTXSID2045153,0.7169811320754716,0.6865177565328697,4.626013402488152,Train
DTXSID2057655,0.6219512195121951,0.5070388086162211,5.019960159204453,Train
DTXSID2034627,0.7115384615384616,0.6532167832167832,4.079215610874228,Train
DTXSID4041367,0.5526315789473685,0.5075233127864707,3.2680269276736387,Train
DTXSID0033960,0.8076923076923077,0.8008775155613584,8.482924024179399,Train
DTXSID4027109,0.4375,0.3940476190476191,2.0,Train
DTXSID6048915,0.7123287671232876,0.5789655823355979,4.915282290977803,Train
DTXSID3021485,0.35294117647058826,0.32167048637636875,1.3856406460551018,Train
DTXSID8045850,0.6363636363636364,0.552939393939394,2.5219040425836985,Train
DTXSID3044251,0.5416666666666666,0.4877404935525069,2.1354156504062622,Train
DTXSID4045262,0.696969696969697,0.6478379621643379,3.594440151122286,Train
DTXSID4020167,0.6875,0.5789775910364146,2.08806130178211,Train
DTXSID4022868,0.5483870967741935,0.45723130406661816,3.5327043465311387,Train
DTXSID0020365,0.8188976377952756,0.8099794062429352,7.70454411370329,Train
DTXSID7026994,0.38461538461538464,0.18774558774558775,1.0583005244258363,Train
DTXSID0026882,0.0,0.0,0.0,Train
DTXSID5023871,0.6451612903225806,0.5579021784666945,3.0854497241083023,Train
DTXSID8041117,0.7071428571428572,0.3714407481444396,4.795831523312719,Train
DTXSID3042394,0.5806451612903226,0.48830294530154283,2.4576411454889016,Train
DTXSID3032628,0.6875,0.6336061102018549,4.503332099679081,Train
DTXSID6032518,0.7666666666666667,0.7375438596491228,3.0983866769659336,Train
DTXSID1045405,0.44285714285714284,0.37262939958592134,3.97994974842648,Train
DTXSID7045996,0.5416666666666666,0.506043956043956,2.8000000000000003,Train
DTXSID3039242,0.7272727272727273,0.6975757575757576,1.7549928774784245,Train
DTXSID7045493,0.6984126984126984,0.5696389721389721,4.69041575982343,Train
DTXSID0051447,0.6792452830188679,0.5837786632290324,3.9749213828703582,Train
DTXSID9041653,0.6470588235294118,0.62203081232493,3.4698703145794947,Train
DTXSID6052740,0.6896551724137931,0.6513281636693614,3.687817782917155,Train
DTXSID9045506,0.6862745098039216,0.6161767914019952,4.529900661162451,Train
DTXSID4037748,0.8571428571428571,0.8281318681318682,2.545584412271571,Train
DTXSID6020515,0.7142857142857143,0.694747899159664,2.297825058615212,Train
DTXSID0048890,0.6458333333333334,0.5925266841026366,3.9698866482558417,Train
DTXSID8022408,0.5945945945945946,0.4218493218493219,2.4000000000000004,Train
DTXSID8027581,0.75,0.5317118553960659,1.50996688705415,Train
DTXSID4020088,0.7647058823529411,0.7446943954381846,4.551922670696417,Train
DTXSID2045945,0.717948717948718,0.6960217186119932,5.114684741017769,Train
DTXSID9044821,0.5675675675675675,0.4912119262119262,2.863564212655271,Train
DTXSID7052311,0.45,0.3733333333333333,1.7549928774784245,Train
DTXSID1025805,0.6571428571428571,0.6080425629831402,3.411744421846396,Train
DTXSID1026900,0.3333333333333333,0.17333333333333334,0.938083151964686,Train
DTXSID0051570,0.6111111111111112,0.5407868155236576,2.227105745132009,Train
DTXSID8021800,0.46153846153846156,0.40013377926421406,1.7088007490635062,Train
DTXSID1045534,0.47435897435897434,0.3776539904898114,3.1622776601683795,Train
DTXSID6024460,0.5172413793103449,0.46485178463399873,2.0591260281974,Train
DTXSID7021817,0.6875,0.6295609604820132,2.3323807579381204,Train
DTXSID7041962,0.5294117647058824,0.5154061624649859,2.2,Train
DTXSID1049306,0.65,0.6330549199084669,2.749545416973504,Train
DTXSID0047375,0.6708860759493671,0.627387309086587,5.656854249492381,Train
DTXSID7027833,0.6153846153846154,0.5238388278388278,2.8000000000000003,Train
DTXSID2044898,0.5416666666666666,0.4695851444025886,2.4979991993593593,Train
DTXSID4022442,0.48148148148148145,0.4327734423386597,2.383275057562597,Train
DTXSID5026702,0.4482758620689655,0.38775190326914466,1.6370705543744901,Train
DTXSID0057839,0.6739130434782609,0.6691109669046074,4.6475800154489,Train
DTXSID7049348,0.0,0.0,0.0,Train
DTXSID5037571,0.5454545454545454,0.4617110214633434,3.2124756808418025,Train
DTXSID4041234,0.625,0.5725296442687747,3.0983866769659336,Train
DTXSID6026167,0.5769230769230769,0.5017837235228539,2.32379000772445,Train
DTXSID2021604,0.0625,0.0625,1.0,Train
DTXSID5025609,0.7142857142857143,0.6825091575091575,2.1071307505705477,Train
DTXSID4032532,0.6986301369863014,0.6533191314762798,5.027922035990614,Train
DTXSID8049048,0.7037037037037037,0.6425502528055247,4.1036569057366385,Train
DTXSID0033047,0.5384615384615384,0.5106889632107023,2.7928480087537886,Train
DTXSID7048825,0.6521739130434783,0.6237416609155739,4.431703961232068,Train
DTXSID8032548,0.639344262295082,0.5346663290069494,4.363484845854287,Train
DTXSID1045615,0.7450980392156863,0.7257132286877015,4.91121166312347,Train
DTXSID9040502,0.7432432432432432,0.7329345596422596,6.26418390534633,Train
DTXSID3033276,0.6176470588235294,0.4536918049270991,2.5845695966640174,Train
DTXSID1045661,0.5813953488372093,0.5519904202871548,3.286335345030997,Train
DTXSID0023907,0.4827586206896552,0.46618125552608314,2.5922962793631443,Train
DTXSID6024832,0.5757575757575758,0.44497177658942366,2.449489742783178,Train
DTXSID5047081,0.6764705882352942,0.6023792547321959,2.9664793948382653,Train
DTXSID7045659,0.7380952380952381,0.6924963434980412,4.280186911806539,Train
DTXSID9048803,0.6875,0.6446907412092082,4.7791212581394085,Train
DTXSID2046042,0.4444444444444444,0.3896825396825397,2.705549851693737,Train
DTXSID2042276,0.5151515151515151,0.43645521145521143,1.98997487421324,Train
DTXSID0047870,0.55,0.5343540669856459,2.2891046284519194,Train
DTXSID7047304,0.7714285714285715,0.7432256127150689,5.396295025292817,Train
DTXSID4044375,0.65625,0.6110456989247312,2.925747767665559,Train
DTXSID9022780,0.5616438356164384,0.38071489080352905,2.785677655436824,Train
DTXSID3041611,0.5217391304347826,0.5150657229524773,4.180908992073374,Train
DTXSID9047463,0.7714285714285715,0.7193394777265745,3.778888725538237,Train
DTXSID4025612,0.625,0.5776048322386995,2.863564212655271,Train
DTXSID3025671,0.5555555555555556,0.5288888888888887,1.7663521732655694,Train
DTXSID2044509,0.6666666666666666,0.5531388152077807,2.5377155080899043,Train
DTXSID3057808,0.7142857142857143,0.5960960092539039,2.553429066960741,Train
DTXSID1029201,0.5483870967741935,0.47115890083632017,2.32379000772445,Train
DTXSID5027356,0.6363636363636364,0.5631898993455058,2.505992817228334,Train
DTXSID4034601,0.7045454545454546,0.5786414914889106,3.4756294393965534,Train
DTXSID2021608,0.5,0.44842105263157894,1.9078784028338915,Train
DTXSID9020378,0.4864864864864865,0.4471407225210042,4.586937976471886,Train
DTXSID3046536,0.8214285714285714,0.8128256003256004,4.132795663954365,Train
DTXSID7031294,0.6190476190476191,0.5612842059900884,2.489979919597747,Train
DTXSID7022679,0.6857142857142857,0.6712987012987013,4.6776062254106,Train
DTXSID6049226,0.625,0.5502014960261805,2.6229754097208002,Train
DTXSID1051771,0.7407407407407407,0.7105010893246189,3.8052595180880897,Train
DTXSID2024797,0.6923076923076923,0.6617470249049197,3.013303834663873,Train
DTXSID4041444,0.5769230769230769,0.5391025641025641,2.5298221281347035,Train
DTXSID2044424,0.5416666666666666,0.46923288355822085,2.23606797749979,Train
DTXSID8040723,0.5238095238095238,0.5054480264630826,3.249615361854384,Train
DTXSID6044307,0.6666666666666666,0.4928003740065451,2.3916521486202797,Train
DTXSID0025363,0.5384615384615384,0.5307692307692307,1.9390719429665317,Train
DTXSID0044868,0.5666666666666667,0.462273425499232,2.513961017995307,Train
DTXSID3020881,0.5853658536585366,0.5453087622382796,3.898717737923586,Train
DTXSID1029671,0.7272727272727273,0.6977252221462749,2.7568097504180447,Train
DTXSID8026195,0.5333333333333333,0.4876621417797888,1.50996688705415,Train
DTXSID9047417,0.75,0.7180933062880325,3.4583232931581165,Train
DTXSID3023974,0.5555555555555556,0.48060293662692466,2.6076809620810595,Train
DTXSID6037483,0.5208333333333334,0.4335207338749453,3.4292856398964493,Train
DTXSID9041520,0.4782608695652174,0.47227555053642006,2.0297783130184444,Train
DTXSID6021610,0.45454545454545453,0.40617160617160614,2.2627416997969525,Train
DTXSID2041545,0.6842105263157895,0.5810201212971576,2.8844410203711917,Train
DTXSID0021123,0.6444444444444445,0.5286945473901996,3.3645207682521443,Train
DTXSID8042189,0.6363636363636364,0.6121212121212121,2.870540018881465,Train
DTXSID0021836,0.35,0.2954901960784314,1.0392304845413265,Train
DTXSID9046570,0.6792452830188679,0.5819721942193674,3.7202150475476548,Train
DTXSID9032406,0.6153846153846154,0.5961538461538461,3.212475680841802,Train
DTXSID7044976,0.6,0.537,3.0,Train
DTXSID0047082,0.7352941176470589,0.7070876835582718,3.7576588456111875,Train
DTXSID9021922,0.5555555555555556,0.5177777777777777,2.0591260281974,Train
DTXSID2044975,0.6538461538461539,0.5974835164835165,3.0659419433511785,Train
DTXSID4044581,0.5,0.45091058366920433,2.6,Train
DTXSID0045886,0.7611940298507462,0.7130137646022507,4.686149805543993,Train
DTXSID4045927,0.75,0.7282253599114064,4.5694638635183455,Train
DTXSID7047801,0.7222222222222222,0.6419217981717982,3.212475680841802,Train
DTXSID8042503,0.675,0.6494399460188933,4.326661530556787,Train
DTXSID2047141,0.4666666666666667,0.1892929292929293,0.8246211251235323,Train
DTXSID3023471,0.6964285714285714,0.6764506694551466,5.261178575186362,Train
DTXSID7023192,0.4666666666666667,0.37333333333333335,1.4422205101855958,Train
DTXSID0025078,0.55,0.5185164835164835,3.4641016151377544,Train
DTXSID5024639,0.5,0.4541353383458647,2.3323807579381204,Train
DTXSID2026523,0.7619047619047619,0.6863737060041408,2.383275057562597,Train
DTXSID5035957,0.3230769230769231,0.29554106910039113,4.084115571332427,Train
DTXSID7041966,0.6666666666666666,0.5850572166851237,3.725587202039432,Train
DTXSID0034803,0.7439024390243902,0.7071015545809901,5.796550698475776,Train
DTXSID5045598,0.7272727272727273,0.5863320425348822,4.534313619501853,Train
DTXSID9026261,0.72,0.6438054119793251,2.891366458960192,Train
DTXSID7047803,0.7910447761194029,0.7831982699105065,6.368673331236264,Train
DTXSID1041550,0.4444444444444444,0.35149206349206347,2.144761058952722,Train
DTXSID4057683,0.6666666666666666,0.6364750957854406,4.907137658554119,Train
DTXSID2024458,0.56,0.5112337164750957,2.209072203437452,Train
DTXSID3027536,0.0,0.0,0.0,Train
DTXSID6020309,0.5769230769230769,0.47593633952254644,2.5768197453450252,Train
DTXSID9021683,0.23076923076923078,0.046153846153846156,0.3464101615137755,Train
DTXSID8045642,0.39285714285714285,0.3106198034769463,2.668332812825267,Train
DTXSID1022007,0.42857142857142855,0.2799224305106658,1.1661903789690602,Train
DTXSID8020886,0.660377358490566,0.6383318337684287,4.298837052040936,Train
DTXSID1045879,0.45454545454545453,0.4545454545454545,3.1622776601683795,Train
DTXSID1045085,0.5483870967741935,0.42919844413902136,3.4,Train
DTXSID2038732,0.3333333333333333,0.29473684210526313,1.32664991614216,Train
DTXSID7044922,0.5294117647058824,0.46874973645372126,3.0983866769659336,Train
DTXSID5044990,0.6842105263157895,0.6435647943387881,3.698648401781386,Train
DTXSID5049316,0.5882352941176471,0.5647368147314769,3.6,Train
DTXSID1047570,0.6666666666666666,0.5174358974358974,2.4166091947189146,Train
DTXSID5024001,0.6470588235294118,0.6152863777089783,2.4738633753705965,Train
DTXSID9020580,0.5161290322580645,0.4303731815306768,2.349468024894146,Train
DTXSID8025094,0.3870967741935484,0.35908602150537633,2.6457513110645907,Train
DTXSID2046389,0.48717948717948717,0.3827871073091453,2.553429066960741,Train
DTXSID9024437,0.5,0.46891967291967285,2.039607805437114,Train
DTXSID4057849,0.6956521739130435,0.6440244248989805,4.1856899072912706,Train
DTXSID5048891,0.5208333333333334,0.42045139819530064,2.891366458960192,Train
DTXSID2048822,0.5869565217391305,0.4848098507137409,3.117691453623979,Train
DTXSID3020465,0.5217391304347826,0.3951294352823588,1.8110770276274835,Train
DTXSID8024941,0.7692307692307693,0.746993006993007,2.3579652245103193,Train
DTXSID5052593,0.5862068965517241,0.4865777637497041,2.4738633753705965,Train
DTXSID1026164,0.5454545454545454,0.47132775119617226,1.98997487421324,Train
DTXSID8049416,0.5909090909090909,0.5582251082251082,2.5219040425836985,Train
DTXSID0020076,0.7586206896551724,0.7264409811900773,3.237282811247729,Train
DTXSID5051525,0.7857142857142857,0.758910533910534,3.3346664001066135,Train
DTXSID4057631,0.4268292682926829,0.3820188216950663,4.064480286580315,Train
DTXSID1052585,0.6521739130434783,0.5086129607868738,2.1071307505705477,Train
DTXSID4021397,0.6666666666666666,0.6445182724252491,4.39089968002003,Train
DTXSID1040611,0.6206896551724138,0.5890804597701149,3.8470768123342687,Train
DTXSID1022421,0.6444444444444445,0.5500200371850468,3.411744421846396,Train
DTXSID6021824,0.5,0.45092592592592595,2.227105745132009,Train
DTXSID0042583,0.5,0.3439806641445986,2.6608269391300143,Train
DTXSID9022813,0.6666666666666666,0.5714946183506021,2.918903903865285,Train
DTXSID7023148,0.6,0.5304407495196286,3.566510900025402,Train
DTXSID4041446,0.6666666666666666,0.629265873015873,3.1112698372208096,Train
DTXSID1023314,0.5405405405405406,0.4865171990171991,3.515679166249389,Train
DTXSID3032751,0.625,0.5515750915750915,2.7422618401604177,Train
DTXSID1033664,0.3617021276595745,0.2986811943976007,2.505992817228334,Train
DTXSID3048788,0.6486486486486487,0.6004118404118404,3.994996871087636,Train
DTXSID4046151,0.6610169491525424,0.605774818401937,4.029888335921977,Train
DTXSID1043910,0.696969696969697,0.5742873792873793,2.85657137141714,Train
DTXSID1048706,0.6956521739130435,0.6479269014738122,3.1304951684997055,Train
DTXSID9030048,0.6956521739130435,0.472463768115942,2.553429066960741,Train
DTXSID1020190,0.65625,0.6189674459527401,3.5888716889852725,Train
DTXSID6022399,0.6585365853658537,0.5863072045983949,3.4176014981270124,Train
DTXSID1048883,0.5277777777777778,0.32361111111111107,2.297825058615212,Train
DTXSID7047641,0.0,0.0,0.0,Train
DTXSID1048596,0.6578947368421053,0.6426145648674532,4.431703961232068,Train
DTXSID4045767,0.7142857142857143,0.6982651542006382,5.624944444170094,Train
DTXSID5051440,0.58,0.5390357142857143,2.7202941017470885,Train
DTXSID7041752,0.7352941176470589,0.7277576218575204,3.627671429443411,Train
DTXSID1052587,0.5757575757575758,0.5074592074592075,2.6907248094147422,Train
DTXSID9044378,0.4166666666666667,0.39111111111111113,3.111269837220809,Train
DTXSID9047257,0.65625,0.5099436936936936,3.7894590642992836,Train
DTXSID1041891,0.47058823529411764,0.4290196078431373,1.7204650534085255,Train
DTXSID4024488,0.5,0.4568695652173913,2.039607805437114,Train
DTXSID1040245,0.6739130434782609,0.6184854437461962,4.7791212581394085,Train
DTXSID6041925,0.5357142857142857,0.4679653679653679,2.0591260281974,Train
DTXSID0032572,0.6619718309859155,0.5572813632580933,4.586937976471886,Train
DTXSID9020241,0.5882352941176471,0.44731376806041573,3.7682887362833544,Train
DTXSID9021847,0.5,0.4523809523809524,1.6733200530681511,Train
DTXSID4024642,0.6,0.49142857142857144,2.0199009876724157,Train
DTXSID5023033,0.5777777777777777,0.43306788818416725,3.0066592756745814,Train
DTXSID1047152,0.3333333333333333,0.29704301075268813,2.870540018881465,Train
DTXSID2026529,0.48,0.42012587412587415,2.3748684174075834,Train
DTXSID7026235,0.5185185185185185,0.45163850486431134,2.489979919597747,Train
DTXSID7052860,0.574468085106383,0.520148872276532,2.734958866235469,Train
DTXSID2028010,0.6,0.5629603729603729,3.2,Train
DTXSID0027149,0.6666666666666666,0.6345811051693404,2.6229754097208002,Train
DTXSID7041883,0.575,0.4923705491065606,3.2619012860600183,Train
DTXSID5044780,0.5714285714285714,0.5228070175438596,1.886796226411321,Train
DTXSID0047828,0.5686274509803921,0.52274175035868,3.698648401781386,Train
DTXSID2045492,0.5531914893617021,0.46405710129114386,3.0463092423455636,Train
DTXSID1032488,0.7974683544303798,0.7408390362053028,5.7306195127577615,Train
DTXSID2042149,0.5454545454545454,0.4760765550239235,2.3151673805580453,Train
DTXSID9044403,0.5357142857142857,0.4713184057321988,2.505992817228334,Train
DTXSID7021289,0.7241379310344828,0.6739509819500659,3.752332607858744,Train
DTXSID7032555,0.7948717948717948,0.7898721074720754,5.688585061331157,Train
DTXSID1044982,0.7142857142857143,0.6691918872812284,3.8262252939417984,Train
DTXSID3028001,0.5897435897435898,0.5069656150301312,3.104834939252005,Train
DTXSID5041643,0.5555555555555556,0.5089814814814815,2.5845695966640174,Train
DTXSID5046512,0.6190476190476191,0.5809523809523809,2.5612496949731396,Train
DTXSID2045652,0.6304347826086957,0.5493427704752276,3.487119154832539,Train
DTXSID5057751,0.6222222222222222,0.5577261084614026,3.2,Train
DTXSID5025310,0.5357142857142857,0.4899192425508215,2.8284271247461903,Train
DTXSID1027344,0.625,0.5294444444444444,2.705549851693737,Train
DTXSID2040787,0.4666666666666667,0.18222222222222223,1.2328828005937953,Train
DTXSID7026946,0.5526315789473685,0.4003020540946237,2.5534290669607413,Train
DTXSID8045141,0.5869565217391305,0.5420715803685277,3.611094017053558,Train
DTXSID3046453,0.6986301369863014,0.5929708091809415,4.4810713004816165,Train
DTXSID8025830,0.8,0.7738461538461537,2.4083189157584592,Train
DTXSID1027716,0.2903225806451613,0.24111803519061584,1.7435595774162693,Train
DTXSID7041413,0.5428571428571428,0.426218487394958,3.104834939252005,Train
DTXSID5022774,0.5824175824175825,0.5548607811663343,5.165268628057984,Train
DTXSID6027181,0.5,0.4515719063545151,1.8973665961010278,Train
DTXSID1038298,0.5,0.4692642140468227,2.3579652245103193,Train
DTXSID8040222,0.6351351351351351,0.592363852217843,5.180733538795447,Train
DTXSID0020529,0.41379310344827586,0.37877984084880634,2.154065922853802,Train
DTXSID6049309,0.5555555555555556,0.5021481481481482,2.2627416997969525,Train
DTXSID4020533,0.6666666666666666,0.5674603174603174,1.5748015748023623,Train
DTXSID2051764,0.47368421052631576,0.4125730994152047,2.1354156504062622,Train
DTXSID7041623,0.5172413793103449,0.4599649806546358,2.6229754097208002,Train
DTXSID6045820,0.423728813559322,0.36532380470528714,3.1304951684997055,Train
DTXSID5041275,0.41935483870967744,0.1603415559772296,1.264911064067352,Train
DTXSID4045763,0.5833333333333334,0.5452101510460644,3.411744421846396,Train
DTXSID1034181,0.6710526315789473,0.5525800585351079,4.79583152331272,Train
DTXSID6046925,0.7555555555555555,0.6560471294289884,4.368065933568311,Train
DTXSID4031980,0.6538461538461539,0.649346305868045,3.0463092423455636,Train
DTXSID5052125,0.6153846153846154,0.5934809634809636,2.9120439557122073,Train
DTXSID5021629,0.5,0.39371062271062274,2.1908902300206647,Train
DTXSID6020199,0.6428571428571429,0.5897330447330447,1.562049935181331,Train
DTXSID2057659,0.5185185185185185,0.4586687993982827,3.0659419433511785,Train
DTXSID8021484,0.35,0.3113450292397661,1.2961481396815722,Train
DTXSID9021390,0.7058823529411765,0.5540635834753482,1.8654758106177631,Train
DTXSID6048200,0.6,0.5666024298282363,2.771281292110204,Train
DTXSID1049069,0.8113207547169812,0.7567488682057194,5.2345009313209605,Train
DTXSID2047149,0.6363636363636364,0.620308346624136,3.0724582991474434,Train
DTXSID0045125,0.7735849056603774,0.7060008242603453,4.054626986542659,Train
DTXSID7046041,0.5,0.45145399650405216,2.2715633383201093,Train
DTXSID7037680,0.423728813559322,0.3359319098980116,2.6457513110645907,Train
DTXSID7045497,0.631578947368421,0.5607351057895522,3.9344631145812006,Train
DTXSID2044717,0.65625,0.6079298418972332,2.7568097504180447,Train
DTXSID3034618,0.6567164179104478,0.613079412830488,5.138093031466052,Train
DTXSID2049426,0.46153846153846156,0.42197435897435903,2.1725560982400434,Train
DTXSID5020732,0.5609756097560976,0.49695972773681224,2.3664319132398464,Train
DTXSID3026564,0.5,0.3747983870967742,2.2181073012818837,Train
DTXSID7049421,0.6333333333333333,0.5619349845201238,2.383275057562597,Train
DTXSID9039232,0.5806451612903226,0.5165732387262589,3.2310988842807027,Train
DTXSID5045382,0.4647887323943662,0.3859154929577465,4.156921938165306,Train
DTXSID0046725,0.7692307692307693,0.7418667419891409,4.882622246293481,Train
DTXSID1020857,0.75,0.6440194987895047,3.464101615137755,Train
DTXSID7027756,0.5,0.46496551724137924,2.553429066960741,Train
DTXSID3040697,0.5263157894736842,0.4706439628482972,1.886796226411321,Train
DTXSID5049312,0.6111111111111112,0.5483288770053476,2.154065922853802,Train
DTXSID9057717,0.5294117647058824,0.42550356506238857,2.23606797749979,Train
DTXSID2021864,0.48,0.43610351966873695,1.8220867158288598,Train
DTXSID2034095,0.7192982456140351,0.6683953756625222,4.849742261192857,Train
DTXSID7023938,0.29411764705882354,0.2881588999236058,2.90516780926679,Train
DTXSID4023624,0.7580645161290323,0.568518453371863,4.084115571332427,Train
DTXSID2020892,0.6938775510204082,0.49981908039210554,2.90516780926679,Train
DTXSID4048773,0.6753246753246753,0.6631075497272679,4.791659420284375,Train
DTXSID9057688,0.7380952380952381,0.7266494921788123,4.368065933568311,Train
DTXSID2046541,0.7291666666666666,0.5840568603408162,3.358571124749333,Train
DTXSID0048846,0.6486486486486487,0.550388789340196,5.015974481593781,Train
DTXSID4046288,0.6666666666666666,0.6363933573429372,3.2619012860600183,Train
DTXSID8049202,0.6785714285714286,0.6318168498168498,3.104834939252005,Train
DTXSID4047044,0.0,0.0,0.0,Train
DTXSID5021910,0.8095238095238095,0.7916918165115507,2.513961017995307,Train
DTXSID3047346,0.7951807228915663,0.7796182545892638,6.2545983084447565,Train
DTXSID2048826,0.6388888888888888,0.6097650831696572,4.190465367951393,Train
DTXSID0021462,0.5909090909090909,0.49716732542819503,2.23606797749979,Train
DTXSID2051631,0.6,0.4751470588235295,1.7663521732655694,Train
DTXSID0032813,0.6923076923076923,0.6714918414918415,2.814249455894058,Train
DTXSID9033923,0.725,0.6595964912280702,3.492849839314596,Train
DTXSID2025925,0.525,0.5079988699500894,2.9664793948382653,Train
DTXSID4045131,0.7407407407407407,0.7040184962874039,4.673328578219169,Train
DTXSID4044745,0.7142857142857143,0.700887445887446,2.6,Train
DTXSID8042343,0.5625,0.49681077694235587,1.661324772583615,Train
DTXSID9020370,0.6551724137931034,0.6298538807519316,3.394112549695428,Train
DTXSID2052281,0.6585365853658537,0.5779981667463734,3.6932370625238775,Train
DTXSID3027291,0.7333333333333333,0.655,2.04939015319192,Train
DTXSID0026175,0.7419354838709677,0.7056365140236108,2.8000000000000003,Train
DTXSID1046392,0.6792452830188679,0.6257661570471897,3.671511950137164,Train
DTXSID7034252,0.7941176470588235,0.686605768946184,4.963869458396343,Train
DTXSID2044503,0.6956521739130435,0.6401514558036298,4.019950248448356,Train
DTXSID7040289,0.5517241379310345,0.4806596701649175,2.3579652245103193,Train
DTXSID7046174,0.65625,0.6397897681708828,3.3763886032268267,Train
DTXSID7022049,0.5,0.45593582887700534,1.8110770276274835,Train
DTXSID5026097,0.5172413793103449,0.46498673740053054,2.4819347291981715,Train
DTXSID9057719,0.7014925373134329,0.603757154079228,4.711687595755899,Train
DTXSID5023243,0.5666666666666667,0.48995293466223694,2.939387691339814,Train
DTXSID5020946,0.6578947368421053,0.6184176521419085,4.303486958270003,Train
DTXSID0048713,0.45,0.3221115798097895,3.566510900025402,Train
DTXSID4022369,0.6666666666666666,0.6334405487388298,6.3118935352238,Train
DTXSID5026461,0.6842105263157895,0.5981126458680638,2.0099751242241783,Train
DTXSID1048912,0.6818181818181818,0.5713125954505264,3.27414110874898,Train
DTXSID7032393,0.6,0.5639082012082579,4.089009660052175,Train
DTXSID0022220,0.5,0.4633053221288515,2.0976176963403033,Train
DTXSID5046437,0.4915254237288136,0.42664799491588246,3.3466401061363023,Train
DTXSID0024503,0.5862068965517241,0.5095925954566274,2.4819347291981715,Train
DTXSID5032442,0.746031746031746,0.6843001897986133,4.703190406521939,Train
DTXSID9020669,0.75,0.5353148148148149,4.1182520563948,Train
DTXSID7020267,0.5625,0.4383333333333333,2.727636339397171,Train
DTXSID3023051,0.6976744186046512,0.6307892391216271,3.6496575181789317,Train
DTXSID8040270,0.6896551724137931,0.673153768737751,3.736308338453881,Train
DTXSID1024209,0.7317073170731707,0.7031995622082169,3.566510900025402,Train
DTXSID1027506,0.5185185185185185,0.4298941798941799,1.8973665961010278,Train
DTXSID8046294,0.54,0.4500205457868532,3.2,Train
DTXSID3041665,0.4666666666666667,0.18222222222222223,1.2328828005937953,Train
DTXSID4034653,0.576271186440678,0.5130038084716689,3.8366652186501757,Train
DTXSID6044648,0.5757575757575758,0.5310997910135842,2.898275349237888,Train
DTXSID8047131,0.48484848484848486,0.4599850497383704,3.237282811247729,Train
DTXSID5021837,0.45,0.37416666666666665,2.0297783130184444,Train
DTXSID0057677,0.5223880597014925,0.477286418585804,4.317406628984581,Train
DTXSID4024276,0.7358490566037735,0.6662925447868484,4.737087712930805,Train
DTXSID0051493,0.6363636363636364,0.6061056792178073,2.727636339397171,Train
DTXSID9048938,0.39215686274509803,0.34533372945137647,2.4248711305964283,Train
DTXSID2047723,0.8,0.7803095975232198,2.505992817228334,Train
DTXSID3029655,0.6538461538461539,0.6212486064659977,2.65329983228432,Train
DTXSID7038317,0.631578947368421,0.6067258685250676,2.9799328851502684,Train
DTXSID0024977,0.5,0.4377142857142857,2.1166010488516727,Train
DTXSID0020527,0.375,0.29258241758241754,1.5874507866387546,Train
DTXSID1020140,0.47619047619047616,0.4366750208855472,2.3916521486202797,Train
DTXSID0026208,0.5238095238095238,0.47694962042788125,2.3065125189341593,Train
DTXSID7023697,0.72,0.7028973345495085,5.392587505085105,Train
DTXSID7045651,0.7790697674418605,0.7462210014779013,5.709640969448079,Train
DTXSID5047372,0.7380952380952381,0.7324489969761883,6.174139616173253,Train
DTXSID5045174,0.8,0.7784848484848486,3.9698866482558417,Train
DTXSID1045089,0.5,0.47771428571428576,2.253885533916929,Train
DTXSID3027407,0.6,0.5088888888888888,2.3748684174075834,Train
DTXSID6021456,0.4909090909090909,0.4122701893793538,2.8354893757515653,Train
DTXSID3048815,0.5833333333333334,0.5116710397695118,4.27551166528639,Train
DTXSID6057665,0.6176470588235294,0.5193977548574609,3.187475490101846,Train
DTXSID8023260,0.5416666666666666,0.5285101559550924,4.335896677735761,Train
DTXSID8045147,0.7413793103448276,0.7069128391269952,4.219004621945797,Train
DTXSID4046523,0.5555555555555556,0.4870197837589142,2.3916521486202797,Train
DTXSID1023730,0.525,0.40828231606122073,2.08806130178211,Train
DTXSID2035481,0.4666666666666667,0.40888888888888886,2.383275057562597,Train
DTXSID4020290,0.7272727272727273,0.6867537972507547,5.165268628057984,Train
DTXSID4045181,0.6037735849056604,0.5781369293234286,4.237924020083418,Train
DTXSID3020964,0.45454545454545453,0.42155080213903745,2.1908902300206647,Train
DTXSID7021231,0.5483870967741935,0.4599159176986002,3.666060555964672,Train
DTXSID6041892,0.5,0.4153775743707094,1.5491933384829668,Train
DTXSID4047913,0.0,0.0,0.0,Train
DTXSID9044409,0.38461538461538464,0.37435897435897436,1.82208671582886,Train
DTXSID9044740,0.5357142857142857,0.3992481203007519,1.98997487421324,Train
DTXSID1021372,0.6296296296296297,0.524021164021164,2.5768197453450252,Train
DTXSID8044915,0.72,0.6845197444831591,3.7841775856849003,Train
DTXSID2026446,0.5294117647058824,0.48416518122400476,3.2619012860600183,Train
DTXSID6045909,0.6779661016949152,0.6086353759235115,4.833218389437829,Train
DTXSID5044233,0.5853658536585366,0.5564379920514159,4.024922359499622,Train
DTXSID4047121,0.6774193548387096,0.644111321948134,3.286335345030997,Train
DTXSID0048680,0.5142857142857142,0.39948051948051944,2.545584412271571,Train
DTXSID7044762,0.6388888888888888,0.561024531024531,3.1368774282716245,Train
DTXSID4047468,0.5862068965517241,0.4788979449669105,2.7568097504180447,Train
DTXSID5027061,0.5185185185185185,0.48066022544283415,2.04939015319192,Train
DTXSID6021450,0.6153846153846154,0.5706845132454889,4.039801975344831,Train
DTXSID5023372,0.6666666666666666,0.5717589096270722,3.9293765408777004,Train
DTXSID9035753,0.46875,0.4653225806451613,3.8262252939417984,Train
DTXSID9033979,0.6578947368421053,0.4036698538462741,3.6715119501371642,Train
DTXSID2057811,0.48717948717948717,0.4703930303930304,2.8565713714171403,Train
DTXSID2021498,0.4,0.4,2.280350850198276,Train
DTXSID9040710,0.7058823529411765,0.6169849758085053,2.2,Train
DTXSID4047543,0.6428571428571429,0.5449504427117747,3.6110940170535577,Train
DTXSID8057772,0.625,0.5657326007326008,3.5832945734337835,Train
DTXSID0045676,0.6181818181818182,0.6009642988590358,3.7309516212355263,Train
DTXSID9049374,0.7192982456140351,0.7020540804879701,4.161730409336962,Train
DTXSID2020262,0.5806451612903226,0.54167015779919,2.986636904613616,Train
DTXSID5057830,0.6956521739130435,0.5726039419314732,3.3763886032268267,Train
DTXSID0037495,0.59375,0.4969435483870968,2.4248711305964283,Train
DTXSID5022801,0.6060606060606061,0.46949643493761145,2.90516780926679,Train
DTXSID8021270,0.64,0.5921106797028837,3.0789608636681307,Train
DTXSID3040724,0.47368421052631576,0.36128891490607207,2.946183972531247,Train
DTXSID2021070,0.696969696969697,0.6164355971364968,3.31058907144937,Train
DTXSID2025975,0.7058823529411765,0.6839869281045752,3.81051177665153,Train
DTXSID2047434,0.5526315789473685,0.4701680333619489,4.481071300481616,Train
DTXSID6023363,0.39473684210526316,0.36563999324927077,3.768288736283355,Train
DTXSID7025423,0.5,0.3833333333333333,1.9493588689617931,Train
DTXSID4047416,0.6666666666666666,0.6464769647696478,3.6441734316577197,Train
DTXSID3033989,0.6666666666666666,0.6210377226142682,4.024922359499621,Train
DTXSID3020540,0.5217391304347826,0.4439399569834353,2.4000000000000004,Train
DTXSID4023753,0.7272727272727273,0.661862867816583,5.370288632839022,Train
DTXSID7046463,0.6551724137931034,0.6333710669917567,3.638681079732051,Train
DTXSID8027747,0.7,0.6577944862155387,2.9597297173897488,Train
DTXSID8041371,0.3125,0.1875,1.0,Train
DTXSID4021218,0.5476190476190477,0.43064584064584055,3.2186953878862163,Train
DTXSID5027146,0.6875,0.6284803921568627,2.2181073012818833,Train
DTXSID9020796,0.4177215189873418,0.3570532907255729,3.768288736283355,Train
DTXSID3024154,0.7380952380952381,0.7068945310454745,4.6776062254106,Train
DTXSID2044686,0.6382978723404256,0.6156149303374333,3.8574603043971822,Train
DTXSID1027714,0.38461538461538464,0.3008433048433048,2.12602916254693,Train
DTXSID5024211,0.6222222222222222,0.6018036439381954,4.340506882842141,Train
DTXSID9024691,0.40625,0.3149891304347826,2.0297783130184444,Train
DTXSID2020137,0.5,0.3958333333333333,1.4832396974191326,Train
DTXSID9025245,0.5161290322580645,0.19608294930875575,1.148912529307606,Train
DTXSID7025342,0.7647058823529411,0.6546078431372548,2.0297783130184444,Train
DTXSID7031248,0.7391304347826086,0.7063909017713366,3.3941125496954285,Train
DTXSID1048679,0.7473684210526316,0.722515432042082,5.727128425310541,Train
DTXSID6022345,0.6451612903225806,0.5620594023525385,3.22490309931942,Train
DTXSID7032630,0.6842105263157895,0.6181028151774786,3.778888725538237,Train
DTXSID4045975,0.684931506849315,0.6101994955110928,4.525483399593904,Train
DTXSID5048710,0.6341463414634146,0.5597164411798559,3.2310988842807027,Train
DTXSID5022649,0.5476190476190477,0.515067815067815,3.32264954516723,Train
DTXSID7052284,0.6086956521739131,0.4820900076277651,1.7088007490635064,Train
DTXSID4021214,0.5714285714285714,0.47158665895507995,2.727636339397171,Train
DTXSID5052460,0.5806451612903226,0.508995252710492,2.3748684174075834,Train
DTXSID3027370,0.7058823529411765,0.6338046757164404,2.04939015319192,Train
DTXSID4021971,0.45161290322580644,0.4380729911541924,2.4657656011875906,Train
DTXSID5047164,0.40625,0.307844982078853,2.489979919597747,Train
DTXSID1048176,0.7777777777777778,0.7562847452502212,6.829348431585549,Train
DTXSID0052463,0.5625,0.5055720015278838,2.85657137141714,Train
DTXSID5025861,0.47058823529411764,0.4249401578813344,2.4657656011875906,Train
DTXSID8029234,0.4444444444444444,0.3427008547008547,2.2181073012818837,Train
DTXSID3045485,0.7027027027027027,0.6866311430380339,4.565084884205332,Train
DTXSID1021530,0.6666666666666666,0.6028327228327228,2.891366458960192,Train
DTXSID5023110,0.7441860465116279,0.7250307082649722,4.467661580737736,Train
DTXSID3052511,0.6111111111111112,0.5111170936719462,2.2538855339169293,Train
DTXSID0024979,0.52,0.45721739130434785,2.08806130178211,Train
DTXSID7023140,0.6511627906976745,0.6129985189386777,4.24735211631906,Train
DTXSID5042089,0.5416666666666666,0.5215639433030737,2.505992817228334,Train
DTXSID0020810,0.7333333333333333,0.6312193442449283,3.039736830714133,Train
DTXSID0030588,0.5641025641025641,0.4850291396898738,2.4331050121192876,Train
DTXSID1044354,0.3684210526315789,0.2125077399380805,1.3564659966250538,Train
DTXSID6048838,0.6666666666666666,0.6066447368421052,5.134199061197375,Train
DTXSID0020652,0.6851851851851852,0.6674367791389068,3.994996871087636,Train
DTXSID4047123,0.0,0.0,0.0,Train
DTXSID5048899,0.6153846153846154,0.49372358907242625,3.4351128074635335,Train
DTXSID0047450,0.6666666666666666,0.6122462722462723,3.1622776601683795,Train
DTXSID7044714,0.6153846153846154,0.5799803231340039,3.649657518178932,Train
DTXSID9027522,0.5897435897435898,0.5154016860027313,3.3166247903554,Train
DTXSID9040635,0.5652173913043478,0.5260869565217391,2.4,Train
DTXSID4022527,0.25806451612903225,0.2428846866889136,2.584569596664017,Train
DTXSID6041424,0.44,0.4005823451910409,1.9078784028338915,Train
DTXSID6023529,0.6666666666666666,0.5270116510372265,2.9597297173897488,Train
DTXSID0020236,0.6190476190476191,0.5542857142857143,2.0976176963403033,Train
DTXSID9023966,0.5833333333333334,0.5518315018315019,1.8439088914585775,Train
DTXSID2047270,0.7105263157894737,0.6971266331974135,5.30659966456864,Train
DTXSID9023881,0.625,0.5635002640380214,2.749545416973504,Train
DTXSID2052283,0.68,0.6074304993252362,2.1447610589527217,Train
DTXSID9047540,0.5277777777777778,0.4091497584541063,2.6608269391300143,Train
DTXSID9022360,0.46875,0.4385648148148148,2.0,Train
DTXSID3027798,0.6956521739130435,0.6508486398511975,2.7712812921102037,Train
DTXSID9026130,0.6111111111111112,0.569047619047619,2.4979991993593593,Train
DTXSID3024104,0.47058823529411764,0.40174922600619195,1.7435595774162693,Train
DTXSID0021759,0.5333333333333333,0.48,1.6852299546352718,Train
DTXSID5047661,0.6,0.5338830429532517,3.292415526630866,Train
DTXSID0026171,0.6206896551724138,0.566794380587484,2.4494897427831783,Train
DTXSID0042167,0.4782608695652174,0.4051678108314264,2.1725560982400434,Train
DTXSID2025391,0.7058823529411765,0.5864924879042526,2.244994432064365,Train
DTXSID2031956,0.627906976744186,0.5596197360150847,3.9191835884530852,Train
DTXSID9047049,0.45454545454545453,0.3886776553072438,2.4166091947189146,Train
DTXSID6044436,0.6857142857142857,0.633040084999517,2.932575659723036,Train
DTXSID2049424,0.75,0.7175161406025825,3.566510900025402,Train
DTXSID0046272,0.627906976744186,0.5456817028390603,3.773592452822642,Train
DTXSID0027066,0.42857142857142855,0.39752052545155997,2.545584412271571,Train
DTXSID0029260,0.711864406779661,0.5879922938718964,2.734958866235469,Train
DTXSID8045806,0.75,0.714047500690417,5.447935388750494,Train
DTXSID0033673,0.5,0.452327878519829,2.039607805437114,Train
DTXSID5052042,0.5517241379310345,0.4531034482758621,2.7422618401604177,Train
DTXSID0042086,0.575,0.3760547667342799,2.749545416973504,Train
DTXSID1044986,0.6111111111111112,0.4439431913116124,1.8330302779823362,Train
DTXSID6046842,0.5081967213114754,0.4561127889500026,3.893584466786357,Train
DTXSID7031531,0.6,0.565903133903134,2.90516780926679,Train
DTXSID8046086,0.7432432432432432,0.717619787736138,5.848076606885378,Train
DTXSID7027120,0.7272727272727273,0.7114326033443682,2.4819347291981715,Train
DTXSID0043896,0.7704918032786885,0.70350879149474,4.586937976471886,Train
DTXSID1044514,0.034482758620689655,0.006896551724137931,0.2,Train
DTXSID9023170,0.40625,0.3406439393939394,1.9287301521985911,Train
DTXSID4027658,0.5555555555555556,0.46239511823035856,2.3664319132398464,Train
DTXSID5020447,0.6111111111111112,0.5891859011469371,3.6,Train
DTXSID2027593,0.5,0.42711779448621545,1.7204650534085255,Train
DTXSID5048893,0.5135135135135135,0.42020630212679483,2.814249455894058,Train
DTXSID0049076,0.6481481481481481,0.6061072065506556,4.363484845854286,Train
DTXSID4034869,0.7846153846153846,0.6751661037375323,5.095095681142799,Train
DTXSID3048657,0.6883116883116883,0.611787774943697,5.40740233383831,Train
DTXSID3040271,0.6206896551724138,0.5761314712633171,2.4979991993593593,Train
DTXSID3041954,0.45454545454545453,0.42693096377306905,2.2181073012818837,Train
DTXSID2044719,0.5555555555555556,0.5387687357445422,3.417601498127013,Train
DTXSID6020694,0.7619047619047619,0.7249874686716792,2.5534290669607413,Train
DTXSID3034458,0.8082191780821918,0.6282608915920012,4.6303347611160905,Train
DTXSID5032600,0.6511627906976745,0.6294903179236104,4.123105625617661,Train
DTXSID0044446,0.6666666666666666,0.6168937048503611,2.5455844122715714,Train
DTXSID6022719,0.7341772151898734,0.7005686590112352,6.471475874945376,Train
DTXSID5024637,0.5714285714285714,0.4798558897243108,1.7776388834631178,Train
DTXSID4026137,0.5185185185185185,0.4870740740740741,2.5377155080899043,Train
DTXSID8029159,0.631578947368421,0.5230075187969925,2.449489742783178,Train
DTXSID5024506,0.5333333333333333,0.5110144927536232,2.5845695966640174,Train
DTXSID8026727,0.4642857142857143,0.3551648351648352,1.7888543819998317,Train
DTXSID3029231,0.5625,0.4470695970695971,1.6492422502470645,Train
DTXSID7044340,0.7333333333333333,0.6099666051866757,4.358898943540674,Train
DTXSID7032688,0.5079365079365079,0.3928452082587421,3.6221540552549665,Train
DTXSID4057843,0.7037037037037037,0.6717574717574717,3.3526109228480423,Train
DTXSID2023010,0.7666666666666667,0.7270833333333334,3.720215047547655,Train
DTXSID7045287,0.45714285714285713,0.4290989729225023,3.0724582991474434,Train
DTXSID8024105,0.5,0.39794050343249426,1.949358868961793,Train
DTXSID1020770,0.8,0.729642857142857,3.039736830714133,Train
DTXSID8029153,0.39285714285714285,0.32713808541394745,1.8330302779823362,Train
DTXSID1044198,0.6119402985074627,0.48991684041719274,4.862098312457287,Train
DTXSID5026544,0.6857142857142857,0.6202116402116402,3.2310988842807027,Train
DTXSID0032998,0.5294117647058824,0.48014705882352937,2.4657656011875906,Train
DTXSID1048704,0.5,0.296,1.7435595774162695,Train
DTXSID9021215,0.6296296296296297,0.598268475849121,2.7928480087537886,Train
DTXSID9046023,0.717948717948718,0.7039468864468865,4.044749683231337,Train
DTXSID2047804,0.48333333333333334,0.4109084972752205,3.4292856398964497,Train
DTXSID6040290,0.6046511627906976,0.5409791353028061,3.752332607858744,Train
DTXSID9044401,0.5555555555555556,0.5323748473748473,2.2715633383201093,Train
DTXSID5020021,0.6296296296296297,0.4990040460628696,2.5768197453450252,Train
DTXSID9029302,0.48,0.2723561076604555,1.8654758106177631,Train
DTXSID9041813,0.65,0.5623343079922027,2.2891046284519194,Train
DTXSID0047408,0.48717948717948717,0.45170967267741463,3.1368774282716245,Train
DTXSID7021100,0.47368421052631576,0.37974117595426965,2.3916521486202797,Train
DTXSID2047307,0.7049180327868853,0.628964999713608,5.011985634456667,Train
DTXSID6042232,0.5,0.442633496359859,2.253885533916929,Train
DTXSID0046486,0.6166666666666667,0.4826252974339228,3.7894590642992836,Train
DTXSID5033389,0.5967741935483871,0.43172806386180723,3.841874542459709,Train
DTXSID6029171,0.6842105263157895,0.5703474372205022,1.8110770276274835,Train
DTXSID3041617,0.6458333333333334,0.6023514557338087,4.034848200366403,Train
DTXSID2049268,0.5172413793103449,0.5,3.2062439083762797,Train
DTXSID9020245,0.5555555555555556,0.49972649572649563,2.778488797889961,Train
DTXSID4051900,0.4642857142857143,0.42884646962233175,2.4413111231467406,Train
DTXSID5022560,0.5692307692307692,0.4932080048012251,4.1182520563948,Train
DTXSID5057674,0.5405405405405406,0.4862432105321243,2.877498913987632,Train
DTXSID3044334,0.5652173913043478,0.5260869565217391,2.039607805437114,Train
DTXSID3048992,0.6914893617021277,0.669755033065879,6.26418390534633,Train
DTXSID6044856,0.5625,0.4920066413662239,3.237282811247729,Train
DTXSID5027770,0.6451612903225806,0.49251946607341496,2.9664793948382653,Train
DTXSID7044473,0.45454545454545453,0.4290126105778279,1.9078784028338913,Train
DTXSID3022320,0.5769230769230769,0.559067155067155,2.764054992217051,Train
DTXSID1022057,0.6666666666666666,0.3833333333333333,1.5620499351813308,Train
DTXSID7022043,0.5909090909090909,0.5019433465085639,2.3916521486202797,Train
DTXSID5032361,0.7272727272727273,0.7093297507090611,3.0659419433511785,Train
DTXSID7024299,0.7205882352941176,0.7025354969574037,5.374011537017761,Train
DTXSID4044876,0.4444444444444444,0.3675158911772184,2.0199009876724157,Train
DTXSID8029282,0.5333333333333333,0.47892773892773893,2.925747767665559,Train
DTXSID5021754,0.7,0.6295714285714287,2.727636339397171,Train
DTXSID0046480,0.6708860759493671,0.6398566789639408,6.37808748764079,Train
DTXSID6024886,0.6666666666666666,0.4,1.0954451150103324,Train
DTXSID6044808,0.6190476190476191,0.53967203644623,2.505992817228334,Train
DTXSID8021515,0.42105263157894735,0.41461988304093567,2.764054992217051,Train
DTXSID0022010,0.3157894736842105,0.27401913875598083,1.61245154965971,Train
DTXSID6046000,0.7313432835820896,0.6656996494524954,5.491812087098393,Train
DTXSID7027594,0.5932203389830508,0.5411832527495882,4.404543109109048,Train
DTXSID3046580,0.5641025641025641,0.5095970695970695,3.687817782917155,Train
DTXSID6047072,0.7317073170731707,0.7022676608730898,3.682390527904394,Train
DTXSID5025607,0.5714285714285714,0.4415809996455158,2.4819347291981715,Train
DTXSID5020815,0.8,0.7814428295178093,3.2984845004941286,Train
DTXSID8044389,0.6666666666666666,0.6159139784946236,2.5922962793631443,Train
DTXSID2036827,0.5294117647058824,0.49457800511508954,1.9078784028338915,Train
DTXSID1037511,0.5416666666666666,0.4673074177197115,2.5845695966640174,Train
DTXSID7044841,0.6153846153846154,0.5632545476792561,3.757658845611187,Train
DTXSID5045881,0.6285714285714286,0.5829929547576607,3.52703841770968,Train
DTXSID8049412,0.6666666666666666,0.6206989247311827,3.1874754901018454,Train
DTXSID5042243,0.4166666666666667,0.35083088954056696,2.4979991993593593,Train
DTXSID2047197,0.6470588235294118,0.5504643962848298,3.212475680841802,Train
DTXSID9021764,0.5882352941176471,0.5301470588235294,2.0,Train
DTXSID9022603,0.7,0.6645791245791246,3.815756805667783,Train
DTXSID1041847,0.13043478260869565,0.08778467908902692,1.0583005244258363,Train
DTXSID9048778,0.6666666666666666,0.6409855641434589,4.256759330758553,Train
DTXSID3023685,0.5675675675675675,0.5308305866842453,3.4409301068170506,Train
DTXSID5025312,0.55,0.5310289855072463,2.6758176320519302,Train
DTXSID5023740,0.7142857142857143,0.6596853173099919,5.377731863899501,Train
DTXSID4042094,0.6,0.4181822443292794,2.870540018881465,Train
DTXSID2021818,0.6,0.521058352402746,2.23606797749979,Train
DTXSID7047358,0.7654320987654321,0.7152355588902706,6.321392251711644,Train
DTXSID0045090,0.5128205128205128,0.37834161452582504,2.6076809620810595,Train
DTXSID1048916,0.6666666666666666,0.5874754165694932,3.5496478698597698,Train
DTXSID1020483,0.5,0.44892307692307687,2.1354156504062622,Train
DTXSID8047848,0.7142857142857143,0.6719749694749695,4.147288270665545,Train
DTXSID1027764,0.4583333333333333,0.41133004926108374,2.4413111231467406,Train
DTXSID9040714,0.5909090909090909,0.5806324110671937,2.705549851693737,Train
DTXSID7025716,0.6153846153846154,0.5732933732933733,2.8354893757515653,Train
DTXSID4027997,0.72,0.7080884418901661,3.5156791662493894,Train
DTXSID2026496,0.5675675675675675,0.44695255509209,3.0659419433511785,Train
DTXSID6049222,0.5517241379310345,0.43957559681697606,2.764054992217051,Train
DTXSID8026220,0.6206896551724138,0.5476912882463766,3.117691453623979,Train
DTXSID1045538,0.6285714285714286,0.5897048972494197,5.8,Train
DTXSID8024498,0.5652173913043478,0.5011387163561076,1.9595917942265426,Train
DTXSID1041346,0.4878048780487805,0.40265311653116526,2.6907248094147422,Train
DTXSID3026691,0.5652173913043478,0.5268686868686869,2.6076809620810595,Train
DTXSID3045190,0.65,0.6042869875222816,3.6055512754639896,Train
DTXSID3057725,0.6956521739130435,0.5867555111333222,2.4166091947189146,Train
DTXSID5044578,0.56,0.48607407407407416,2.383275057562597,Train
DTXSID5020607,0.2777777777777778,0.18277777777777776,1.385640646055102,Train
DTXSID2024662,0.7647058823529411,0.757747866520724,6.396874236687791,Train
DTXSID1047815,0.5833333333333334,0.5450365726227796,2.5298221281347035,Train
DTXSID3024944,0.7241379310344828,0.7098890554722638,3.6823905279043943,Train
DTXSID5044314,0.4117647058823529,0.3133735931648645,2.08806130178211,Train
DTXSID1044934,0.7727272727272727,0.76993006993007,3.0659419433511785,Train
DTXSID3045778,0.6122448979591837,0.5755937394625491,4.578209256903839,Train
DTXSID1037565,0.575,0.511244358478401,3.2741411087489802,Train
DTXSID7037551,0.45454545454545453,0.42714438502673796,1.969771560359221,Train
DTXSID3026512,0.0,0.0,0.0,Train
DTXSID5023453,0.625,0.549745841995842,2.4657656011875906,Train
DTXSID3041085,0.47540983606557374,0.4348273620659263,3.655133376499413,Train
DTXSID6046264,0.5476190476190477,0.4614803814803814,2.918903903865285,Train
DTXSID5044867,0.48148148148148145,0.47749287749287744,3.212475680841802,Train
DTXSID2048745,0.6666666666666666,0.6265514327224191,5.385164807134504,Train
DTXSID2034673,0.609375,0.5536046944858419,5.138093031466052,Train
DTXSID5023877,0.5,0.4533363844393593,2.0591260281974004,Train
DTXSID0020369,0.7674418604651163,0.7619022639655617,4.52990066116245,Train
DTXSID6020434,0.5833333333333334,0.2833333333333333,1.1135528725660044,Train
DTXSID2022121,0.625,0.557539403321137,2.4083189157584592,Train
DTXSID0045591,0.6,0.5821387790953009,4.7791212581394085,Train
DTXSID8021563,0.5,0.4242105263157894,1.8110770276274835,Train
DTXSID7027966,0.5185185185185185,0.46455026455026455,2.8284271247461903,Train
DTXSID3038800,0.35714285714285715,0.2852881032011467,2.3916521486202797,Train
DTXSID6020648,0.6818181818181818,0.6534387113756277,4.3817804600413295,Train
DTXSID6024127,0.0,0.0,0.0,Train
DTXSID8023713,0.58,0.441765393876849,2.734958866235469,Train
DTXSID3045437,0.5,0.4454605263157895,2.5219040425836985,Train
DTXSID2022678,0.7058823529411765,0.6494343775558198,5.110772935672255,Train
DTXSID4021347,0.7666666666666667,0.6483858070964518,2.979932885150268,Train
DTXSID3023132,0.6666666666666666,0.5874095796676441,4.621688003316537,Train
DTXSID8034089,0.7647058823529411,0.677359781121751,4.312771730569565,Train
DTXSID3023007,0.5555555555555556,0.5335940335940336,3.423448553724738,Train
DTXSID1027556,0.5263157894736842,0.4565452091767881,1.42828568570857,Train
DTXSID8023393,0.7432432432432432,0.7047059247059246,5.1884487084291395,Train
DTXSID4045472,0.5365853658536586,0.4284349215551336,2.6907248094147422,Train
DTXSID6048967,0.7101449275362319,0.6962366148142348,5.520869496736904,Train
DTXSID8046743,0.71875,0.688679471520122,5.374011537017761,Train
DTXSID9049037,0.65625,0.5099436936936936,3.7894590642992836,Train
DTXSID0022014,0.42105263157894735,0.3765531475748194,1.1661903789690602,Train
DTXSID3026148,0.7222222222222222,0.5754960317460318,3.3466401061363023,Train
DTXSID7045863,0.6041666666666666,0.4914675357322416,2.9933259094191533,Train
DTXSID2046096,0.5172413793103449,0.4877445721583652,2.9933259094191533,Train
DTXSID0043761,0.4827586206896552,0.46137635789151493,2.4331050121192876,Train
DTXSID0049319,0.6470588235294118,0.5815845918787095,1.9595917942265426,Train
DTXSID0057708,0.6153846153846154,0.5672977693101532,3.5042830935870466,Train
DTXSID5042378,0.75,0.6916636219705273,2.6981475126464085,Train
DTXSID8041452,0.625,0.5840262685034654,3.0659419433511785,Train
DTXSID3034402,0.5384615384615384,0.4432903606607234,3.5496478698597698,Train
DTXSID7044849,0.7777777777777778,0.7455751480320446,3.1304951684997055,Train
DTXSID2044973,0.5454545454545454,0.4582575757575758,2.7422618401604177,Train
DTXSID6042494,0.64,0.5872857142857144,3.0133038346638723,Train
DTXSID2027591,0.65625,0.5040872434017596,3.1240998703626617,Train
DTXSID1020566,0.6,0.539264705882353,2.2181073012818833,Train
DTXSID0026202,0.48148148148148145,0.42816442816442823,2.513961017995307,Train
DTXSID7048908,0.6805555555555556,0.46273349048180296,3.687817782917155,Train
DTXSID9024304,0.7846153846153846,0.6598873233179368,4.64327470649756,Train
DTXSID3044835,0.6097560975609756,0.5442054693274205,3.2924155266308657,Train
DTXSID1048590,0.5882352941176471,0.4722818358112476,4.595650117230424,Train
DTXSID9025409,0.6338028169014085,0.5010165157612341,3.9648455203198023,Train
DTXSID6025355,0.47058823529411764,0.4498529411764706,2.2715633383201093,Train
DTXSID3045697,0.5151515151515151,0.43583518107908353,2.280350850198276,Train
DTXSID6025012,0.7222222222222222,0.691468253968254,2.5922962793631443,Train
DTXSID3024102,0.6923076923076923,0.6509911827303132,4.209513035969837,Train
DTXSID5046225,0.6333333333333333,0.5917733990147783,3.117691453623979,Train
DTXSID3047265,0.7272727272727273,0.6803336536496734,4.987985565335971,Train
DTXSID1027479,0.6176470588235294,0.5630311497168681,3.1304951684997055,Train
DTXSID5045623,0.5370370370370371,0.4702971261828354,3.852272056851645,Train
DTXSID6026612,0.5517241379310345,0.49338186462324385,2.340939982143925,Train
DTXSID6020692,0.8125,0.7529761904761905,2.009975124224178,Train
DTXSID0023323,0.7666666666666667,0.6525760384714779,3.32264954516723,Train
DTXSID5022984,0.5223880597014925,0.472146908673224,3.736308338453881,Train
DTXSID6021377,0.7692307692307693,0.6196037296037296,2.0099751242241783,Train
DTXSID7040283,0.5909090909090909,0.5194752574836726,2.5298221281347035,Train
DTXSID7020182,0.5,0.42873760488176965,2.262741699796952,Train
DTXSID8044464,0.48,0.41834900649222895,1.854723699099141,Train
DTXSID5033098,0.65625,0.5458333333333333,2.4738633753705965,Train
DTXSID9044164,0.13636363636363635,0.06363636363636363,0.8717797887081349,Train
DTXSID3046457,0.7391304347826086,0.7038300829605177,4.551922670696417,Train
DTXSID7021499,0.625,0.5928571428571429,2.227105745132009,Train
DTXSID0057704,0.6274509803921569,0.6081416406264276,3.2186953878862163,Train
DTXSID6041638,0.47619047619047616,0.41529403218190397,1.9390719429665317,Train
DTXSID1025271,0.55,0.49609523809523814,2.209072203437452,Train
DTXSID4048694,0.71875,0.6804935179199885,3.560898762952971,Train
DTXSID0044735,0.5217391304347826,0.47265576613402704,2.280350850198276,Train
DTXSID7024160,0.6329113924050633,0.4577424298050984,4.13763217311544,Train
DTXSID4032536,0.22033898305084745,0.17369305462685697,2.6,Train
DTXSID3041405,0.48484848484848486,0.45032595882927956,3.046309242345564,Train
DTXSID7022124,0.5925925925925926,0.5075517075517075,2.65329983228432,Train
DTXSID2041886,0.6730769230769231,0.5736397748592872,3.9648455203198023,Train
DTXSID8047341,0.7241379310344828,0.5884550521322497,5.1536394906900505,Train
DTXSID1023609,0.48717948717948717,0.4082751656945205,2.821347195933177,Train
DTXSID8024284,0.5769230769230769,0.49823880969391804,2.0591260281974,Train
DTXSID3025465,0.55,0.5015956221198156,2.734958866235469,Train
DTXSID8041799,0.6808510638297872,0.6322316747728324,4.123105625617661,Train
DTXSID4024640,0.4666666666666667,0.4007142857142857,1.7549928774784245,Train
DTXSID6025692,0.5555555555555556,0.45955555555555555,2.7129319932501077,Train
DTXSID4047381,0.75,0.7211084032098843,6.082762530298219,Train
DTXSID2023434,0.6071428571428571,0.3346356421356421,1.4832396974191329,Train
DTXSID0052598,0.6,0.5238277511961722,2.280350850198276,Train
DTXSID7046207,0.7093023255813954,0.6600849583612922,6.321392251711643,Train
DTXSID6048834,0.6716417910447762,0.6262054974631436,4.907137658554118,Train
DTXSID2043874,0.5,0.4661946169772257,2.2627416997969525,Train
DTXSID7023481,0.5230769230769231,0.47433197255647935,4.340506882842141,Train
DTXSID2025688,0.6666666666666666,0.6285714285714286,2.253885533916929,Train
DTXSID0057625,0.49411764705882355,0.38530079808710793,4.512205669071391,Train
DTXSID3020097,0.7058823529411765,0.6678003960204772,4.525483399593905,Train
DTXSID7045813,0.7763157894736842,0.6801038137600607,4.841487374764082,Train
DTXSID0034936,0.5,0.42480519480519485,3.370459909270543,Train
DTXSID2047357,0.72,0.6142663423278887,5.095095681142799,Train
DTXSID8047551,0.3333333333333333,0.2726075268817204,2.3579652245103193,Train
DTXSID4040686,0.5714285714285714,0.5020264353119446,2.8354893757515653,Train
DTXSID1046396,0.6527777777777778,0.4764883489627735,4.044749683231338,Train
DTXSID1035288,0.5769230769230769,0.5,3.104834939252005,Train
DTXSID4045345,0.7,0.6516883116883117,2.9461839725312475,Train
DTXSID9040685,0.7931034482758621,0.7682341648324773,4.512205669071391,Train
DTXSID5037739,0.5,0.38417874396135265,1.886796226411321,Train
DTXSID5021413,0.6333333333333333,0.5811963109354414,2.4657656011875906,Train
DTXSID2042145,0.6521739130434783,0.6235683157422288,3.174901573277509,Train
DTXSID3022409,0.5555555555555556,0.4715873015873015,2.0,Train
DTXSID3046534,0.5555555555555556,0.47697830679575104,2.7129319932501077,Train
DTXSID9048851,0.5882352941176471,0.5583634665987607,3.698648401781386,Train
DTXSID7042514,0.47368421052631576,0.3508771929824561,2.009975124224178,Train
DTXSID1044809,0.5517241379310345,0.501503728422527,3.2,Train
DTXSID1049433,0.6944444444444444,0.6167522178432995,3.3346664001066135,Train
DTXSID9037539,0.65625,0.5033088235294118,3.026549190084311,Train
DTXSID5040704,0.55,0.5336215538847118,2.3065125189341593,Train
DTXSID5057759,0.5918367346938775,0.5447873158587444,3.588871688985272,Train
DTXSID8033649,0.5652173913043478,0.5442687747035573,2.6229754097208002,Train
DTXSID5022647,0.5833333333333334,0.5062164943149663,4.219004621945797,Train
DTXSID1022051,0.6,0.544223602484472,2.489979919597747,Train
DTXSID6049430,0.6590909090909091,0.6105549773494025,3.358571124749333,Train
DTXSID9022948,0.6764705882352942,0.6549095022624435,3.5608987629529714,Train
DTXSID1034187,0.5869565217391305,0.3270769675218614,2.1447610589527217,Train
DTXSID7027178,0.7222222222222222,0.680859199280252,2.340939982143925,Train
DTXSID5044732,0.65,0.5775438596491227,2.6229754097208007,Train
DTXSID4036489,0.6031746031746031,0.5443847072879332,4.171330722922843,Train
DTXSID5044863,0.4782608695652174,0.4638454106280193,2.4494897427831783,Train
DTXSID4057633,0.660377358490566,0.649383705565063,5.6000000000000005,Train
DTXSID6044561,0.6046511627906976,0.5457653973933043,3.773592452822642,Train
DTXSID2044769,0.6,0.5078176452314384,2.4899799195977463,Train
DTXSID0044521,0.5405405405405406,0.4055937402920161,2.154065922853802,Train
DTXSID0021464,0.625,0.5997899159663865,2.0976176963403033,Train
DTXSID6020145,0.75,0.7032566710894884,2.1354156504062622,Train
DTXSID4026181,0.6363636363636364,0.5617059767334178,3.3105890714493698,Train
DTXSID8024999,0.4,0.33641025641025635,1.9798989873223332,Train
DTXSID8029315,0.5172413793103449,0.5032332220986281,3.3105890714493698,Train
DTXSID5045752,0.6440677966101694,0.5840488478440127,4.762352359916264,Train
DTXSID9027104,0.4074074074074074,0.2773790971897564,1.4832396974191329,Train
DTXSID2029612,0.5294117647058824,0.31479500891265594,2.2,Train
DTXSID6046634,0.6744186046511628,0.6033642711129104,3.725587202039432,Train
DTXSID9026924,0.4666666666666667,0.20999999999999996,1.0,Train
DTXSID4023202,0.6774193548387096,0.6330645161290323,3.9293765408777004,Train
DTXSID3026984,0.43333333333333335,0.3717241379310345,2.340939982143925,Train
DTXSID1023495,0.75,0.7397617420173812,3.893584466786357,Train
DTXSID6022393,0.6176470588235294,0.5547794117647059,3.3585711247493335,Train
DTXSID4051580,0.64,0.6098741258741259,2.6457513110645907,Train
DTXSID8047713,0.5277777777777778,0.4735153377088861,2.615339366124404,Train
DTXSID9020110,0.6438356164383562,0.601902038362477,4.849742261192857,Train
DTXSID7048619,0.7441860465116279,0.7162552317102617,5.03189825016365,Train
DTXSID4032378,0.625,0.4965909090909091,2.7422618401604177,Train
DTXSID2044767,0.44,0.4060124223602485,2.227105745132009,Train
DTXSID2026739,0.56,0.4745952380952382,2.2181073012818833,Train
DTXSID4034576,0.52,0.4546521739130435,2.340939982143925,Train
DTXSID1021378,0.5714285714285714,0.49230769230769234,1.6970562748477143,Train
DTXSID5046483,0.5285714285714286,0.43980907128933444,3.867815921162743,Train
DTXSID1047150,0.5,0.44163984674329504,2.778488797889961,Train
DTXSID4051536,0.6666666666666666,0.5916363636363636,2.764054992217051,Train
DTXSID0020151,0.37037037037037035,0.35180149607735817,2.2715633383201093,Train
DTXSID8022404,0.42857142857142855,0.36523809523809525,1.6370705543744901,Train
DTXSID1049271,0.625,0.5896020761553495,3.6932370625238775,Train
DTXSID8024866,0.6730769230769231,0.6200261032710662,4.638965401897281,Train
DTXSID1045328,0.6111111111111112,0.5215712471810032,3.3763886032268267,Train
DTXSID2030695,0.6153846153846154,0.5250652271704903,3.4698703145794947,Train
DTXSID5021334,0.7,0.6488636363636363,2.5922962793631443,Train
DTXSID5046190,0.6071428571428571,0.5890529492996286,3.676955262170047,Train
DTXSID1047601,0.5652173913043478,0.4971158764509148,2.489979919597747,Train
DTXSID0044656,0.631578947368421,0.6162045636968237,2.5219040425836985,Train
DTXSID7052735,0.6153846153846154,0.6002943143812709,2.925747767665559,Train
DTXSID8046242,0.5384615384615384,0.4012773118694171,2.7928480087537886,Train
DTXSID8037754,0.7307692307692307,0.7042730602730604,3.3763886032268267,Train
DTXSID0021545,0.5,0.4723809523809524,1.9798989873223332,Train
DTXSID9034232,0.5319148936170213,0.4626892850297105,3.2496153618543846,Train
DTXSID5048188,0.5555555555555556,0.5155195681511471,2.04939015319192,Train
DTXSID5025815,0.6274509803921569,0.4698375154257507,3.3166247903554003,Train
DTXSID9021899,0.5769230769230769,0.5435664335664334,2.3323807579381204,Train
DTXSID4057637,0.6578947368421053,0.585373110194842,2.925747767665559,Train
DTXSID3021140,0.5,0.4541666666666667,1.685229954635272,Train
DTXSID7041209,0.7142857142857143,0.6823920265780731,4.132795663954365,Train
DTXSID4020329,0.7910447761194029,0.7588807148368166,5.396295025292817,Train
DTXSID5037072,0.5925925925925926,0.5200222779170148,2.4166091947189146,Train
DTXSID7049003,0.4230769230769231,0.3610975980541198,3.1685959035509716,Train
DTXSID7057787,0.5813953488372093,0.49607759556596764,3.22490309931942,Train
DTXSID3021936,0.4,0.38,2.3151673805580453,Train
DTXSID9020089,0.6896551724137931,0.6799625244981196,3.752332607858744,Train
DTXSID1047576,0.675,0.5602892069171139,3.7576588456111875,Train
DTXSID8041668,0.4,0.354264705882353,1.4000000000000001,Train
DTXSID3044916,0.4482758620689655,0.41108374384236457,3.1240998703626617,Train
DTXSID7046966,0.7111111111111111,0.6862497394204711,3.5042830935870466,Train
DTXSID7041201,0.14285714285714285,0.11212938005390835,1.8439088914585775,Train
DTXSID0046060,0.5365853658536586,0.4882573347472605,3.63318042491699,Train
DTXSID5024845,0.7014925373134329,0.6920708923880445,5.149757275833493,Train
DTXSID2025395,0.8,0.7881318681318682,2.5922962793631443,Train
DTXSID6024880,0.6875,0.6600108225108225,2.280350850198276,Train
DTXSID6042365,0.6829268292682927,0.6500993594588376,4.498888751680798,Train
DTXSID2047777,0.5714285714285714,0.5281096681096681,2.749545416973504,Train
DTXSID5042613,0.5396825396825397,0.43939142596929476,4.1521078984053394,Train
DTXSID2045654,0.6756756756756757,0.660548048048048,3.594440151122286,Train
DTXSID3021192,0.6078431372549019,0.5097411046798582,3.97994974842648,Train
DTXSID4025082,0.0,0.0,0.0,Train
DTXSID0047953,0.42857142857142855,0.35619047619047617,1.9697715603592212,Train
DTXSID5032365,0.5909090909090909,0.5463636363636364,2.262741699796952,Train
DTXSID3024869,0.5925925925925926,0.5576719576719575,3.0,Train
DTXSID2024242,0.6071428571428571,0.5240063464017525,3.714835124201342,Train
DTXSID0046850,0.6060606060606061,0.5809934786073835,4.91121166312347,Train
DTXSID4026216,0.5806451612903226,0.49831436639000604,2.505992817228334,Train
DTXSID3028005,0.5,0.47186206896551725,2.4166091947189146,Train
DTXSID6041420,0.625,0.535064935064935,2.4166091947189146,Train
DTXSID3047891,0.55,0.5100329380764164,2.3748684174075834,Train
DTXSID1047283,0.7640449438202247,0.73144796993791,6.381222453417528,Train
DTXSID1044938,0.5909090909090909,0.5723674875848788,2.4738633753705965,Train
DTXSID4026975,0.47058823529411764,0.4328682939451441,2.553429066960741,Train
DTXSID0044363,0.0,0.0,0.0,Train
DTXSID0021125,0.5128205128205128,0.4704448694238825,2.6758176320519302,Train
DTXSID8046903,0.6166666666666667,0.5317121212121212,4.538722287164087,Train
DTXSID4026894,0.38461538461538464,0.210989010989011,0.8485281374238571,Train
DTXSID7032559,0.22033898305084745,0.10121065375302662,1.7088007490635062,Train
DTXSID6020779,0.509090909090909,0.4227394376081973,3.5832945734337835,Train
DTXSID6041636,0.5483870967741935,0.46405913978494623,2.5298221281347035,Train
DTXSID7046388,0.6428571428571429,0.6021556579621096,3.32264954516723,Train
DTXSID2032392,0.6323529411764706,0.47549634273772207,3.984971769034255,Train
DTXSID5027308,0.53125,0.47005479735318445,2.821347195933177,Train
DTXSID6042440,0.6615384615384615,0.5253527937843995,3.8574603043971822,Train
DTXSID9037749,0.5581395348837209,0.48540619107479577,2.9597297173897483,Train
DTXSID5044788,0.5333333333333333,0.44999267399267395,2.3579652245103193,Train
DTXSID0044606,0.5555555555555556,0.5207731157731157,3.4583232931581165,Train
DTXSID3041873,0.55,0.39272727272727276,2.7928480087537886,Train
DTXSID2046094,0.6966292134831461,0.6579261312969178,5.685068161420758,Train
DTXSID9047962,0.5,0.3784188034188034,1.6248076809271923,Train
DTXSID3044463,0.6,0.5467048054919909,2.2715633383201097,Train
DTXSID9040554,0.631578947368421,0.5324609021665221,3.3166247903554003,Train
DTXSID9045633,0.4305555555555556,0.2635656303386168,2.8354893757515653,Train
DTXSID7034674,0.6176470588235294,0.5518601723602108,4.454211490264018,Train
DTXSID8034085,0.53125,0.4915966386554622,2.584569596664017,Train
DTXSID9035206,0.7058823529411765,0.6189542483660131,2.2,Train
DTXSID6025569,0.44,0.388997150997151,2.0,Train
DTXSID5027069,0.5555555555555556,0.48397759103641463,1.9595917942265426,Train
DTXSID2048795,0.6595744680851063,0.6125077611398994,4.190465367951393,Train
DTXSID8046610,0.74,0.723042735042735,5.287721626560915,Train
DTXSID4057760,0.6458333333333334,0.626218524625396,4.214261501141095,Train
DTXSID4020450,0.6,0.5225319185645273,2.584569596664017,Train
DTXSID8046244,0.6521739130434783,0.5710062111801243,2.9189039038652846,Train
DTXSID7045441,0.6842105263157895,0.6611571686749095,4.17612260356422,Train
DTXSID3025590,0.6428571428571429,0.5119354329880645,1.661324772583615,Train
DTXSID3042390,0.7391304347826086,0.6289304640608988,2.898275349237888,Train
DTXSID6024674,0.5862068965517241,0.5121100164203612,3.05286750449475,Train
DTXSID1045588,0.5172413793103449,0.48293341808358486,3.0463092423455636,Train
DTXSID7033105,0.46296296296296297,0.3471459419787687,3.0199337741083,Train
DTXSID2046200,0.6792452830188679,0.5656253220725095,3.655133376499413,Train
DTXSID9041075,0.6153846153846154,0.5911361156573922,3.6769552621700474,Train
DTXSID4023620,0.6739130434782609,0.6252203055135098,4.732863826479693,Train
DTXSID1020512,0.65,0.6174269005847953,2.08806130178211,Train
DTXSID4047705,0.2857142857142857,0.1871428571428571,1.7776388834631178,Train
DTXSID5020570,0.7547169811320755,0.48087902639245994,2.8425340807103794,Train
DTXSID1041263,0.48,0.40384030784030783,2.1071307505705477,Train
DTXSID9045891,0.5172413793103449,0.44047184488563795,2.553429066960741,Train
DTXSID5022982,0.3968253968253968,0.31434433018121394,2.615339366124404,Train
DTXSID9045922,0.5866666666666667,0.531695059244355,4.862098312457287,Train
DTXSID9047174,0.30303030303030304,0.2968917112299465,2.90516780926679,Train
DTXSID1042360,0.6363636363636364,0.5917566832615153,3.939543120718442,Train
DTXSID2050403,0.5909090909090909,0.5172413793103449,2.3748684174075834,Train
DTXSID1046847,0.6333333333333333,0.6013495276653171,4.707440918375928,Train
DTXSID6029202,0.4230769230769231,0.3793048433048433,2.2891046284519194,Train
DTXSID7021657,0.38095238095238093,0.3220728291316527,1.3114877048604001,Train
DTXSID6021901,0.36363636363636365,0.34973262032085567,2.4413111231467406,Train
DTXSID9033187,0.5853658536585366,0.44449276308153224,2.553429066960741,Train
DTXSID5022980,0.75,0.6506956157750284,5.344155686354955,Train
DTXSID5041726,0.543859649122807,0.4988663163123904,4.280186911806539,Train
DTXSID4023254,0.5714285714285714,0.4944047619047619,2.870540018881465,Train
DTXSID7029879,0.6976744186046512,0.6443182378728449,6.4,Train
DTXSID8035423,0.5652173913043478,0.505554399833576,2.078460969082653,Train
DTXSID8022292,0.48484848484848486,0.3874165898140812,3.423448553724738,Train
DTXSID7024081,0.7142857142857143,0.6693236714975846,2.986636904613616,Train
DTXSID3057642,0.6,0.5505369807497467,3.605551275463989,Train
DTXSID1025857,0.6,0.4749767462810941,2.078460969082653,Train
DTXSID0045597,0.675,0.6566246498599438,4.494441010848846,Train
DTXSID1049308,0.6666666666666666,0.6035964912280701,2.23606797749979,Train
DTXSID6022977,0.5882352941176471,0.307563025210084,1.3114877048604001,Train
DTXSID2022674,0.46153846153846156,0.41985300929500047,3.888444419044716,Train
DTXSID0021626,0.5384615384615384,0.49535110987016606,2.1725560982400434,Train
DTXSID7047693,0.7333333333333333,0.7085849802371541,3.1622776601683795,Train
DTXSID6023369,0.6666666666666666,0.6032446483393642,3.964845520319802,Train
DTXSID0024052,0.8,0.778862101470797,3.0854497241083023,Train
DTXSID2046090,0.6792452830188679,0.6054561026742343,4.039801975344831,Train
DTXSID2032342,0.6944444444444444,0.6754789272030651,4.044749683231338,Train
DTXSID8027454,0.631578947368421,0.5985269116848064,2.6758176320519302,Train
DTXSID1026293,0.6,0.5500739432733693,3.872983346207417,Train
DTXSID2024086,0.46875,0.40478774486383184,1.9697715603592212,Train
DTXSID1034929,0.7590361445783133,0.7124810326655887,4.959838707054898,Train
DTXSID9023540,0.7027027027027027,0.653377275234418,4.019950248448357,Train
DTXSID0027802,0.45454545454545453,0.388209398128753,2.6457513110645907,Train
DTXSID2027412,0.2777777777777778,0.19999999999999998,1.4142135623730951,Train
DTXSID9040718,0.5517241379310345,0.48127166575442437,2.6832815729997477,Train
DTXSID6048171,0.7608695652173914,0.7511832370528022,6.138403701289123,Train
DTXSID5044655,0.4583333333333333,0.4271551724137931,2.4083189157584592,Train
DTXSID1037567,0.5454545454545454,0.3537626908470898,2.891366458960192,Train
DTXSID7045447,0.6764705882352942,0.561661119233521,4.17612260356422,Train
DTXSID6033401,0.53125,0.46159006734006736,2.90516780926679,Train
DTXSID6035784,0.6666666666666666,0.502811913504692,3.2434549480453714,Train
DTXSID7034624,0.6811594202898551,0.6362457768059565,4.791659420284375,Train
DTXSID2021577,0.6111111111111112,0.5503587915352621,1.9697715603592212,Train
DTXSID4042256,0.6,0.5616025641025642,2.986636904613616,Train
DTXSID5045386,0.7142857142857143,0.6697326756789672,2.814249455894058,Train
DTXSID8045511,0.49411764705882355,0.43005992198748116,4.409081537009721,Train
DTXSID2046919,0.7441860465116279,0.7220724185375349,4.634652090502588,Train
DTXSID1047946,0.0,0.0,0.0,Train
DTXSID6020569,0.5454545454545454,0.5422459893048128,3.0,Train
DTXSID0044993,0.631578947368421,0.5684541293946328,2.4000000000000004,Train
DTXSID9030707,0.7159090909090909,0.7004202028511397,6.536053855347277,Train
DTXSID0051499,0.5833333333333334,0.5238999906182569,2.383275057562597,Train
DTXSID2026448,0.5555555555555556,0.47374044084570405,1.7204650534085255,Train
DTXSID9026899,0.6470588235294118,0.612671998624011,2.433105012119288,Train
DTXSID8041400,0.6333333333333333,0.5693358395989974,2.778488797889961,Train
DTXSID8025599,0.7037037037037037,0.6597577744316875,2.4576411454889016,Train
DTXSID7024586,0.6206896551724138,0.6018452312305385,3.3105890714493698,Train
DTXSID4024775,0.6666666666666666,0.5973581973581973,1.6733200530681511,Train
DTXSID3044750,0.5,0.4470435446906035,2.3832750575625967,Train
DTXSID8047420,0.47058823529411764,0.4169836355594869,2.4738633753705965,Train
DTXSID8026145,0.8461538461538461,0.817492207139266,2.7129319932501077,Train
DTXSID2023016,0.3958333333333333,0.3394316075714763,2.8000000000000003,Train
DTXSID1021241,0.6379310344827587,0.49351769253642586,4.2,Train
DTXSID8025757,0.5882352941176471,0.5323692810457517,2.009975124224178,Train
DTXSID1041978,0.5614035087719298,0.5263811219514416,4.214261501141095,Train
DTXSID3047972,0.45454545454545453,0.38353998942234235,1.949358868961793,Train
DTXSID8041745,0.5172413793103449,0.45724551088511045,2.340939982143925,Train
DTXSID5045419,0.6046511627906976,0.532807592923872,3.7416573867739413,Train
DTXSID0048181,0.5263157894736842,0.49692982456140344,1.9390719429665317,Train
DTXSID7021318,0.7272727272727273,0.6698989898989899,1.7549928774784245,Train
DTXSID4022107,0.7391304347826086,0.71828762541806,3.1937438845342627,Train
DTXSID5042451,0.7647058823529411,0.7199971854770617,2.5298221281347035,Train
DTXSID0045709,0.546875,0.4908793496957828,4.13763217311544,Train
DTXSID1021617,0.4782608695652174,0.42311539169884194,2.2715633383201097,Train
DTXSID7047196,0.7878787878787878,0.7182500110197552,3.6715119501371642,Train
DTXSID4022652,0.6428571428571429,0.5479593274942112,3.423448553724738,Train
DTXSID5024687,0.5517241379310345,0.5311280443694237,2.6305892875931813,Train
DTXSID8057645,0.6666666666666666,0.6270607505901623,3.2186953878862163,Train
DTXSID3026724,0.42857142857142855,0.39720592451027237,2.340939982143925,Train
DTXSID0025571,0.5294117647058824,0.5165266106442576,2.154065922853802,Train
DTXSID2029298,0.5,0.2846153846153846,2.1817424229271434,Train
DTXSID0023036,0.7021276595744681,0.6850790341503631,4.894895300208167,Train
DTXSID2046911,0.7017543859649122,0.6705664092881075,4.83735464897913,Train
DTXSID0047456,0.7096774193548387,0.6743024874417479,3.0659419433511785,Train
DTXSID7049265,0.6774193548387096,0.6610237643444474,3.212475680841802,Train
DTXSID0023901,0.6756756756756757,0.6346909095980303,4.009987531152684,Train
DTXSID9022601,0.7768595041322314,0.7616063666673862,7.400000000000001,Train
DTXSID9048190,0.7468354430379747,0.6437501444079341,4.48998886412873,Train
DTXSID0034223,0.71875,0.6936340629910404,4.9396356140913875,Train
DTXSID5041356,0.5121951219512195,0.4444978479196557,3.298484500494129,Train
DTXSID9044536,0.7105263157894737,0.6665100250626566,4.363484845854286,Train
DTXSID2021993,0.5862068965517241,0.5013516549995678,2.1447610589527217,Train
DTXSID5034723,0.75,0.7258828567655915,5.2421369688324635,Train
DTXSID4023416,0.6666666666666666,0.5154533689713351,4.132795663954365,Train
DTXSID8044591,0.6,0.5469257706410098,3.1622776601683795,Train
DTXSID0024921,0.7222222222222222,0.6334683148621767,2.32379000772445,Train
DTXSID1022718,0.6451612903225806,0.43013273653341566,4.1036569057366385,Train
DTXSID7042356,0.5172413793103449,0.4748768472906404,2.6758176320519302,Train
DTXSID4041812,0.6666666666666666,0.6399999999999999,2.7568097504180447,Train
DTXSID4020878,0.5,0.41262404092071614,1.7776388834631178,Train
DTXSID6051560,0.6875,0.6446678321678322,2.1633307652783937,Train
DTXSID6041715,0.5671641791044776,0.5064550724534406,4.595650117230423,Train
DTXSID8020593,0.6666666666666666,0.6125437281359319,2.979932885150268,Train
DTXSID2021159,0.52,0.4559546949214468,2.32379000772445,Train
DTXSID6044353,0.41935483870967744,0.3595852534562212,2.144761058952722,Train
DTXSID0045880,0.43902439024390244,0.37281685015377586,2.449489742783178,Train
DTXSID2021151,0.5238095238095238,0.4753501400560224,2.1071307505705477,Train
DTXSID4045139,0.575,0.45627019439588956,2.2891046284519194,Train
DTXSID9042209,0.4666666666666667,0.3866666666666667,2.172556098240043,Train
DTXSID9022312,0.17391304347826086,0.04387351778656127,0.5291502622129182,Train
DTXSID3048948,0.7763157894736842,0.7519732455598807,5.779273310719955,Train
DTXSID5044607,0.5121951219512195,0.4722919655667145,3.4176014981270124,Train
DTXSID0021385,0.6571428571428571,0.61266274696753,3.566510900025402,Train
DTXSID2043903,0.4666666666666667,0.43600414078674943,1.685229954635272,Train
DTXSID3027295,0.7,0.6335087719298246,2.638181191654584,Train
DTXSID5026548,0.71875,0.6283125798212005,3.3045423283716615,Train
DTXSID2047195,0.6944444444444444,0.6346668775036897,3.4351128074635335,Train
DTXSID4042206,0.5135135135135135,0.30337011093407085,1.928730152198591,Train
DTXSID7044421,0.45454545454545453,0.39495467495467496,2.4738633753705965,Train
DTXSID9045762,0.6666666666666666,0.6342199992698331,4.261455150532504,Train
DTXSID2044428,0.56,0.4990562770562771,2.2715633383201097,Train
DTXSID8044963,0.6129032258064516,0.5131340424732422,3.32264954516723,Train
DTXSID9042203,0.5217391304347826,0.4032528849920155,3.1937438845342623,Train
DTXSID3023897,0.6491228070175439,0.5534108084897559,4.019950248448357,Train
DTXSID7021788,0.5135135135135135,0.48290111540111536,2.9120439557122073,Train
DTXSID8022371,0.38181818181818183,0.33620502901353966,2.979932885150268,Train
DTXSID0032655,0.6268656716417911,0.5902197085191948,4.787483681434329,Train
DTXSID5025998,0.6304347826086957,0.3368542614682449,2.4166091947189146,Train
DTXSID7025633,0.45454545454545453,0.4095297805642633,2.1354156504062622,Train
DTXSID6047785,0.6666666666666666,0.652939433447908,4.3266615305567875,Train
DTXSID9047124,0.0,0.0,0.0,Train
DTXSID8025759,0.5,0.45110294117647054,2.5298221281347035,Train
DTXSID6041507,0.5,0.47794871794871796,2.6076809620810595,Train
DTXSID5030955,0.717948717948718,0.6737255329023961,3.521363372331802,Train
DTXSID4024644,0.6470588235294118,0.5552521008403362,2.2978250586152114,Train
DTXSID5052254,0.631578947368421,0.5891395154553049,2.4000000000000004,Train
DTXSID0025234,0.4897959183673469,0.4026400673331195,3.1874754901018454,Train
DTXSID7051474,0.55,0.5334449760765549,2.7422618401604177,Train
DTXSID4021006,0.68,0.6038888888888889,2.65329983228432,Train
DTXSID3047633,0.2222222222222222,0.19333333333333333,1.5874507866387544,Train
DTXSID8040278,0.5681818181818182,0.5117079414330793,3.243454948045371,Train
DTXSID4021393,0.3125,0.1431818181818182,0.9165151389911681,Train
DTXSID3045562,0.5,0.4631868131868132,3.304542328371661,Train
DTXSID1057612,0.5818181818181818,0.4359172651951669,3.22490309931942,Train
DTXSID6025303,0.5428571428571428,0.47484045366398303,3.0854497241083028,Train
DTXSID5047956,0.48484848484848486,0.3869401403194507,2.1725560982400434,Train
DTXSID4024143,0.7777777777777778,0.6195531563952617,2.4248711305964283,Train
DTXSID3044706,0.7272727272727273,0.6149309183791942,3.0983866769659336,Train
DTXSID6025307,0.4,0.2944385026737968,1.876166303929372,Train
DTXSID3048786,0.6931818181818182,0.46517655844965083,4.132795663954366,Train
DTXSID0038881,0.4897959183673469,0.3698892659296386,2.5377155080899043,Train
DTXSID5033674,0.6181818181818182,0.5362569310122501,3.954743986657038,Train
DTXSID1049229,0.0,0.0,0.0,Train
DTXSID1032355,0.7288135593220338,0.682642647552684,4.458699361921591,Train
DTXSID1045748,0.5849056603773585,0.5488654639598036,3.298484500494128,Train
DTXSID2051895,0.6129032258064516,0.540455041296556,1.876166303929372,Train
DTXSID3023188,0.6086956521739131,0.557097696928082,3.994996871087636,Train
DTXSID8023632,0.5,0.36153846153846153,1.4560219778561039,Train
DTXSID9044582,0.6923076923076923,0.4986285833174889,2.4819347291981715,Train
DTXSID3057646,0.7894736842105263,0.7870156159629843,4.711687595755899,Train
DTXSID3032759,0.6,0.48857232595555383,2.349468024894146,Train
DTXSID0042248,0.7,0.5863305322128852,3.2619012860600183,Train
DTXSID9021976,0.5,0.3542028985507247,1.7320508075688774,Train
DTXSID0044945,0.7333333333333333,0.6065151515151516,2.3323807579381204,Train
DTXSID5021883,0.75,0.7121212121212122,2.2627416997969525,Train
DTXSID3027829,0.3125,0.1875,1.0,Train
DTXSID9032614,0.45454545454545453,0.33883532742228395,2.7568097504180447,Train
DTXSID8048810,0.5625,0.4861791990964006,3.5156791662493894,Train
DTXSID6046422,0.6428571428571429,0.5770861813624971,3.532704346531139,Train
DTXSID1047156,0.7857142857142857,0.758078858078858,3.888444419044716,Train
DTXSID2026444,0.6428571428571429,0.5866031027795734,2.1633307652783933,Train
DTXSID9040130,0.6790123456790124,0.47788285710226636,4.233202097703345,Train
DTXSID4044870,0.20833333333333334,0.14500000000000002,1.5620499351813308,Train
DTXSID6041844,0.7647058823529411,0.7134629365800271,3.682390527904394,Train
DTXSID2024793,0.53125,0.435871264403873,1.7888543819998317,Train
DTXSID5020863,0.5833333333333334,0.4674839124839124,2.734958866235469,Train
DTXSID7041964,0.6666666666666666,0.6112609437639478,4.166533331199932,Train
DTXSID4044791,0.3548387096774194,0.32605805392234755,1.9183326093250879,Train
DTXSID7043950,0.6060606060606061,0.5874163414401106,3.304542328371661,Train
DTXSID2026943,0.5833333333333334,0.4935897435897436,1.5491933384829668,Train
DTXSID8049414,0.6,0.5852380952380953,2.7129319932501077,Train
DTXSID1022188,0.375,0.12205882352941178,0.7483314773547883,Train
DTXSID9025037,0.5172413793103449,0.4586660210798142,2.3065125189341593,Train
DTXSID6022218,0.56,0.4900952380952381,2.32379000772445,Train
DTXSID5025102,0.55,0.5319298245614034,2.630589287593181,Train
DTXSID1041897,0.7307692307692307,0.6291538461538462,2.939387691339814,Train
DTXSID8048868,0.5555555555555556,0.4832489251226574,2.6,Train
DTXSID3049417,0.7222222222222222,0.6953688141923438,2.5298221281347035,Train
DTXSID5020738,0.4857142857142857,0.352987012987013,2.2627416997969525,Train
DTXSID0044812,0.6666666666666666,0.6218692185007975,2.939387691339814,Train
DTXSID2020767,0.5483870967741935,0.457982087659507,2.778488797889961,Train
DTXSID2021949,0.6875,0.594452380952381,2.08806130178211,Train
DTXSID1044851,0.5681818181818182,0.523433660933661,2.986636904613616,Train
DTXSID3021643,0.0625,0.0125,0.2,Train
DTXSID2047199,0.4883720930232558,0.40256220241672996,2.5298221281347035,Train
DTXSID9022522,0.41935483870967744,0.38060514033817705,2.0880613017821097,Train
DTXSID0048842,0.6938775510204082,0.5962782869056185,5.695612346359257,Train
DTXSID6021799,0.6,0.5548484848484849,2.5768197453450252,Train
DTXSID3041372,0.5588235294117647,0.539590017825312,2.925747767665559,Train
DTXSID8020834,0.5333333333333333,0.5184313725490195,1.8973665961010278,Train
DTXSID6025432,0.6666666666666666,0.6036051667630615,2.1071307505705477,Train
DTXSID0046989,0.4634146341463415,0.316179167430772,2.23606797749979,Train
DTXSID1045372,0.6166666666666667,0.602161944385305,4.870318264754368,Train
DTXSID8035001,0.4,0.4,2.8284271247461903,Train
DTXSID8047399,0.7567567567567568,0.7425479638245596,4.034848200366403,Train
DTXSID9047176,0.6774193548387096,0.6665855580274378,3.2619012860600183,Train
DTXSID5026209,0.5833333333333334,0.5119298245614036,2.1725560982400434,Train
DTXSID5044495,0.46875,0.4111505305039788,1.98997487421324,Train
DTXSID7045578,0.7123287671232876,0.5377581153836861,4.812483766206386,Train
DTXSID8040274,0.5897435897435898,0.49725028060938736,2.705549851693737,Train
DTXSID9045394,0.5517241379310345,0.5006465517241379,2.9461839725312475,Train
DTXSID0021460,0.7407407407407407,0.6707178574455461,4.47213595499958,Train
DTXSID1032513,0.7407407407407407,0.7333944139041589,3.6769552621700474,Train
DTXSID4048511,0.7333333333333333,0.7174248307447233,6.371812928829597,Train
DTXSID0025997,0.6304347826086957,0.3368542614682449,2.4166091947189146,Train
DTXSID7034676,0.6470588235294118,0.6270543323712464,4.368065933568311,Train
DTXSID0023826,0.7777777777777778,0.720564947856347,4.219004621945798,Train
DTXSID8047898,0.7066666666666667,0.6865918225918226,6.337191807101943,Train
DTXSID3025332,0.575,0.4615927750410509,2.973213749463701,Train
DTXSID2049264,0.6875,0.5730665024630541,3.0,Train
DTXSID4040476,0.7,0.6760436720901837,4.303486958270003,Train
DTXSID9047677,0.6923076923076923,0.6611187163660928,3.0789608636681307,Train
DTXSID5046691,0.6785714285714286,0.6748830141029124,5.702630971753301,Train
DTXSID7020976,0.75,0.6857843137254902,2.8635642126552705,Train
DTXSID7047439,0.5428571428571428,0.5135966386554621,2.6381811916545836,Train
DTXSID7022912,0.6774193548387096,0.46056167604554704,2.6229754097208002,Train
DTXSID7025055,0.36363636363636365,0.3393055555555556,2.28910462845192,Train
DTXSID9057630,0.75,0.7252813852813853,4.6776062254106,Train
DTXSID1021873,0.5,0.4696551724137931,2.1633307652783933,Train
DTXSID0025818,0.6595744680851063,0.6256540771658353,4.354308211415448,Train
DTXSID8049383,0.5151515151515151,0.4687445887445888,2.778488797889961,Train
DTXSID8057649,0.8059701492537313,0.794588354452698,5.748043145279966,Train
DTXSID7041910,0.6578947368421053,0.6413634301270418,3.3704599092705436,Train
DTXSID2032421,0.6538461538461539,0.45534330736729534,2.2715633383201097,Train
DTXSID3044756,0.7333333333333333,0.7295808730370226,4.331281565541543,Train
DTXSID1041184,0.7073170731707317,0.5328612640965119,2.749545416973504,Train
DTXSID4058655,0.6470588235294118,0.5868717041472459,3.6110940170535577,Train
DTXSID1040110,0.4,0.36701754385964913,1.949358868961793,Train
DTXSID0021969,0.4666666666666667,0.4049429671607091,2.0297783130184444,Train
DTXSID7025429,0.6521739130434783,0.5479224673377597,2.6608269391300143,Train
DTXSID9046813,0.6578947368421053,0.6450748823277707,3.4409301068170506,Train
DTXSID6023737,0.6792452830188679,0.6545203386800578,4.1182520563948,Train
DTXSID4034528,0.75,0.5828516785976798,4.422668877499197,Train
DTXSID8021939,0.3157894736842105,0.12030075187969924,0.6324555320336759,Train
DTXSID2020349,0.5,0.44584615384615384,1.9798989873223334,Train
DTXSID7044712,0.6363636363636364,0.6212674362674362,2.705549851693737,Train
DTXSID2047278,0.6923076923076923,0.5772353431599399,4.1182520563948,Train
DTXSID7047726,0.5151515151515151,0.4003318903318903,2.4576411454889016,Train
DTXSID1046714,0.546875,0.4667789938556067,3.773592452822642,Train
DTXSID0057700,0.6764705882352942,0.6293646304675716,3.0199337741082997,Train
DTXSID7044475,0.696969696969697,0.5260769459298871,2.615339366124404,Train
DTXSID6026084,0.7,0.6603463203463203,2.6229754097208002,Train
DTXSID9023041,0.5714285714285714,0.5542237947810703,3.039736830714133,Train
DTXSID3045271,0.6271186440677966,0.59544367483031,4.987985565335971,Train
DTXSID5045833,0.56,0.49258608058608055,3.6166282640050254,Train
DTXSID8023636,0.6933333333333334,0.6671911927561721,5.956509044734172,Train
DTXSID6046341,0.7794117647058824,0.715406162464986,5.083306010855534,Train
DTXSID5020865,0.6296296296296297,0.5392592592592593,2.6981475126464085,Train
DTXSID4035592,0.2962962962962963,0.2844444444444444,2.262741699796952,Train
DTXSID4048933,0.4230769230769231,0.37493822330058657,2.877498913987632,Train
DTXSID4047464,0.7241379310344828,0.6223090883707945,2.946183972531247,Train
DTXSID8024317,0.7692307692307693,0.7428124720807647,3.9496835316263,Train
DTXSID1024091,0.5666666666666667,0.44693017127799733,2.154065922853802,Train
DTXSID9045182,0.6071428571428571,0.5079537535635097,4.358898943540674,Train
DTXSID3023716,0.7142857142857143,0.6815039035664082,4.147288270665545,Train
DTXSID2049002,0.5333333333333333,0.4209064197010017,3.5042830935870466,Train
DTXSID5044869,0.48,0.41295238095238096,1.9595917942265426,Train
DTXSID2021288,0.5609756097560976,0.5009295706856682,3.4351128074635335,Train
DTXSID2044713,0.6363636363636364,0.5997798831405389,4.898979485566356,Train
DTXSID8021690,0.0,0.0,0.0,Train
DTXSID5021544,0.5238095238095238,0.48698412698412696,1.8220867158288598,Train
DTXSID4052506,0.6818181818181818,0.6159601275917066,2.349468024894146,Train
DTXSID9044451,0.375,0.24424812030075188,1.5491933384829668,Train
DTXSID5045128,0.6410256410256411,0.6036844536844537,4.093897898091744,Train
DTXSID3041328,0.5319148936170213,0.4407060610846626,2.8495613697550017,Train
DTXSID4057639,0.7142857142857143,0.6474867724867724,4.853864439804639,Train
DTXSID8022082,0.5666666666666667,0.5049444444444445,2.749545416973504,Train
DTXSID8044412,0.6842105263157895,0.6276431573913263,3.6055512754639896,Train
DTXSID1038321,0.5,0.46932591768631815,2.9120439557122073,Train
DTXSID1032648,0.717391304347826,0.5150530558986994,3.111269837220809,Train
DTXSID1048203,0.5925925925925926,0.4492771392081737,2.04939015319192,Train
DTXSID2045575,0.75,0.6609412944778799,4.3220365569948616,Train
DTXSID8045567,0.6428571428571429,0.5892335840768601,4.014971979976947,Train
DTXSID9025825,0.6818181818181818,0.5251275674679929,3.2310988842807027,Train
DTXSID8051544,0.6521739130434783,0.48917604134995435,1.3114877048604001,Train
DTXSID0037576,0.5405405405405406,0.45410833595044126,2.6608269391300143,Train
DTXSID4023252,0.6181818181818182,0.44417136595971707,3.2984845004941286,Train
DTXSID0021628,0.625,0.5549999999999999,1.9390719429665317,Train
DTXSID0023030,0.7446808510638298,0.6888957112427295,4.919349550499538,Train
DTXSID1047819,0.7631578947368421,0.7373372923572918,5.2839379254491625,Train
DTXSID0022858,0.45161290322580644,0.36567854258591304,3.655133376499413,Train
DTXSID5047902,0.6666666666666666,0.606439393939394,1.9183326093250879,Train
DTXSID2041208,0.5238095238095238,0.3862318711839916,2.727636339397171,Train
DTXSID5023748,0.7464788732394366,0.725595932174909,5.3814496188294845,Train
DTXSID5023613,0.4782608695652174,0.4630637829128544,3.411744421846396,Train
DTXSID0021387,0.6041666666666666,0.4652777777777778,3.249615361854384,Train
DTXSID8047347,0.726027397260274,0.652522716513187,5.440588203494177,Train
DTXSID8046539,0.5909090909090909,0.5668177943114004,2.4494897427831783,Train
DTXSID3020596,0.47619047619047616,0.4454616934493096,2.0297783130184444,Train
DTXSID2021442,0.8,0.79272990167727,4.6303347611160905,Train
DTXSID3024942,0.75,0.7234398934398933,2.4738633753705965,Train
DTXSID0024507,0.6111111111111112,0.5732419814772756,3.2924155266308657,Train
DTXSID7057606,0.6551724137931034,0.568227465214761,2.5845695966640174,Train
DTXSID7027413,0.6296296296296297,0.5586100324372636,2.4738633753705965,Train
DTXSID2026606,0.6,0.4488407088407088,2.349468024894146,Train
DTXSID7048580,0.8311688311688312,0.8078706523006514,6.1416610131136355,Train
DTXSID2047519,0.38461538461538464,0.36695156695156694,2.771281292110204,Train
DTXSID5024970,0.6,0.5703636363636364,2.6457513110645907,Train
DTXSID3035266,0.41379310344827586,0.27065416600455533,1.7663521732655696,Train
DTXSID9057848,0.5903614457831325,0.5222696882398703,4.521061822182927,Train
DTXSID1025770,0.5,0.41970443349753694,2.3323807579381204,Train
DTXSID3048653,0.7066666666666667,0.6455311628764313,5.2345009313209605,Train
DTXSID5045170,0.7878787878787878,0.7654317530328312,5.015974481593781,Train
DTXSID0034192,0.7121212121212122,0.5954127481713689,4.280186911806539,Train
DTXSID8022743,0.75,0.668100358422939,3.5721142198983507,Train
DTXSID3057771,0.6296296296296297,0.569474927506959,3.82099463490856,Train
DTXSID5040675,0.6136363636363636,0.580013986013986,5.709640969448079,Train
DTXSID3052648,0.8,0.7879957469431152,2.6457513110645907,Train
DTXSID5047451,0.6896551724137931,0.6692275245225688,4.728636167014756,Train
DTXSID3045649,0.5,0.47555555555555556,2.1166010488516727,Train
DTXSID4045973,0.5,0.44454237071172553,2.5377155080899043,Train
DTXSID3044590,0.4883720930232558,0.38698733689633585,2.932575659723036,Train
DTXSID1044223,0.7575757575757576,0.7332301219079564,5.340411969127476,Train
DTXSID3031864,0.6,0.5242578710644679,2.7129319932501077,Train
DTXSID4022947,0.65,0.6156174476864132,5.253570214625479,Train
DTXSID5051650,0.5862068965517241,0.4871908742598398,2.3748684174075834,Train
DTXSID3031860,0.6190476190476191,0.24380952380952384,1.2961481396815722,Train
DTXSID9049295,0.6363636363636364,0.5517676767676767,3.104834939252005,Train
DTXSID6023997,0.22033898305084745,0.10121065375302662,1.7088007490635062,Train
DTXSID0046305,0.7105263157894737,0.7018612907757449,5.87196730236128,Train
DTXSID6046979,0.7083333333333334,0.6825491759702286,3.9293765408777004,Train
DTXSID9049083,0.625,0.6092857142857142,2.4738633753705965,Train
DTXSID4020248,0.625,0.5487604881769641,2.06881608655772,Train
DTXSID8029606,0.6666666666666666,0.6380434782608695,2.4738633753705965,Train
DTXSID8047973,0.5652173913043478,0.48464882943143806,2.039607805437114,Train
DTXSID8045646,0.43037974683544306,0.3734220172394723,3.509985754956849,Train
DTXSID0045543,0.5490196078431373,0.38117379514247884,3.1811947441173736,Train
DTXSID9057844,0.6363636363636364,0.5490372103386809,4.2895221179054435,Train
DTXSID1024835,0.52,0.3676591478696742,2.08806130178211,Train
DTXSID8020468,0.7857142857142857,0.7785714285714285,2.489979919597747,Train
DTXSID9021843,0.6086956521739131,0.5947826086956522,2.9664793948382657,Train
DTXSID9046285,0.676056338028169,0.6443725742432739,4.812483766206386,Train
DTXSID1034212,0.782608695652174,0.7671030693734098,5.118593556827891,Train
DTXSID8026775,0.5294117647058824,0.5109803921568628,2.545584412271571,Train
DTXSID7020764,0.5641025641025641,0.48873283412504664,2.720294101747089,Train
DTXSID1045162,0.72,0.6748142701525055,4.669047011971501,Train
DTXSID8044593,0.6857142857142857,0.6634154351395731,3.7469987990390394,Train
DTXSID0041692,0.6153846153846154,0.555781799899447,2.9664793948382653,Train
DTXSID1022508,0.17391304347826086,0.04387351778656127,0.5291502622129182,Train
DTXSID3057648,0.5352112676056338,0.48618598493653364,4.898979485566357,Train
DTXSID5025811,0.2777777777777778,0.24229295608605952,1.6852299546352716,Train
DTXSID7045867,0.45454545454545453,0.38478122190816555,3.1559467676119,Train
DTXSID7025639,0.5428571428571428,0.4614620041565013,3.0,Train
DTXSID8023426,0.4166666666666667,0.3936666666666667,1.8330302779823362,Train
DTXSID2027599,0.631578947368421,0.5789473684210525,2.078460969082653,Train
DTXSID0047406,0.5882352941176471,0.51818096935744,3.452535300326414,Train
DTXSID9044407,0.6060606060606061,0.5577143562057355,2.8071337695236402,Train
DTXSID2025133,0.44,0.36161455748552523,2.0297783130184444,Train
DTXSID3057854,0.6444444444444445,0.5599139784946237,3.1622776601683795,Train
DTXSID9049409,0.75,0.7440350877192982,2.5922962793631443,Train
DTXSID5044603,0.6,0.5236257309941521,2.6305892875931813,Train
DTXSID2025557,0.6333333333333333,0.6124410774410775,2.6981475126464085,Train
DTXSID1033161,0.7647058823529411,0.6720319881345432,3.8781438859330635,Train
DTXSID3021190,0.6756756756756757,0.6604328718962865,4.029888335921977,Train
DTXSID8020040,0.5333333333333333,0.42666666666666664,2.7129319932501077,Train
DTXSID8024234,0.6935483870967742,0.6764661467782582,4.9396356140913875,Train
DTXSID9046150,0.46153846153846156,0.3481005170382653,2.1817424229271434,Train
DTXSID0026961,0.5,0.4403225806451613,2.4979991993593593,Train
DTXSID9020829,0.5666666666666667,0.5400895870083856,2.9189039038652855,Train
DTXSID6057669,0.56,0.56,3.7416573867739413,Train
DTXSID7026998,0.6,0.5246294666431965,2.5922962793631443,Train
DTXSID8031497,0.7272727272727273,0.6774838164931044,2.668332812825267,Train
DTXSID8024109,0.5882352941176471,0.5273173884938591,3.8157568056677826,Train
DTXSID0020107,0.6097560975609756,0.568026207646984,3.954743986657038,Train
DTXSID1047318,0.68,0.6635157232704402,5.169139193328034,Train
DTXSID2034700,0.5,0.4801355438986101,3.298484500494129,Train
DTXSID5048895,0.5476190476190477,0.4146655366167561,2.8844410203711917,Train
DTXSID1024621,0.3125,0.24204545454545454,1.3856406460551018,Train
DTXSID7022128,0.3333333333333333,0.3275362318840579,2.4248711305964283,Train
DTXSID4045183,0.6578947368421053,0.6386531634748952,3.4871191548325395,Train
DTXSID6048674,0.6060606060606061,0.4749300699300699,2.5298221281347035,Train
DTXSID7021601,0.6470588235294118,0.5467194570135747,2.08806130178211,Train
DTXSID5029267,0.4166666666666667,0.4050065876152833,2.144761058952722,Train
DTXSID1022009,0.42857142857142855,0.31682539682539684,1.469693845669907,Train
DTXSID5047665,0.59375,0.5426593521421108,3.22490309931942,Train
DTXSID4045896,0.4266666666666667,0.2455482742455728,2.814249455894058,Train
DTXSID8046828,0.78125,0.7492547694753577,4.034848200366403,Train
DTXSID9047415,0.5897435897435898,0.40688539656281597,2.756809750418044,Train
DTXSID6022341,0.59375,0.45196678321678324,2.3065125189341593,Train
DTXSID1022978,0.5862068965517241,0.5671885933865911,3.440930106817051,Train
DTXSID3024239,0.7671232876712328,0.7354674382829096,5.347896782848375,Train
DTXSID2021943,0.38095238095238093,0.38095238095238093,2.8284271247461903,Train
DTXSID8047135,0.5789473684210527,0.5686466165413534,2.4331050121192876,Train
DTXSID2025846,0.3333333333333333,0.3166666666666666,1.624807680927192,Train
DTXSID0040678,0.7272727272727273,0.6911912225705331,4.171330722922842,Train
DTXSID7047061,0.0,0.0,0.0,Train
DTXSID0048844,0.7205882352941176,0.6840458064985186,5.230678732248809,Train
DTXSID1057668,0.6046511627906976,0.4895231031022296,3.370459909270544,Train
DTXSID4041529,0.4642857142857143,0.4227470298464214,2.3664319132398464,Train
DTXSID5041148,0.6923076923076923,0.6540805445644156,3.6,Train
DTXSID5033595,0.7027027027027027,0.618581081081081,4.044749683231338,Train
DTXSID5024554,0.6216216216216216,0.5801151501095883,3.026549190084311,Train
DTXSID9047419,0.6052631578947368,0.5816892395945876,3.4467375879228173,Train
DTXSID2042517,0.4090909090909091,0.32727272727272727,2.4000000000000004,Train
DTXSID0044313,0.5454545454545454,0.4741159717475507,2.1071307505705477,Train
DTXSID3029572,0.734375,0.7166443111486215,4.5563142999578075,Train
DTXSID5057836,0.44285714285714284,0.3886588113506272,3.9038442591886273,Train
DTXSID4047125,0.42857142857142855,0.41198156682027653,3.0199337741083,Train
DTXSID1047655,0.375,0.12205882352941178,0.7483314773547883,Train
DTXSID3044598,0.7058823529411765,0.4891603415559772,2.749545416973504,Train
DTXSID1034260,0.44285714285714284,0.2865201465201465,2.939387691339814,Train
DTXSID8045351,0.44680851063829785,0.3865156120475269,3.0000000000000004,Train
DTXSID2044840,0.6923076923076923,0.6555629877369007,3.168595903550972,Train
DTXSID0044573,0.6744186046511628,0.5676623587011304,3.4467375879228173,Train
DTXSID0041484,0.45161290322580644,0.35877496159754224,2.2,Train
DTXSID3021805,0.6470588235294118,0.558686730506156,4.3220365569948616,Train
DTXSID7042140,0.6060606060606061,0.5438534504710975,3.3526109228480423,Train
DTXSID3057690,0.4268292682926829,0.3596805800280575,4.1856899072912706,Train
DTXSID0030162,0.6923076923076923,0.6439273019918181,3.013303834663873,Train
DTXSID2048616,0.6756756756756757,0.6324591444591444,3.3941125496954285,Train
DTXSID1023990,0.6216216216216216,0.48291406791406793,2.979932885150268,Train
DTXSID8031077,0.525,0.46672473867595815,2.8844410203711917,Train
DTXSID2041389,0.5,0.45290758516845475,2.513961017995307,Train
DTXSID0040751,0.6666666666666666,0.6230817908558771,4.422668877499197,Train
DTXSID6057823,0.5945945945945946,0.3987763164233752,3.9749213828703582,Train
DTXSID2020680,0.6666666666666666,0.3666666666666666,1.216552506059644,Train
DTXSID0032651,0.631578947368421,0.566483856700575,3.7841775856849003,Train
DTXSID0023240,0.7222222222222222,0.6902201740911419,3.4871191548325386,Train
DTXSID3032624,0.7073170731707317,0.537308881146572,3.8000000000000003,Train
DTXSID8042349,0.5964912280701754,0.49697961561922455,3.237282811247729,Train
DTXSID3046083,0.6829268292682927,0.6574907721757316,5.215361924162119,Train
DTXSID8021060,0.5,0.17142857142857143,1.0392304845413265,Train
DTXSID6038798,0.5714285714285714,0.4536363636363636,1.685229954635272,Train
DTXSID9057763,0.5614035087719298,0.49546701798196846,4.294182110716778,Train
DTXSID2026525,0.47058823529411764,0.43697478991596633,2.0591260281974,Train
DTXSID4057766,0.6376811594202898,0.5586916566571727,3.720215047547655,Train
DTXSID1041265,0.391304347826087,0.1915144580819638,1.0392304845413265,Train
DTXSID2021658,0.6111111111111112,0.5745915032679739,2.349468024894146,Train
DTXSID2020426,0.4444444444444444,0.39438058748403576,2.181742422927143,Train
DTXSID8020755,0.48148148148148145,0.4430549169859515,2.1908902300206647,Train
DTXSID5044609,0.6521739130434783,0.609720392329088,2.727636339397171,Train
DTXSID0057671,0.75,0.7401755480086626,5.310367218940701,Train
DTXSID7047774,0.65,0.5516188197767145,3.9395431207184424,Train
DTXSID9048774,0.6964285714285714,0.6337496606372154,4.947726750741193,Train
DTXSID6049064,0.726027397260274,0.6397800928411224,5.310367218940701,Train
DTXSID6024591,0.44,0.40493779904306215,2.0297783130184444,Train
DTXSID2047565,0.7037037037037037,0.45303762260284,2.349468024894146,Train
DTXSID1049350,0.6111111111111112,0.5068376068376068,1.9183326093250879,Train
DTXSID3044411,0.7333333333333333,0.6692339544513458,3.2496153618543846,Train
DTXSID0041850,0.5365853658536586,0.5221076879613464,3.0659419433511785,Train
DTXSID3045851,0.625,0.5812807881773399,2.9597297173897488,Train
DTXSID0023292,0.6363636363636364,0.6100885548559967,3.627671429443411,Train
DTXSID8026141,0.5714285714285714,0.523003663003663,1.7888543819998317,Train
DTXSID0032601,0.578125,0.5562580966228523,4.1521078984053394,Train
DTXSID2057651,0.6349206349206349,0.5893960506086752,3.773592452822642,Train
DTXSID1042364,0.631578947368421,0.5407602339181287,3.649657518178932,Train
DTXSID9027603,0.75,0.713424118694007,2.932575659723036,Train
DTXSID9048649,0.5866666666666667,0.5413213754725797,4.6604720790924175,Train
DTXSID3026306,0.45,0.41629399585921323,1.7776388834631178,Train
DTXSID9033008,0.5882352941176471,0.5407667644793863,2.749545416973504,Train
DTXSID8023848,0.4375,0.36263729180632187,2.7422618401604177,Train
DTXSID7020710,0.5,0.45573529411764707,1.9390719429665317,Train
DTXSID1045958,0.6521739130434783,0.598447860519719,4.029888335921977,Train
DTXSID3048522,0.72,0.715298454631788,6.099180272790763,Train
DTXSID3052301,0.6785714285714286,0.6202846860741598,2.6758176320519302,Train
DTXSID7047560,0.3870967741935484,0.3496791135809162,2.3916521486202797,Train
DTXSID4026000,0.6,0.49036039711682305,2.7202941017470885,Train
DTXSID1027558,0.5666666666666667,0.5446560846560846,3.3346664001066135,Train
DTXSID7025390,0.3157894736842105,0.12030075187969924,0.6324555320336759,Train
DTXSID8025751,0.6521739130434783,0.6021575678326251,2.6832815729997477,Train
DTXSID7023722,0.7272727272727273,0.6869093894611137,2.870540018881465,Train
DTXSID6048965,0.5138888888888888,0.4576119402985075,4.720169488482378,Train
DTXSID8045519,0.7358490566037735,0.6681341365357243,4.404543109109048,Train
DTXSID6041682,0.6379310344827587,0.480849610159955,3.237282811247729,Train
DTXSID7029249,0.5625,0.5045454545454545,2.0297783130184444,Train
DTXSID7025053,0.5652173913043478,0.5097519422107128,2.5768197453450252,Train
DTXSID2022593,0.5897435897435898,0.5598534798534799,3.4756294393965534,Train
DTXSID7049394,0.7307692307692307,0.6871815231048444,3.3466401061363027,Train
DTXSID3048603,0.3888888888888889,0.2662084431269214,3.1368774282716245,Train
DTXSID4047383,0.7578947368421053,0.7015784904184362,6.590902821313632,Train
DTXSID2022179,0.6875,0.5746610845295056,1.876166303929372,Train
DTXSID8021804,0.3333333333333333,0.3012006512006512,1.886796226411321,Train
DTXSID0048929,0.46,0.4050241187384045,3.4813790371058424,Train
DTXSID3042053,0.4838709677419355,0.39294299392771376,2.615339366124404,Train
DTXSID2034590,0.7291666666666666,0.7147667762757277,4.758150901348127,Train
DTXSID2044848,0.6129032258064516,0.5401529898540466,2.939387691339814,Train
DTXSID6047319,0.7209302325581395,0.7076702094075554,4.890807704254994,Train
DTXSID7045526,0.7538461538461538,0.6526730026730027,5.019960159204453,Train
DTXSID8021856,0.4,0.276600790513834,1.4560219778561037,Train
DTXSID0034855,0.6119402985074627,0.42206521870068536,3.5721142198983507,Train
DTXSID5022061,0.48,0.44371428571428567,2.489979919597747,Train
DTXSID0023587,0.75,0.7397463002114165,4.445222154178574,Train
DTXSID3020598,0.7727272727272727,0.7423331054910001,3.423448553724738,Train
DTXSID6044777,0.5853658536585366,0.5188495552667125,3.104834939252005,Train
DTXSID8045220,0.66,0.6517430476500244,4.485532298401161,Train
DTXSID9024934,0.625,0.5714086637999681,2.986636904613616,Train
DTXSID5027728,0.2857142857142857,0.2857142857142857,2.6532998322843198,Train
DTXSID6045292,0.6071428571428571,0.5894851444851446,4.418144406874904,Train
DTXSID7041916,0.391304347826087,0.3802371541501976,2.28910462845192,Train
DTXSID5048180,0.45454545454545453,0.3599472990777338,1.8439088914585775,Train
DTXSID0022305,0.5454545454545454,0.4738252086078173,2.08806130178211,Train
DTXSID8021199,0.5806451612903226,0.5069755931046254,2.891366458960192,Train
DTXSID4041521,0.5357142857142857,0.4422400358262427,2.465765601187591,Train
DTXSID2025478,0.5454545454545454,0.4740269704719832,2.0099751242241783,Train
DTXSID3038696,0.34615384615384615,0.3233618233618233,1.8439088914585775,Train
DTXSID1033371,0.6153846153846154,0.3691627816627817,1.3856406460551018,Train
DTXSID3049255,0.0,0.0,0.0,Train
DTXSID3020209,0.13333333333333333,0.12735632183908047,1.9078784028338913,Train
DTXSID0049369,0.7,0.40160856687172475,1.9595917942265426,Train
DTXSID1027134,0.47058823529411764,0.42145207733443035,2.814249455894058,Train
DTXSID5057628,0.6486486486486487,0.6179252054252055,3.464101615137755,Train
DTXSID5024508,0.72,0.6590932400932401,2.727636339397171,Train
DTXSID7029904,0.6538461538461539,0.4406506536941319,2.244994432064365,Train
DTXSID7023699,0.5806451612903226,0.46808989878496876,3.627671429443411,Train
DTXSID5021411,0.6153846153846154,0.5943900543900544,2.4248711305964283,Train
DTXSID5022932,0.65625,0.6291177100416231,3.9749213828703582,Train
DTXSID7022598,0.6304347826086957,0.5307431390687636,3.5777087639996634,Train
DTXSID3040801,0.75,0.5931151269285143,5.299056519796708,Train
DTXSID0041987,0.6808510638297872,0.6615140807206629,4.7455242070818695,Train
DTXSID7025051,0.5555555555555556,0.504,2.3151673805580453,Train
DTXSID4020668,0.7857142857142857,0.7513227513227513,2.6981475126464085,Train
DTXSID9045500,0.7045454545454546,0.5266985645933014,3.3941125496954285,Train
DTXSID3048732,0.7,0.6447184475755904,4.039801975344831,Train
DTXSID4046492,0.7125,0.6767172470978442,5.528109984434102,Train
DTXSID0041270,0.5625,0.519032288623501,2.727636339397171,Train
DTXSID0023616,0.4666666666666667,0.3420893891512156,2.65329983228432,Train
DTXSID1022001,0.42105263157894735,0.4154798761609907,1.7549928774784245,Train
DTXSID6021583,0.5833333333333334,0.5095537795537795,1.4560219778561037,Train
DTXSID0020604,0.7142857142857143,0.6914832535885168,3.6331804249169903,Train
DTXSID2047725,0.6176470588235294,0.5411092143919468,3.3763886032268267,Train
DTXSID8023630,0.7073170731707317,0.5968919657148714,3.6441734316577197,Train
DTXSID2026157,0.6428571428571429,0.5908091908091908,2.863564212655271,Train
DTXSID0041274,0.6666666666666666,0.655981182795699,3.1811947441173736,Train
DTXSID7029665,0.6206896551724138,0.5915753887762001,3.2924155266308657,Train
DTXSID7045946,0.7321428571428571,0.6642515346175643,4.256759330758553,Train
DTXSID2057730,0.5142857142857142,0.49628250625136544,4.543126676640219,Train
DTXSID3041663,0.3888888888888889,0.3405228758169935,2.5377155080899043,Train
DTXSID3032549,0.7441860465116279,0.7030083514433925,4.3220365569948616,Train
DTXSID1031462,0.47619047619047616,0.3476190476190476,1.6852299546352718,Train
DTXSID5026091,0.75,0.5954545454545455,1.7549928774784245,Train
DTXSID9046946,0.7111111111111111,0.6964919824994918,4.766550115125193,Train
DTXSID7040360,0.5952380952380952,0.5646581382143692,4.039801975344831,Train
DTXSID1052539,0.6666666666666666,0.6455877455877455,2.1354156504062622,Train
DTXSID4038926,0.34615384615384615,0.3207757427757428,1.854723699099141,Train
DTXSID3022089,0.53125,0.447734569070776,2.209072203437452,Train
DTXSID0046569,0.6774193548387096,0.6147649769585253,3.111269837220809,Train
DTXSID8044836,0.4166666666666667,0.34067688378033206,1.8220867158288598,Train
DTXSID2048907,0.7088607594936709,0.48523084685212536,3.989987468652001,Train
DTXSID1041425,0.5909090909090909,0.4640293916609706,1.9390719429665317,Train
DTXSID6020933,0.43333333333333335,0.41376026272578,2.2978250586152114,Train
DTXSID0020319,0.7083333333333334,0.6666807829851309,2.7202941017470885,Train
DTXSID3025041,0.4444444444444444,0.37859477124183,1.7435595774162695,Train
DTXSID9026631,0.42105263157894735,0.3750223598211214,1.7320508075688772,Train
DTXSID0027640,0.6111111111111112,0.5483876357560569,2.433105012119288,Train
DTXSID6057748,0.6222222222222222,0.5771139971139971,3.714835124201342,Train
DTXSID9024485,0.5319148936170213,0.447056749397175,2.4979991993593593,Train
DTXSID0026830,0.5909090909090909,0.5347752247752247,2.029778313018444,Train
DTXSID5026837,0.5,0.446103519668737,1.8973665961010278,Train
DTXSID4037617,0.6190476190476191,0.5534467971053336,3.5832945734337835,Train
DTXSID3044384,0.696969696969697,0.5260769459298871,2.615339366124404,Train
DTXSID6026119,0.55,0.48420311714429365,1.82208671582886,Train
DTXSID8029608,0.6451612903225806,0.6239623279945861,2.7422618401604177,Train
DTXSID1023158,0.660377358490566,0.6525659519936227,4.5563142999578075,Train
DTXSID3021431,0.6111111111111112,0.5776899429073342,2.5534290669607413,Train
DTXSID7020895,0.8333333333333334,0.7735507246376813,2.6683328128252666,Train
DTXSID8044751,0.5483870967741935,0.4859882924399054,2.932575659723036,Train
DTXSID4046440,0.6333333333333333,0.5961904761904762,3.5721142198983507,Train
DTXSID9022366,0.5079365079365079,0.43455582711949436,3.4176014981270124,Train
DTXSID6032352,0.6153846153846154,0.5668568273831432,3.0724582991474434,Train
DTXSID7049425,0.6428571428571429,0.6079120879120878,1.876166303929372,Train
DTXSID7021994,0.525,0.48964285714285716,3.013303834663873,Train
DTXSID8022870,0.7586206896551724,0.7498722860791827,3.627671429443411,Train
DTXSID3040279,0.6842105263157895,0.5620169304379831,4.024922359499621,Train
DTXSID5042459,0.5217391304347826,0.3461467678858983,1.949358868961793,Train
DTXSID5046015,0.5102040816326531,0.42614611061816027,3.3526109228480423,Train
DTXSID1041920,0.5,0.43958246055020245,2.6832815729997477,Train
DTXSID9020584,0.6153846153846154,0.5747863247863247,1.7088007490635062,Train
DTXSID0022854,0.7402597402597403,0.7340967593727027,5.0990195135927845,Train
DTXSID1045825,0.5806451612903226,0.5280179211469533,2.8071337695236402,Train
DTXSID1048592,0.61,0.5730458029365593,6.089334939055332,Train
DTXSID2049210,0.5652173913043478,0.5431778656126481,2.9529646120466806,Train
DTXSID8045690,0.7017543859649122,0.6235448994827494,4.586937976471886,Train
DTXSID3022164,0.5862068965517241,0.5240046643344994,2.6758176320519302,Train
DTXSID3049209,0.5714285714285714,0.5268669108669108,2.90516780926679,Train
DTXSID9025617,0.72,0.7103410138248847,2.986636904613616,Train
DTXSID4041818,0.6739130434782609,0.6126847065977501,3.440930106817051,Train
DTXSID8047929,0.5588235294117647,0.5388703208556149,3.622154055254967,Train
DTXSID9021427,0.47368421052631576,0.426109391124871,2.1354156504062622,Train
DTXSID7040362,0.5740740740740741,0.5398369976009727,3.857460304397182,Train
DTXSID1046263,0.7021276595744681,0.5485280118795556,4.565084884205332,Train
DTXSID7042279,0.4444444444444444,0.39210317460317456,2.3579652245103193,Train
DTXSID8046402,0.5106382978723404,0.43076838821519675,3.0066592756745814,Train
DTXSID8045224,0.7377049180327869,0.7039804945641407,4.931531202375181,Train
DTXSID9029192,0.5625,0.511474358974359,1.98997487421324,Train
DTXSID6024597,0.34615384615384615,0.3310534293292914,1.854723699099141,Train
DTXSID0044862,0.23076923076923078,0.046153846153846156,0.3464101615137755,Train
DTXSID1047524,0.56,0.43506353241481754,3.0919249667480617,Train
DTXSID7025132,0.4583333333333333,0.3948371735791091,2.2891046284519194,Train
DTXSID8021644,0.23076923076923078,0.046153846153846156,0.3464101615137755,Train
DTXSID2044971,0.4444444444444444,0.40640424987199175,2.8071337695236402,Train
DTXSID9049326,0.5789473684210527,0.5247974101921471,2.12602916254693,Train
DTXSID5020782,0.6590909090909091,0.6146937816705258,4.2708313008125245,Train
DTXSID8047474,0.5384615384615384,0.4461538461538462,1.8654758106177634,Train
DTXSID0027222,0.7058823529411765,0.6811764705882354,3.964845520319802,Train
DTXSID5047291,0.6612903225806451,0.5566843098022846,4.903060268852505,Train
DTXSID0025737,0.41379310344827586,0.3179310344827586,2.0297783130184444,Train
DTXSID1026081,0.5384615384615384,0.493874635883051,2.0688160865577205,Train
DTXSID7057735,0.6666666666666666,0.5851973684210526,3.1685959035509725,Train
DTXSID8022325,0.5806451612903226,0.5133052457386258,2.2,Train
DTXSID9045845,0.5555555555555556,0.5357936507936507,2.1633307652783933,Train
DTXSID1040164,0.6111111111111112,0.573245904422375,2.545584412271571,Train
DTXSID2044422,0.5238095238095238,0.3428571428571428,2.0199009876724157,Train
DTXSID2057609,0.5652173913043478,0.4014436987481945,2.925747767665559,Train
DTXSID4021717,0.5238095238095238,0.47324031202292066,2.4000000000000004,Train
DTXSID7045653,0.6415094339622641,0.619196755378185,4.903060268852505,Train
DTXSID3045304,0.5283018867924528,0.33025968049437904,2.154065922853802,Train
DTXSID6020149,0.42857142857142855,0.394532568880395,1.7435595774162693,Train
DTXSID3032337,0.6666666666666666,0.6494667994408523,3.9446165846632044,Train
DTXSID0021418,0.4634146341463415,0.316179167430772,2.23606797749979,Train
DTXSID9044871,0.6818181818181818,0.5634822088480624,3.4467375879228173,Train
DTXSID2025183,0.44,0.41600000000000004,1.7776388834631178,Train
DTXSID1046639,0.5652173913043478,0.5034357733043274,3.9698866482558417,Train
DTXSID2027333,0.46153846153846156,0.3998175737306172,2.32379000772445,Train
DTXSID0044369,0.5789473684210527,0.552685765797894,2.2978250586152114,Train
DTXSID1024413,0.5,0.39892307692307694,1.8110770276274835,Train
DTXSID5045964,0.6,0.4181822443292794,2.870540018881465,Train
DTXSID3047134,0.6153846153846154,0.5387806267806268,2.569046515733026,Train
DTXSID4048519,0.7448979591836735,0.7306066189940156,6.45600495662759,Train
DTXSID1020560,0.65625,0.5033088235294118,3.026549190084311,Train
DTXSID7044392,0.5217391304347826,0.4723245861689798,2.2891046284519194,Train
DTXSID5021201,0.45454545454545453,0.35965909090909093,2.2978250586152114,Train
DTXSID4048692,0.7702702702702703,0.708154557643468,5.083306010855534,Train
DTXSID7021027,0.6111111111111112,0.5690522617479139,2.3916521486202797,Train
DTXSID6044939,0.7142857142857143,0.6935110225432807,3.5327043465311387,Train
DTXSID6024628,0.5714285714285714,0.47857142857142854,1.5362291495737217,Train
DTXSID8034580,0.7580645161290323,0.7383964121145785,5.015974481593782,Train
DTXSID3044914,0.5517241379310345,0.5098686371100165,2.4166091947189146,Train
DTXSID8020129,0.7222222222222222,0.6625745950554135,2.5922962793631443,Train
DTXSID6020646,0.8095238095238095,0.7936883876357561,2.5922962793631443,Train
DTXSID8030760,0.7121212121212122,0.3529074503760077,4.266145801540309,Train
DTXSID0041981,0.5714285714285714,0.5439560439560438,1.9287301521985913,Train
DTXSID3025330,0.5833333333333334,0.5550303030303031,2.5534290669607413,Train
DTXSID3044128,0.6721311475409836,0.5721735038042199,4.525483399593904,Train
DTXSID7052109,0.5625,0.4709188034188035,1.7776388834631178,Train
DTXSID4047620,0.6296296296296297,0.6069243156199678,2.513961017995307,Train
DTXSID0032493,0.6181818181818182,0.4528564246584842,3.0000000000000004,Train
DTXSID2048161,0.711864406779661,0.6714672388713423,4.4,Train
DTXSID6022927,0.6610169491525424,0.5713998957672379,4.3954521951671826,Train
DTXSID8026515,0.6818181818181818,0.6394965034965034,2.6608269391300143,Train
DTXSID4044408,0.5,0.43316864295125157,1.9595917942265426,Train
DTXSID6048672,0.5333333333333333,0.45929578754578754,2.764054992217051,Train
DTXSID5045673,0.7818181818181819,0.7700176804327747,5.477225575051661,Train
DTXSID2047068,0.3125,0.13121794871794873,1.2328828005937953,Train
DTXSID6049224,0.5,0.4603864734299517,2.297825058615212,Train
DTXSID6034265,0.6071428571428571,0.5635467980295567,2.8844410203711917,Train
DTXSID0049284,0.6666666666666666,0.5400555555555555,2.734958866235469,Train
DTXSID1048172,0.7358490566037735,0.7200016717344571,5.4845236803208355,Train
DTXSID9029146,0.5833333333333334,0.5549561403508773,2.0199009876724157,Train
DTXSID1042077,0.5405405405405406,0.4788223938223938,2.9933259094191533,Train
DTXSID7023277,0.6666666666666666,0.5627101086048454,3.622154055254967,Train
DTXSID1038822,0.45161290322580644,0.42787819799777527,2.925747767665559,Train
DTXSID5023950,0.7424242424242424,0.6155165436415435,4.503332099679081,Train
DTXSID0047878,0.6486486486486487,0.6123207429177578,3.867815921162743,Train
DTXSID0049361,0.7631578947368421,0.5708054919908467,2.7712812921102037,Train
DTXSID4020161,0.4,0.31846153846153846,1.0583005244258363,Train
DTXSID7027259,0.5909090909090909,0.48762626262626263,2.227105745132009,Train
DTXSID7020261,0.7333333333333333,0.6906060606060607,2.181742422927143,Train
DTXSID9025035,0.6153846153846154,0.5767556936467585,3.243454948045371,Train
DTXSID2057607,0.8,0.7358095238095238,2.505992817228334,Train
DTXSID1027429,0.625,0.33246753246753247,1.3416407864998738,Train
DTXSID3040691,0.6590909090909091,0.5912129881019373,4.161730409336962,Train
DTXSID8045983,0.696969696969697,0.6534275061020465,3.1622776601683795,Train
DTXSID3023508,0.7142857142857143,0.6724447140364983,4.233202097703345,Train
DTXSID8021808,0.5238095238095238,0.4828571428571428,2.039607805437114,Train
DTXSID1024174,0.6363636363636364,0.5985832685832686,2.6981475126464085,Train
DTXSID0049315,0.5483870967741935,0.5009155145929339,2.785677655436824,Train
DTXSID4045002,0.6222222222222222,0.5626797385620915,3.566510900025402,Train
DTXSID7020893,0.625,0.5263960503700587,3.168595903550972,Train
DTXSID4027650,0.7058823529411765,0.6829631623816576,2.842534080710379,Train
DTXSID0043765,0.7291666666666666,0.6748833140773434,6.0398675482166,Train
DTXSID4020901,0.5384615384615384,0.5010256410256411,1.6492422502470643,Train
DTXSID7045576,0.5789473684210527,0.4902514535981274,2.90516780926679,Train
DTXSID1032642,0.53125,0.47109711493275236,3.939543120718442,Train
DTXSID6022006,0.0,0.0,0.0,Train
DTXSID4025292,0.6428571428571429,0.6049031515988038,3.039736830714133,Train
DTXSID5022489,0.45,0.35962962962962963,1.9899748742132402,Train
DTXSID5033757,0.6071428571428571,0.527532819147726,3.6496575181789317,Train
DTXSID6024836,0.48,0.46236141636141637,2.9189039038652846,Train
DTXSID0045204,0.7272727272727273,0.7026446087806537,4.959838707054898,Train
DTXSID1023235,0.47368421052631576,0.29649122807017536,1.1135528725660044,Train
DTXSID4027103,0.16666666666666666,0.06666666666666667,0.8,Train
DTXSID3026562,0.43333333333333335,0.3840212096568833,1.9595917942265426,Train
DTXSID1023239,0.6451612903225806,0.5858583148905729,3.174901573277509,Train
DTXSID8049418,0.5769230769230769,0.479582610372084,2.0591260281974,Train
DTXSID3038852,0.6511627906976745,0.5839964533668448,3.7576588456111875,Train
DTXSID8021309,0.7027027027027027,0.6404339706182005,4.2047592083257275,Train
DTXSID1023071,0.7037037037037037,0.6777813296513912,5.145872132107443,Train
DTXSID4046284,0.5714285714285714,0.5093837535014005,3.059411708155671,Train
DTXSID3047136,0.7777777777777778,0.7302139037433155,2.6457513110645907,Train
DTXSID8027084,0.68,0.6508503670242801,2.932575659723036,Train
DTXSID5040758,0.6481481481481481,0.5485038986354777,3.3346664001066135,Train
DTXSID9021554,0.0,0.0,0.0,Train
DTXSID5044605,0.627906976744186,0.5666340269277846,3.0919249667480613,Train
DTXSID5020287,0.43478260869565216,0.41739130434782606,1.854723699099141,Train
DTXSID7023190,0.6428571428571429,0.5181875901875902,3.8626415831655936,Train
DTXSID4022446,0.5,0.4329727480757229,1.876166303929372,Train
DTXSID5034270,0.6166666666666667,0.5754511278195489,4.6173585522460785,Train
DTXSID8038801,0.7205882352941176,0.6845357212297583,5.035871324805669,Train
DTXSID0038839,0.45161290322580644,0.4243966547192353,2.90516780926679,Train
DTXSID4022999,0.5217391304347826,0.4763601148734389,4.059556626036888,Train
DTXSID6045323,0.5714285714285714,0.48858372157852364,3.4000000000000004,Train
DTXSID8027959,0.5897435897435898,0.4823996265172735,2.6532998322843198,Train
DTXSID4032374,0.7647058823529411,0.7351026950029992,5.502726596879042,Train
DTXSID2024878,0.8,0.6660531422600388,2.6981475126464085,Train
DTXSID4048725,0.7192982456140351,0.6977424974332217,5.138093031466052,Train
DTXSID8047264,0.7076923076923077,0.6869075067234953,5.854912467321779,Train
DTXSID0057835,0.5308641975308642,0.4389224905656831,4.409081537009721,Train
DTXSID0034851,0.46511627906976744,0.34890560875513,2.2627416997969525,Train
DTXSID7023936,0.6296296296296297,0.5477207977207977,2.764054992217051,Train
DTXSID3027617,0.6944444444444444,0.6337222222222222,3.0919249667480617,Train
DTXSID8023890,0.475,0.39992016943629843,2.821347195933177,Train
DTXSID1020859,0.5217391304347826,0.4715148741418764,2.154065922853802,Train
DTXSID2046092,0.6419753086419753,0.5629896563229897,4.898979485566357,Train
DTXSID7035272,0.5,0.4723529411764706,2.2181073012818833,Train
DTXSID4027991,0.0,0.0,0.0,Train
DTXSID5021332,0.7391304347826086,0.6678415668326828,2.5377155080899043,Train
DTXSID0057629,0.7468354430379747,0.6315360036963199,5.422176684690384,Train
DTXSID9034492,0.7391304347826086,0.7243439899574756,4.795831523312719,Train
DTXSID9036646,0.4444444444444444,0.41056214317083883,2.253885533916929,Train
DTXSID0043892,0.6551724137931034,0.6236709510543182,5.071488933242387,Train
DTXSID4021767,0.5,0.47794871794871796,1.685229954635272,Train
DTXSID9024512,0.5625,0.5280341971871207,2.5377155080899043,Train
DTXSID5057622,0.6176470588235294,0.5971297338564072,3.538361202590827,Train
DTXSID8026981,0.5,0.4512315270935961,2.7928480087537886,Train
DTXSID4047703,0.6938775510204082,0.6536925901379588,3.6932370625238775,Train
DTXSID1024049,0.5555555555555556,0.4869512265063326,2.842534080710379,Train
DTXSID1024885,0.5476190476190477,0.44441102756892226,3.3045423283716615,Train
DTXSID1026879,0.6666666666666666,0.3666666666666666,1.216552506059644,Train
DTXSID0027438,0.5769230769230769,0.5511610129001433,2.615339366124404,Train
DTXSID0049238,0.7,0.5772670807453416,2.918903903865285,Train
DTXSID7044895,0.5151515151515151,0.4963636363636364,2.705549851693737,Train
DTXSID5042324,0.6666666666666666,0.5752300484780268,3.9749213828703582,Train
DTXSID9023548,0.6,0.5695208146151542,4.3220365569948616,Train
DTXSID0044107,0.5882352941176471,0.4832806688175399,2.4083189157584592,Train
DTXSID7026366,0.6190476190476191,0.4707936507936508,1.7435595774162695,Train
DTXSID4021892,0.5714285714285714,0.5353968253968254,1.9798989873223332,Train
DTXSID3020122,0.7166666666666667,0.5447625802093887,3.492849839314596,Train
DTXSID2027206,0.625,0.5538095238095238,2.6305892875931813,Train
DTXSID9041366,0.46875,0.39475806451612905,2.1908902300206647,Train
DTXSID1047609,0.23333333333333334,0.1704761904761905,1.4142135623730951,Train
DTXSID2020428,0.5555555555555556,0.4825396825396826,1.6492422502470643,Train
DTXSID0023955,0.4838709677419355,0.445879059538499,3.9446165846632044,Train
DTXSID2020923,0.5365853658536586,0.46122373561397956,2.95296461204668,Train
DTXSID6049270,0.4583333333333333,0.43787878787878787,2.0,Train
DTXSID0027143,0.5945945945945946,0.5349047576988755,2.749545416973504,Train
DTXSID7042198,0.5897435897435898,0.48594390207293436,2.870540018881465,Train
DTXSID4024981,0.48,0.42421067821067826,1.8220867158288598,Train
DTXSID3048780,0.703125,0.6608999654713165,5.2573757712379665,Train
DTXSID2041468,0.42424242424242425,0.3956779779360424,2.32379000772445,Train
DTXSID7057781,0.5333333333333333,0.480534262485482,2.8844410203711917,Train
DTXSID6024466,0.45454545454545453,0.4163559969442322,2.2,Train
DTXSID1040114,0.5652173913043478,0.5062105870141852,2.3916521486202797,Train
DTXSID3045227,0.5614035087719298,0.45620298081093613,2.932575659723036,Train
DTXSID6044355,0.5,0.37717171717171716,1.7320508075688772,Train
DTXSID6045373,0.6818181818181818,0.6679589289429106,4.560701700396552,Train
DTXSID5021126,0.6857142857142857,0.5701904761904762,2.2538855339169293,Train
DTXSID4024066,0.391304347826087,0.3315942028985507,1.4832396974191326,Train
DTXSID0051574,0.38461538461538464,0.210989010989011,0.8485281374238571,Train
DTXSID0042080,0.6530612244897959,0.6076122448979591,4.242640687119285,Train
DTXSID9046994,0.45454545454545453,0.3872727272727273,2.3664319132398464,Train
DTXSID5041560,0.4482758620689655,0.3465940966321291,2.2,Train
DTXSID7042065,0.5333333333333333,0.42666666666666664,2.7129319932501077,Train
DTXSID0020494,0.7307692307692307,0.6697649572649573,2.3916521486202797,Train
DTXSID6020014,0.7560975609756098,0.7338169147925246,3.9496835316263,Train
DTXSID2021284,0.5,0.4549019607843137,1.8220867158288598,Train
DTXSID7021869,0.55,0.4821862348178138,1.82208671582886,Train
DTXSID2022543,0.391304347826087,0.36692753623188407,1.562049935181331,Train
DTXSID6026799,0.6842105263157895,0.6287468671679197,1.8110770276274835,Train
DTXSID4021975,0.42857142857142855,0.31443223443223445,1.2649110640673518,Train
DTXSID6024911,0.5,0.4043756967670011,2.1725560982400434,Train
DTXSID3057852,0.4626865671641791,0.3573480582435806,3.2619012860600183,Train
DTXSID4046315,0.7538461538461538,0.6869970552323494,5.075431016179809,Train
DTXSID3026647,0.42105263157894735,0.37304625199362046,1.6970562748477143,Train
DTXSID4024145,0.7567567567567568,0.7455598455598457,4.494441010848846,Train
DTXSID9023122,0.7868852459016393,0.7751612610268179,4.890807704254994,Train
DTXSID2057788,0.5789473684210527,0.5583818241255313,2.3579652245103193,Train
DTXSID7044843,0.4897959183673469,0.4166716878864792,3.358571124749333,Train
DTXSID8024781,0.5365853658536586,0.49190187970675775,2.85657137141714,Train
DTXSID2025264,0.5227272727272727,0.46693863299280436,3.2,Train
DTXSID4023676,0.7450980392156863,0.5421164351504909,3.63318042491699,Train
DTXSID2021315,0.6666666666666666,0.6155555555555555,2.4819347291981715,Train
DTXSID2047309,0.6911764705882353,0.6692782495506107,4.613025037868319,Train
DTXSID9051824,0.5517241379310345,0.4892921960072595,2.2,Train
DTXSID8049250,0.0,0.0,0.0,Train
DTXSID5023037,0.6071428571428571,0.5789164190107587,4.404543109109048,Train
DTXSID7045607,0.7682926829268293,0.739001119036382,6.486909896090742,Train
DTXSID0057837,0.6296296296296297,0.6157888407888408,3.32264954516723,Train
DTXSID1027635,0.6756756756756757,0.659382446963092,3.82099463490856,Train
DTXSID0020573,0.43333333333333335,0.3687164148579901,2.638181191654584,Train
DTXSID5047320,0.7788461538461539,0.7575501983396721,6.749814812274482,Train
DTXSID5020152,0.48,0.4636839156715317,2.078460969082653,Train
DTXSID5046279,0.6346153846153846,0.5919478538291689,4.029888335921977,Train
DTXSID7026441,0.7142857142857143,0.6340698774909301,2.3151673805580453,Train
DTXSID9049376,0.7142857142857143,0.6914941199151725,3.888444419044716,Train
DTXSID3036105,0.6410256410256411,0.5334309081722874,2.8495613697550017,Train
DTXSID5027647,0.4375,0.38452380952380955,3.2062439083762797,Train
DTXSID0047797,0.746268656716418,0.6292432311659638,5.141984052872976,Train
DTXSID1045376,0.7,0.6882111436950147,3.8522720568516444,Train
DTXSID9040134,0.7394957983193278,0.6762235183632891,5.646237685397242,Train
DTXSID0020943,0.45454545454545453,0.3917711598746082,2.4657656011875906,Train
DTXSID7034250,0.6190476190476191,0.5593614718614719,3.6932370625238775,Train
DTXSID7021653,0.23529411764705882,0.22573529411764706,1.9078784028338913,Train
DTXSID5021253,0.6666666666666666,0.6165384615384615,3.3346664001066135,Train
DTXSID6027509,0.45454545454545453,0.42233766233766235,2.3151673805580453,Train
DTXSID1022394,0.5918367346938775,0.4669667867146859,3.6331804249169903,Train
DTXSID3041370,0.6111111111111112,0.5490079365079364,2.340939982143925,Train
DTXSID4020086,0.5,0.3794088669950739,1.854723699099141,Train
DTXSID3022958,0.6140350877192983,0.570621702858545,3.6,Train
DTXSID9041237,0.75,0.712112586970272,3.417601498127013,Train
DTXSID3045560,0.5961538461538461,0.5058245581529404,4.039801975344831,Train
DTXSID6026824,0.5,0.37142857142857144,1.7435595774162693,Train
DTXSID2020682,0.6153846153846154,0.5643356643356643,1.1832159566199234,Train
DTXSID3036525,0.5208333333333334,0.49042929292929294,2.932575659723036,Train
DTXSID8026729,0.52,0.4587739938080495,2.08806130178211,Train
DTXSID6029121,0.35714285714285715,0.2914285714285714,0.9591663046625439,Train
DTXSID7046594,0.75,0.6152715121136174,3.7947331922020555,Train
DTXSID7040734,0.35714285714285715,0.2558730158730159,2.4248711305964283,Train
DTXSID0037231,0.6415094339622641,0.5818733153638813,3.8000000000000003,Train
DTXSID8024315,0.6206896551724138,0.49964513816035916,3.773592452822642,Train
DTXSID2027543,0.6666666666666666,0.6524886877828053,2.4083189157584592,Train
DTXSID7025689,0.627906976744186,0.5961032158706578,3.6715119501371642,Train
DTXSID5045413,0.6046511627906976,0.5291945760313779,3.4583232931581165,Train
DTXSID8026519,0.35,0.24540404040404037,2.4000000000000004,Train
DTXSID8042422,0.6071428571428571,0.5716795314186618,3.0199337741083,Train
DTXSID4041440,0.5862068965517241,0.5522167487684728,2.877498913987632,Train
DTXSID9027239,0.5,0.46133004926108373,2.4819347291981715,Train
DTXSID8023214,0.3829787234042553,0.3100201761767516,2.0976176963403033,Train
DTXSID1026906,0.4666666666666667,0.20999999999999996,1.0,Train
DTXSID8046163,0.631578947368421,0.5984220165799113,3.693237062523878,Train
DTXSID4040343,0.3870967741935484,0.36216401527858705,2.5377155080899043,Train
DTXSID4044822,0.5714285714285714,0.5328791208791209,3.22490309931942,Train
DTXSID9046360,0.5818181818181818,0.5555793226381462,4.656178690729126,Train
DTXSID4045422,0.7209302325581395,0.7109615567157095,4.732863826479693,Train
DTXSID7029534,0.7,0.6368864468864468,3.212475680841802,Train
DTXSID8024864,0.7083333333333334,0.5951731601731602,2.3832750575625967,Train
DTXSID8045648,0.631578947368421,0.584966942242484,2.764054992217051,Train
DTXSID9020617,0.4772727272727273,0.40560884486531146,2.4166091947189146,Train
DTXSID7057739,0.5,0.4253142282554047,2.4000000000000004,Train
DTXSID1044356,0.5384615384615384,0.4466573426573426,2.5845695966640174,Train
DTXSID6046892,0.775,0.7047718622047717,5.90592922409336,Train
DTXSID6047789,0.75,0.7215259740259741,3.88329756778952,Train
DTXSID4045898,0.5526315789473685,0.49941520467836253,3.1368774282716245,Train
DTXSID2040656,0.68,0.6484948812448812,3.2680269276736382,Train
DTXSID6024834,0.52,0.3676591478696742,2.08806130178211,Train
DTXSID2023353,0.5714285714285714,0.3715997482909248,3.4583232931581165,Train
DTXSID0046066,0.5714285714285714,0.5180696953110745,2.705549851693737,Train
DTXSID5046196,0.75,0.6951282051282052,2.6832815729997477,Train
DTXSID0023878,0.4444444444444444,0.4105050505050505,1.2961481396815722,Train
DTXSID7022540,0.7058823529411765,0.5426118338040017,3.698648401781386,Train
DTXSID5025318,0.6071428571428571,0.5459972394755004,2.280350850198276,Train
DTXSID7026108,0.4375,0.2521103896103896,1.216552506059644,Train
DTXSID2045600,0.5675675675675675,0.4570492257821863,3.9749213828703582,Train
DTXSID1057745,0.631578947368421,0.5527443609022556,3.1685959035509725,Train
DTXSID6047313,0.7307692307692307,0.7154090703707237,5.30282943342514,Train
DTXSID2033447,0.75,0.7186764705882352,2.262741699796952,Train
DTXSID4039657,0.5,0.4043058394836797,3.1559467676119,Train
DTXSID1046390,0.48936170212765956,0.39664569658014603,2.8495613697550017,Train
DTXSID4025587,0.5428571428571428,0.5227871148459383,2.821347195933177,Train
DTXSID9046100,0.7083333333333334,0.6825423853752027,3.622154055254967,Train
DTXSID6021909,0.6875,0.6182239819004525,1.9078784028338913,Train
DTXSID7047437,0.59375,0.5567616959064328,4.024922359499621,Train
DTXSID0045464,0.7432432432432432,0.7198061254651543,5.321653878260029,Train
DTXSID3024077,0.875,0.7872222222222222,2.154065922853802,Train
DTXSID6044983,0.4444444444444444,0.3547533822005457,2.3065125189341593,Train
DTXSID2027092,0.42857142857142855,0.35643357405371134,2.0591260281974,Train
DTXSID0045466,0.5068493150684932,0.4290834043679902,4.242640687119285,Train
DTXSID3024491,0.5476190476190477,0.5360655031243265,3.3166247903554003,Train
DTXSID2021367,0.6271186440677966,0.42980809125418773,3.4351128074635335,Train
DTXSID9021184,0.375,0.2990165783701916,2.3916521486202797,Train
DTXSID9045635,0.6170212765957447,0.5003564697713634,3.54964786985977,Train
DTXSID0049022,0.5625,0.4738807641633729,3.6606010435446255,Train
DTXSID5024261,0.5918367346938775,0.5706659466841838,3.1559467676119,Train
DTXSID6021296,0.6666666666666666,0.6439035932620838,4.987985565335971,Train
DTXSID1024831,0.6071428571428571,0.5057362637362638,2.4979991993593593,Train
DTXSID0022301,0.5223880597014925,0.4544610140363766,4.418144406874904,Train
DTXSID5026207,0.5714285714285714,0.5256107660455486,2.505992817228334,Train
DTXSID2044002,0.7358490566037735,0.7299073131011279,5.138093031466052,Train
DTXSID0034518,0.5714285714285714,0.5192176870748298,3.286335345030997,Train
DTXSID8032627,0.6666666666666666,0.4266746712407089,2.939387691339814,Train
DTXSID3057779,0.5,0.4412267471091001,3.2802438933713454,Train
DTXSID4047092,0.7567567567567568,0.7381843151355346,4.029888335921977,Train
DTXSID1021619,0.625,0.5978388278388278,2.280350850198276,Train
DTXSID2022462,0.5,0.443609022556391,1.98997487421324,Train
DTXSID1047281,0.7105263157894737,0.5942493834835189,4.7791212581394085,Train
DTXSID1047574,0.5555555555555556,0.4112235102119183,2.764054992217051,Train
DTXSID7024873,0.7777777777777778,0.7620922593058815,2.489979919597747,Train
DTXSID0047799,0.47058823529411764,0.46680672268907564,2.7202941017470885,Train
DTXSID6020985,0.5,0.4771701067029209,2.4576411454889016,Train
DTXSID8041379,0.5,0.475962962962963,2.630589287593181,Train
DTXSID8035217,0.7674418604651163,0.7227631332795492,3.8781438859330635,Train
DTXSID4029220,0.6538461538461539,0.6175525527104474,2.6683328128252666,Train
DTXSID1024912,0.6153846153846154,0.46759175465057823,1.4560219778561037,Train
DTXSID3034662,0.6615384615384615,0.5657114155641524,4.059556626036889,Train
DTXSID9048647,0.7073170731707317,0.6713883677298311,3.682390527904394,Train
DTXSID8037594,0.6216216216216216,0.48800397800397805,3.4292856398964493,Train
DTXSID5020366,0.7439024390243902,0.7144632758560873,6.11228271597445,Train
DTXSID1040320,0.47692307692307695,0.42454765312756404,3.286335345030997,Train
DTXSID6024882,0.7659574468085106,0.7586504265597698,4.975942121849892,Train
DTXSID8020915,0.5161290322580645,0.3860357662359887,2.0199009876724157,Train
DTXSID1025302,0.5,0.44811171777292313,2.918903903865285,Train
DTXSID2032390,0.6486486486486487,0.5298683298683299,3.1811947441173736,Train
DTXSID1049273,0.5555555555555556,0.47606837606837604,1.8220867158288598,Train
DTXSID1044853,0.8636363636363636,0.8402922077922078,2.6907248094147422,Train
DTXSID5051446,0.59375,0.5725066137566138,2.932575659723036,Train
DTXSID1047493,0.6590909090909091,0.6287878787878788,4.422668877499197,Train
DTXSID7023980,0.4838709677419355,0.37503393380812733,3.237282811247729,Train
DTXSID9042382,0.6842105263157895,0.6120215311004784,2.4576411454889016,Train
DTXSID1023362,0.6585365853658537,0.6238098560292566,4.079215610874228,Train
DTXSID6021828,0.42105263157894735,0.3621652169639785,1.649242250247064,Train
DTXSID9025110,0.7058823529411765,0.6160211910851296,2.6,Train
DTXSID2047511,0.0,0.0,0.0,Train
DTXSID5044784,0.4666666666666667,0.462512315270936,3.1622776601683795,Train
DTXSID5057832,0.5882352941176471,0.4898650369238605,2.6229754097208002,Train
DTXSID8045434,0.723404255319149,0.6034082787938151,3.5777087639996634,Train
DTXSID4025329,0.6111111111111112,0.5918020541549953,2.0199009876724157,Train
DTXSID6051778,0.6666666666666666,0.6479474548440065,5.055689863905815,Train
DTXSID7027546,0.5833333333333334,0.5181250633424546,2.3323807579381204,Train
DTXSID2047276,0.7307692307692307,0.7203982650632696,5.1536394906900505,Train
DTXSID2026107,0.375,0.31415396198004897,1.6970562748477143,Train
DTXSID2046464,0.5,0.4372727272727273,2.6229754097208002,Train
DTXSID3021358,0.42857142857142855,0.3721804511278195,2.973213749463701,Train
DTXSID9048510,0.7037037037037037,0.6804778249470489,5.374011537017761,Train
DTXSID6027052,0.5384615384615384,0.4380804123412819,2.1725560982400434,Train
DTXSID8052724,0.66,0.5464065117749328,3.013303834663873,Train
DTXSID9024724,0.4090909090909091,0.2857416267942584,1.5231546211727818,Train
DTXSID3029607,0.3333333333333333,0.16920289855072465,1.2328828005937953,Train
DTXSID7023437,0.5833333333333334,0.38569276252203083,2.842534080710379,Train
DTXSID2040731,0.5,0.43483694683694674,2.1633307652783937,Train
DTXSID6025850,0.7307692307692307,0.5311176142697882,2.154065922853802,Train
DTXSID7057652,0.7142857142857143,0.6906373174847751,5.392587505085105,Train
DTXSID9022528,0.3333333333333333,0.3012006512006512,1.886796226411321,Train
DTXSID7025479,0.55,0.4646387520525451,2.154065922853802,Train
DTXSID3049041,0.5555555555555556,0.520557804768331,4.551922670696417,Train
DTXSID5046695,0.5588235294117647,0.49070197040459573,4.422668877499197,Train
DTXSID1038876,0.5675675675675675,0.5208863275039746,3.6,Train
DTXSID6046715,0.6666666666666666,0.6246491228070175,2.6457513110645907,Train
DTXSID8021517,0.5294117647058824,0.3915966386554621,1.3856406460551018,Train
DTXSID2020391,0.7575757575757576,0.7330975071974057,4.219004621945797,Train
DTXSID6047654,0.0,0.0,0.0,Train
DTXSID8022086,0.4090909090909091,0.37435379435379434,2.06881608655772,Train
DTXSID2021448,0.45,0.41629399585921323,1.8220867158288598,Train
DTXSID5024057,0.7692307692307693,0.6947552447552447,1.788854381999832,Train
DTXSID9020374,0.6363636363636364,0.5801593558538615,2.8354893757515653,Train
DTXSID6026294,0.7738095238095238,0.7575558979173437,7.0,Train
DTXSID5046988,0.5416666666666666,0.4122670807453416,2.144761058952722,Train
DTXSID8022872,0.6666666666666666,0.5112173049332303,3.1496031496047245,Train
DTXSID1025304,0.5135135135135135,0.4525751099525882,2.764054992217051,Train
DTXSID8044755,0.6363636363636364,0.5943576693576693,3.487119154832539,Train
DTXSID9022445,0.47619047619047616,0.40094934305460617,1.7549928774784245,Train
DTXSID4046282,0.6956521739130435,0.5929885444874462,3.8314488121336034,Train
DTXSID6020222,0.5675675675675675,0.480525588284209,2.0591260281974004,Train
DTXSID6024913,0.0,0.0,0.0,Train
DTXSID7047435,0.5285714285714286,0.49400414078674953,4.298837052040936,Train
DTXSID4029224,0.7222222222222222,0.7125541125541126,2.6758176320519307,Train
DTXSID9046283,0.6818181818181818,0.6544838212634823,5.114684741017769,Train
DTXSID6021668,0.6666666666666666,0.5833333333333333,2.078460969082653,Train
DTXSID4027282,0.6666666666666666,0.623563811489508,2.638181191654584,Train
DTXSID4047882,0.48148148148148145,0.4382297938332421,2.340939982143925,Train
DTXSID2057817,0.6935483870967742,0.625645601974264,4.449719092257398,Train
DTXSID2042191,0.6666666666666666,0.6137254901960784,1.9798989873223332,Train
DTXSID8026060,0.4473684210526316,0.3709049664008218,2.4576411454889016,Train
DTXSID4028967,0.6666666666666666,0.5815714285714286,3.013303834663873,Train
DTXSID9039238,0.5609756097560976,0.4845639053113822,2.6758176320519302,Train
DTXSID7045152,0.6229508196721312,0.5628810583633804,3.9191835884530852,Train
DTXSID9045138,0.6129032258064516,0.5222553471567244,2.5768197453450252,Train
DTXSID1024881,0.7142857142857143,0.6556439174860228,2.891366458960192,Train
DTXSID7024320,0.5,0.4357142857142858,1.4422205101855958,Train
DTXSID4021715,0.6206896551724138,0.5823386383731212,3.1874754901018454,Train
DTXSID6021585,0.6190476190476191,0.5655737903984749,2.6,Train
DTXSID2021232,0.5192307692307693,0.466027972027972,3.5721142198983507,Train
DTXSID2041759,0.4,0.3288888888888889,2.227105745132009,Train
DTXSID1021455,0.6818181818181818,0.6389943219556267,4.931531202375181,Train
DTXSID2032631,0.6825396825396826,0.6503062850520477,5.469917732470938,Train
DTXSID1042281,0.5,0.48107048984468337,2.4083189157584592,Train
DTXSID5023792,0.44,0.40442512077294684,2.154065922853802,Train
DTXSID4023414,0.7586206896551724,0.6734024596093562,3.0594117081556713,Train
DTXSID8027329,0.23529411764705882,0.047058823529411764,0.4,Train
DTXSID3046663,0.7534246575342466,0.7265664067505356,5.5605755097831375,Train
DTXSID8020880,0.6976744186046512,0.6401672947881238,4.48998886412873,Train
DTXSID2046628,0.6896551724137931,0.6704929591423002,5.0517323761260355,Train
DTXSID7045310,0.6764705882352942,0.6328059151588563,5.513619500836089,Train
DTXSID2021286,0.6551724137931034,0.6263244875258224,2.8354893757515653,Train
DTXSID1021320,0.717391304347826,0.5150530558986994,3.111269837220809,Train
DTXSID5044360,0.46153846153846156,0.4076761133603239,1.8220867158288598,Train
DTXSID3044413,0.4827586206896552,0.4447078544061303,2.6608269391300143,Train
DTXSID0042454,0.41935483870967744,0.1603415559772296,1.264911064067352,Train
DTXSID5021336,0.6190476190476191,0.5723206030379632,3.778888725538237,Train
DTXSID2044682,0.6944444444444444,0.6305555555555555,3.2557641192199416,Train
DTXSID7047198,0.5357142857142857,0.4727080745341615,2.349468024894146,Train
DTXSID0046690,0.7540983606557377,0.5994529059124649,3.862641583165593,Train
DTXSID5021885,0.6111111111111112,0.6106280193236715,2.5768197453450252,Train
DTXSID2023480,0.5964912280701754,0.4225764174028452,3.22490309931942,Train
DTXSID2029244,0.7272727272727273,0.6878810160427807,2.630589287593181,Train
DTXSID6042490,0.6190476190476191,0.5082883679787704,2.12602916254693,Train
DTXSID0048185,0.7142857142857143,0.702303976760944,4.737087712930805,Train
DTXSID9025879,0.5357142857142857,0.418,1.9183326093250879,Train
DTXSID8024783,0.4444444444444444,0.39306949089557786,2.584569596664017,Train
DTXSID1047104,0.6206896551724138,0.5305164414129931,2.4576411454889016,Train
DTXSID2047355,0.7373737373737373,0.7133788015157234,6.244997998398398,Train
DTXSID8022610,0.6285714285714286,0.575629769149039,4.064480286580315,Train
DTXSID6025480,0.6071428571428571,0.5766736137425792,3.3466401061363023,Train
DTXSID5044738,0.5714285714285714,0.5495684268156846,3.4583232931581165,Train
DTXSID6046553,0.5675675675675675,0.4349155940200716,3.7894590642992836,Train
DTXSID4021925,0.7619047619047619,0.7056786350903999,2.1354156504062622,Train
DTXSID3045196,0.5454545454545454,0.5003536086554955,3.6441734316577197,Train
DTXSID8042478,0.7142857142857143,0.696390977443609,4.503332099679081,Train
DTXSID2057657,0.4807692307692308,0.4417964808425559,3.622154055254967,Train
DTXSID2024747,0.6792452830188679,0.5712419885824321,4.326661530556787,Train
DTXSID9032531,0.6190476190476191,0.5050296829607175,4.156921938165306,Train
DTXSID2041622,0.71875,0.6235595128145924,5.083306010855534,Train
DTXSID0049311,0.4375,0.34675925925925927,2.4657656011875906,Train
DTXSID5020653,0.6666666666666666,0.6382584485407066,3.6331804249169903,Train
DTXSID6057825,0.4189189189189189,0.2552167463130578,2.898275349237888,Train
DTXSID7045940,0.7222222222222222,0.6190351641964545,3.4351128074635335,Train
DTXSID0034300,0.7321428571428571,0.6864390207493656,4.476605857119878,Train
DTXSID9025328,0.5319148936170213,0.456207540126913,3.5042830935870466,Train
DTXSID2057786,0.5925925925925926,0.5634708994708995,2.4657656011875906,Train
DTXSID8025040,0.5862068965517241,0.5525297468567769,2.877498913987632,Train
DTXSID5044362,0.55,0.492406015037594,2.5534290669607413,Train
DTXSID9048859,0.6666666666666666,0.44289946937005753,2.9933259094191533,Train
DTXSID9027449,0.375,0.12205882352941178,0.7483314773547883,Train
DTXSID8044701,0.46153846153846156,0.3712011820707473,2.23606797749979,Train
DTXSID9046817,0.7454545454545455,0.6926123565715032,4.669047011971501,Train
DTXSID2044507,0.7333333333333333,0.6875603936445105,4.349712634186309,Train
DTXSID0023329,0.625,0.6002066772655008,3.6,Train
DTXSID6048175,0.7301587301587301,0.6470146103845901,4.331281565541544,Train
DTXSID8026064,0.4666666666666667,0.41747967479674797,2.749545416973504,Train
DTXSID0020155,0.6086956521739131,0.5530273324876023,2.668332812825267,Train
DTXSID9020376,0.7368421052631579,0.6784037745879851,2.5612496949731396,Train
DTXSID6047315,0.7525773195876289,0.7473949907015774,6.852736679604726,Train
DTXSID1057664,0.6862745098039216,0.5891497905765553,3.82099463490856,Train
DTXSID5023586,0.660377358490566,0.6139377165960724,4.427188724235731,Train
DTXSID1027186,0.47368421052631576,0.43918128654970756,2.0,Train
DTXSID8027452,0.5357142857142857,0.45649567823480863,2.262741699796952,Train
DTXSID0022850,0.6666666666666666,0.5903653179515248,3.006659275674582,Train
DTXSID0051782,0.6818181818181818,0.6530038480038479,3.1937438845342623,Train
DTXSID4047385,0.7333333333333333,0.6892794034609891,6.144916598294887,Train
DTXSID6049432,0.6086956521739131,0.5662242562929062,2.1725560982400434,Train
DTXSID7021237,0.7096774193548387,0.44858543034991705,4.24735211631906,Train
DTXSID3047897,0.5,0.296,1.7435595774162695,Train
DTXSID0047371,0.746268656716418,0.7178538802636112,5.531726674375733,Train
DTXSID6020066,0.6666666666666666,0.617325836953744,3.4641016151377544,Train
DTXSID3046114,0.5806451612903226,0.5400606561896885,3.1496031496047245,Train
DTXSID8046589,0.7971014492753623,0.7839808037157892,6.180614856144977,Train
DTXSID9026841,0.13043478260869565,0.02608695652173913,0.3464101615137755,Train
DTXSID2023725,0.65,0.6136382978723404,4.586937976471886,Train
DTXSID9023380,0.5081967213114754,0.42279837391189073,3.0463092423455636,Train
DTXSID4045638,0.717948717948718,0.6918389018389018,4.6389654018972815,Train
DTXSID6042151,0.4117647058823529,0.3133735931648645,2.08806130178211,Train
DTXSID1044643,0.6538461538461539,0.6083882783882784,2.939387691339814,Train
DTXSID3024998,0.48148148148148145,0.42233941027044475,2.3323807579381204,Train
DTXSID8021565,0.6428571428571429,0.5516483516483517,1.6733200530681511,Train
DTXSID8057724,0.5531914893617021,0.4496652256569182,3.2619012860600183,Train
DTXSID1047607,0.4857142857142857,0.31921411921411924,2.009975124224178,Train
DTXSID0024890,0.625,0.5388522777532065,2.4979991993593593,Train
DTXSID2026494,0.6363636363636364,0.557150451887294,2.3323807579381204,Train
DTXSID2034540,0.8,0.6850706130405377,4.308131845707604,Train
DTXSID5025100,0.4482758620689655,0.42101385204833475,2.8000000000000003,Train
DTXSID2051477,0.6190476190476191,0.5444322344322343,2.2715633383201097,Train
DTXSID6046347,0.56,0.5250434782608696,2.785677655436824,Train
DTXSID1021740,0.2857142857142857,0.27472527472527475,1.9078784028338913,Train
DTXSID4041656,0.56,0.5216923076923077,2.33238075793812,Train
DTXSID1029910,0.7333333333333333,0.7240336134453782,2.4083189157584592,Train
DTXSID8026193,0.5294117647058824,0.49846547314578,1.8330302779823362,Train
DTXSID8020707,0.6585365853658537,0.47863069206106185,2.870540018881465,Train
DTXSID4024937,0.6875,0.6173412698412698,2.8284271247461903,Train
DTXSID2046755,0.776595744680851,0.6048647378188867,5.502726596879042,Train
DTXSID2023771,0.559322033898305,0.4902157977774221,3.286335345030997,Train
DTXSID1021665,0.0625,0.0125,0.2,Train
DTXSID4025296,0.6923076923076923,0.6541818181818183,3.358571124749333,Train
DTXSID2047351,0.7452830188679245,0.737222227993907,6.9914233171794145,Train
DTXSID2028016,0.4444444444444444,0.4401709401709402,2.2715633383201093,Train
DTXSID8057695,0.6607142857142857,0.5699308313879085,4.358898943540674,Train
DTXSID0044781,0.7333333333333333,0.6605732279416491,2.986636904613616,Train
DTXSID8045989,0.6052631578947368,0.41735176202441926,2.545584412271571,Train
DTXSID9029225,0.631578947368421,0.3864749255918996,2.0297783130184444,Train
DTXSID0045412,0.7272727272727273,0.7004136409596471,4.560701700396552,Train
DTXSID8044385,0.5925925925925926,0.5292877492877492,3.124099870362662,Train
DTXSID4034788,0.5737704918032787,0.48525679481674205,4.308131845707604,Train
DTXSID3021142,0.5555555555555556,0.46694968114322954,2.5612496949731396,Train
DTXSID4041527,0.6785714285714286,0.6511387163561076,2.749545416973504,Train
DTXSID5023114,0.5581395348837209,0.457941500790338,2.4738633753705965,Train
DTXSID0025991,0.6086956521739131,0.57942837101876,2.244994432064365,Train
DTXSID1057826,0.5945945945945946,0.5411632244751629,3.5383612025908264,Train
DTXSID6046505,0.5,0.47087912087912087,4.156921938165306,Train
DTXSID3042633,0.5111111111111111,0.40131117338413064,2.9597297173897483,Train
DTXSID1046394,0.4222222222222222,0.24496338886431768,1.9078784028338915,Train
DTXSID4047678,0.7272727272727273,0.6902457542457544,2.5219040425836985,Train
DTXSID3021726,0.4090909090909091,0.3671619760864612,1.8547236990991407,Train
DTXSID0021258,0.5294117647058824,0.37228222118887083,3.104834939252005,Train
DTXSID7023487,0.704225352112676,0.6235551622630618,4.363484845854286,Train
DTXSID5022306,0.6428571428571429,0.6103347227485159,3.4641016151377544,Train
DTXSID4046810,0.7560975609756098,0.7226782063281393,4.732863826479693,Train
DTXSID7029160,0.41935483870967744,0.1603415559772296,1.264911064067352,Train
DTXSID3057856,0.5833333333333334,0.5339181286549708,3.0854497241083028,Train
DTXSID9027310,0.5833333333333334,0.2833333333333333,1.1135528725660044,Train
DTXSID3046798,0.6,0.49291189931350116,3.8418745424597094,Train
DTXSID5021758,0.5172413793103449,0.4198984923122854,2.4738633753705965,Train
DTXSID0037734,0.5555555555555556,0.5515873015873016,3.2619012860600183,Train
DTXSID2044890,0.53125,0.4397954545454546,2.244994432064365,Train
DTXSID1047360,0.7,0.6687026461559569,5.585696017507577,Train
DTXSID1045320,0.5641025641025641,0.5539414414414414,3.8574603043971822,Train
DTXSID7044631,0.6190476190476191,0.5642833417649074,3.989987468652001,Train
DTXSID4026979,0.7692307692307693,0.7328937728937729,2.3323807579381204,Train
DTXSID1020510,0.5925925925925926,0.5408740074407241,3.1937438845342627,Train
DTXSID7020766,0.5,0.4576554691355451,2.23606797749979,Train
DTXSID4027579,0.3125,0.1431818181818182,0.9165151389911681,Train
DTXSID2023224,0.6363636363636364,0.5603185934622709,3.994996871087636,Train
DTXSID0040707,0.4074074074074074,0.2556377599855861,1.5231546211727818,Train
DTXSID2027832,0.4,0.3499706744868035,2.5377155080899043,Train
DTXSID5044865,0.45,0.24,1.6733200530681511,Train
DTXSID4044533,0.5294117647058824,0.4907120743034056,1.876166303929372,Train
DTXSID0026547,0.5428571428571428,0.4874956445993031,3.2557641192199416,Train
DTXSID3022584,0.6811594202898551,0.6249666555257984,5.542562584220407,Train
DTXSID9044877,0.5833333333333334,0.5605263157894738,3.2680269276736387,Train
DTXSID8047391,0.7571428571428571,0.7475585262458379,5.848076606885378,Train
DTXSID8048735,0.7818181818181819,0.7688973711690339,4.7455242070818695,Train
DTXSID6025278,0.6190476190476191,0.5526440226440227,2.4738633753705965,Train
DTXSID2020688,0.7692307692307693,0.7587873303167421,2.898275349237888,Train
DTXSID1049223,0.5277777777777778,0.45081747005285233,2.918903903865285,Train
DTXSID6040246,0.7301587301587301,0.5483628342983182,3.81051177665153,Train
DTXSID6040373,0.6865671641791045,0.6209497964721844,5.226853738148792,Train
DTXSID3044124,0.7419354838709677,0.7275792438084459,4.829078587059855,Train
DTXSID6049303,0.5483870967741935,0.507498770117366,3.006659275674582,Train
DTXSID0046644,0.6938775510204082,0.6191625145041294,3.898717737923586,Train
DTXSID0020280,0.44,0.3807407407407407,2.1447610589527217,Train
DTXSID7025003,0.5,0.45248677248677244,2.181742422927143,Train
DTXSID0044604,0.68,0.5756574440052702,2.8000000000000003,Train
DTXSID1023815,0.5714285714285714,0.5142857142857142,1.8330302779823362,Train
DTXSID2047222,0.3333333333333333,0.1287179487179487,1.2328828005937953,Train
DTXSID2046468,0.5061728395061729,0.46362968613159306,4.841487374764082,Train
DTXSID0024638,0.5555555555555556,0.5023276240667546,2.5612496949731396,Train
DTXSID6045375,0.5569620253164557,0.49574705726040913,4.449719092257398,Train
DTXSID2027886,0.6341463414634146,0.5272373685061421,3.4698703145794942,Train
DTXSID9021841,0.5238095238095238,0.49299719887955185,2.078460969082653,Train
DTXSID2027418,0.6818181818181818,0.6539412761151892,3.0463092423455636,Train
DTXSID2025505,0.34615384615384615,0.2259946949602122,1.7663521732655696,Train
DTXSID9023419,0.7857142857142857,0.7474143503555268,2.3151673805580453,Train
DTXSID2044472,0.4444444444444444,0.41748366013071897,2.0199009876724157,Train
DTXSID7049344,0.56,0.5260740740740741,3.0724582991474434,Train
DTXSID5024473,0.48,0.4448695652173913,1.9287301521985911,Train
DTXSID2049349,0.0,0.0,0.0,Train
DTXSID6026115,0.6666666666666666,0.5961904761904762,3.0919249667480617,Train
DTXSID8045149,0.7454545454545455,0.7256323782038068,4.565084884205332,Train
DTXSID5021338,0.7045454545454546,0.4994258373205742,3.0983866769659336,Train
DTXSID5046641,0.5294117647058824,0.3874089659046264,3.358571124749333,Train
DTXSID0024509,0.7105263157894737,0.6393628979191164,3.1874754901018454,Train
DTXSID1030319,0.675,0.5459551656920079,3.013303834663873,Train
DTXSID8045513,0.5869565217391305,0.5732953027032582,4.728636167014756,Train
DTXSID7021526,0.5714285714285714,0.5412698412698413,2.4738633753705965,Train
DTXSID4044901,0.6153846153846154,0.5143745143745144,2.9597297173897488,Train
DTXSID2044391,0.5217391304347826,0.4644981684981685,2.0297783130184444,Train
DTXSID8020757,0.48,0.44159595959595954,1.9078784028338915,Train
DTXSID5044520,0.625,0.5777523798687754,4.853864439804639,Train
DTXSID1024704,0.5,0.4488721804511278,1.6733200530681511,Train
DTXSID9022520,0.3548387096774194,0.3399746995572423,2.4576411454889016,Train
DTXSID0047294,0.7974683544303798,0.7807953264093304,5.688585061331158,Train
DTXSID9044663,0.5689655172413793,0.4459969007120848,3.4467375879228173,Train
DTXSID2025139,0.4666666666666667,0.18222222222222223,1.2328828005937953,Train
DTXSID1033876,0.47619047619047616,0.43527495208609757,2.253885533916929,Train
DTXSID1023817,0.7,0.6333333333333334,2.785677655436824,Train
DTXSID8044595,0.6176470588235294,0.5983623091782484,3.2434549480453714,Train
DTXSID8047680,0.7333333333333333,0.7257702020202021,3.725587202039432,Train
DTXSID3047974,0.5,0.4069696969696969,2.4899799195977463,Train
DTXSID1044481,0.6521739130434783,0.6214520798996302,3.1368774282716245,Train
DTXSID5020491,0.46153846153846156,0.40434680262266465,1.685229954635272,Train
DTXSID2020341,0.7125,0.45628662761528965,3.6110940170535577,Train
DTXSID1026792,0.5217391304347826,0.4855580981439105,2.0976176963403033,Train
DTXSID1057749,0.5606060606060606,0.5118398054744373,4.039801975344831,Train
DTXSID0029262,0.39285714285714285,0.3313280423280423,1.7663521732655694,Train
DTXSID8052641,0.6,0.5615151515151515,2.23606797749979,Train
DTXSID0024345,0.5362318840579711,0.42996783098466124,4.147288270665544,Train
DTXSID0047377,0.7452830188679245,0.660464468837431,6.20644825967316,Train
DTXSID5026122,0.5333333333333333,0.4458275058275058,1.3564659966250538,Train
DTXSID8040436,0.6571428571428571,0.5633262490553258,5.011985634456667,Train
DTXSID9026219,0.4090909090909091,0.32727272727272727,2.4000000000000004,Train
DTXSID2040735,0.75,0.7342095292223169,2.814249455894058,Train
DTXSID1025851,0.7272727272727273,0.6870487483530962,2.9597297173897488,Train
DTXSID2047644,0.64,0.5830202839756592,2.5298221281347035,Train
DTXSID9025455,0.5925925925925926,0.558998371998372,2.4899799195977463,Train
DTXSID0048686,0.4142857142857143,0.3186706349206349,2.749545416973504,Train
DTXSID3022247,0.5,0.28794612794612795,1.7549928774784245,Train
DTXSID4047090,0.6470588235294118,0.5579933072679346,2.7928480087537886,Train
DTXSID6025939,0.6190476190476191,0.5315310984063993,4.715930449020639,Train
DTXSID6020856,0.5666666666666667,0.5457777777777778,3.0,Train
DTXSID6020696,0.42857142857142855,0.37479813664596273,1.7435595774162695,Train
DTXSID3052278,0.44,0.3878550724637681,2.12602916254693,Train
DTXSID6022008,0.0,0.0,0.0,Train
DTXSID6023864,0.33962264150943394,0.3026970150743735,2.154065922853802,Train
DTXSID6032641,0.6153846153846154,0.5302664655605832,3.4467375879228177,Train
DTXSID6021741,0.07692307692307693,0.07692307692307693,1.0,Train
DTXSID6022004,0.5714285714285714,0.4886446886446887,1.6248076809271923,Train
DTXSID1041506,0.59375,0.5557973365467803,3.1112698372208096,Train
DTXSID5027641,0.5217391304347826,0.3334096109839817,1.7088007490635064,Train
DTXSID0047030,0.4666666666666667,0.37333333333333335,1.4422205101855958,Train
DTXSID1020980,0.68,0.5152025518341308,2.1633307652783937,Train
DTXSID1022635,0.7454545454545455,0.7110771016617791,4.894895300208167,Train
DTXSID1046003,0.7727272727272727,0.76480022189862,5.455272678794342,Train
DTXSID5044998,0.7413793103448276,0.7304535624173976,5.173006862551025,Train
DTXSID0027309,0.4782608695652174,0.4259598662207358,2.6758176320519302,Train
DTXSID3045223,0.7647058823529411,0.6585593158958063,3.7416573867739418,Train
DTXSID2046127,0.6551724137931034,0.6240867121039063,4.440720662234904,Train
DTXSID4020870,0.5483870967741935,0.426219926902908,2.6832815729997477,Train
DTXSID6046343,0.5106382978723404,0.42088030228059914,3.2984845004941286,Train
DTXSID4021929,0.0,0.0,0.0,Train
DTXSID0046488,0.7887323943661971,0.7046988137832966,5.477225575051661,Train
DTXSID2052289,0.4444444444444444,0.43555555555555553,2.668332812825267,Train
DTXSID7020184,0.6176470588235294,0.5813075167350925,5.253570214625479,Train
DTXSID4023622,0.5185185185185185,0.4431885521885522,1.886796226411321,Train
DTXSID4040719,0.5384615384615384,0.45030075615441467,2.668332812825267,Train
DTXSID8029868,0.717948717948718,0.6945182502430851,5.347896782848375,Train
DTXSID7027201,0.47368421052631576,0.4236842105263158,1.9390719429665317,Train
DTXSID6041210,0.71875,0.6854124579124579,3.394112549695428,Train
DTXSID5026625,0.5454545454545454,0.4615629984051036,2.90516780926679,Train
DTXSID5047324,0.7605633802816901,0.7484444144933396,5.549774770204643,Train
DTXSID8027167,0.5925925925925926,0.5231769036116861,2.65329983228432,Train
DTXSID9047887,0.034482758620689655,0.034482758620689655,1.0,Train
DTXSID8046458,0.5324675324675324,0.43926758845647207,4.2,Train
DTXSID2048167,0.7560975609756098,0.7486554096310194,4.476605857119878,Train
DTXSID9044790,0.4827586206896552,0.45492113250733945,2.209072203437452,Train
DTXSID3047344,0.7551020408163265,0.747036714603807,4.967896939349688,Train
DTXSID9046449,0.7,0.6338697263051974,4.6776062254106,Train
DTXSID2025422,0.6206896551724138,0.574351606248158,3.0983866769659336,Train
DTXSID2023276,0.5454545454545454,0.48910384778318167,3.8366652186501753,Train
DTXSID5029186,0.7083333333333334,0.6416666666666667,2.6229754097208002,Train
DTXSID3032412,0.6222222222222222,0.5904137190722556,4.1952353926806065,Train
DTXSID8041955,0.45,0.37416666666666665,2.0297783130184444,Train
DTXSID8021488,0.42857142857142855,0.3918580765639589,1.3416407864998738,Train
DTXSID7025924,0.5405405405405406,0.48166802671339876,2.8071337695236402,Train
DTXSID7047277,0.7323943661971831,0.7090462882651484,5.885575587824865,Train
DTXSID2025551,0.5517241379310345,0.3913563218390804,2.1725560982400434,Train
DTXSID5046481,0.7017543859649122,0.6523382345781197,4.862098312457287,Train
DTXSID8048943,0.6666666666666666,0.5855769033308738,5.261178575186362,Train
DTXSID8023472,0.7,0.6673309385977305,4.694677837722201,Train
DTXSID1044936,0.5,0.485960591133005,3.286335345030997,Train
DTXSID8044703,0.5416666666666666,0.499223602484472,1.9390719429665317,Train
DTXSID8022585,0.6666666666666666,0.6228644688644688,3.872983346207417,Train
DTXSID3020706,0.6216216216216216,0.4671580671580672,2.668332812825267,Train
DTXSID1048833,0.7647058823529411,0.7512207463630614,4.967896939349688,Train
DTXSID4044955,0.48,0.40004558404558405,2.244994432064365,Train
DTXSID6025064,0.6666666666666666,0.6303265575004706,2.9120439557122073,Train
DTXSID9020827,0.5862068965517241,0.5212299832989489,2.4166091947189146,Train
DTXSID5034355,0.6415094339622641,0.6015080297147379,4.004996878900157,Train
DTXSID5046140,0.6666666666666666,0.5795542635658915,3.6496575181789317,Train
DTXSID3041403,0.5357142857142857,0.4973251853336005,2.4979991993593593,Train
DTXSID4042335,0.4166666666666667,0.3036108014368884,1.6248076809271923,Train
DTXSID4037582,0.696969696969697,0.6444100997042174,3.5440090293338704,Train
DTXSID2020505,0.5555555555555556,0.4900854700854701,1.8439088914585775,Train
DTXSID2057732,0.4411764705882353,0.41293959519291584,2.9461839725312475,Train
DTXSID9046786,0.7439024390243902,0.7339747319007429,6.1773780845922,Train
DTXSID8034877,0.56,0.5054313725490196,2.749545416973504,Train
DTXSID1046891,0.6415094339622641,0.5291098530116499,4.190465367951393,Train
DTXSID7032474,0.6153846153846154,0.5802928778538534,4.093897898091744,Train
DTXSID8024658,0.47368421052631576,0.46191950464396286,1.8973665961010278,Train
DTXSID1057660,0.6,0.5424301454610527,4.6475800154489,Train
DTXSID5026049,0.45,0.3484210526315789,1.5491933384829668,Train
DTXSID0049236,0.7380952380952381,0.40319327731092436,1.9899748742132402,Train
DTXSID6043917,0.47368421052631576,0.28421052631578947,1.7549928774784245,Train
DTXSID1020358,0.65625,0.51125,3.0724582991474434,Train
DTXSID1021162,0.7608695652173914,0.7264163372859025,4.560701700396552,Train
DTXSID6046426,0.5909090909090909,0.5615167527063998,4.454211490264018,Train
DTXSID2044420,0.6428571428571429,0.4602871592611675,3.174901573277509,Train
DTXSID1044433,0.6111111111111112,0.487936507936508,2.3664319132398464,Train
DTXSID7057816,0.7321428571428571,0.6553963185498224,4.963869458396343,Train
DTXSID8044834,0.7105263157894737,0.6940597223609307,4.014971979976947,Train
DTXSID6021117,0.6666666666666666,0.5929960317460317,3.4467375879228177,Train
DTXSID2026232,0.6666666666666666,0.6327956989247311,3.2802438933713454,Train
DTXSID3024497,0.5217391304347826,0.46859903381642515,2.0976176963403033,Train
DTXSID0044658,0.6666666666666666,0.5845787545787545,2.545584412271571,Train
DTXSID8049046,0.7142857142857143,0.6397537166917551,4.728636167014756,Train
DTXSID0021179,0.46153846153846156,0.40046755177189963,2.932575659723036,Train
DTXSID1044485,0.4838709677419355,0.41674855252274606,2.0,Train
DTXSID7021152,0.5,0.38571428571428573,1.562049935181331,Train
DTXSID9045429,0.803921568627451,0.7887188191742922,5.2115256883181535,Train
DTXSID0041517,0.7037037037037037,0.6250829158070538,3.0331501776206204,Train
DTXSID3024738,0.5897435897435898,0.5547863247863247,3.97994974842648,Train
DTXSID1045409,0.5652173913043478,0.47790458937198066,2.939387691339814,Train
DTXSID2020478,0.7333333333333333,0.7165052418845523,3.4292856398964497,Train
DTXSID6022975,0.48717948717948717,0.3725403251719041,3.0199337741083,Train
DTXSID1041132,0.7209302325581395,0.671661235762151,4.171330722922842,Train
DTXSID8057697,0.5733333333333334,0.4858221573568369,4.711687595755899,Train
DTXSID0020577,0.7297297297297297,0.6221588235701139,3.5213633723318023,Train
DTXSID2022381,0.5416666666666666,0.4869855072463768,2.615339366124404,Train
DTXSID5044734,0.6666666666666666,0.5712215320910973,2.8495613697550017,Train
DTXSID6024254,0.4444444444444444,0.376984126984127,1.5491933384829668,Train
DTXSID4021216,0.660377358490566,0.3866542262768678,2.65329983228432,Train
DTXSID4020117,0.5555555555555556,0.49694340147406485,3.867815921162743,Train
DTXSID2024955,0.6875,0.5589718614718614,1.624807680927192,Train
DTXSID0024397,0.42424242424242425,0.4005408811618489,1.876166303929372,Train
DTXSID9046495,0.7192982456140351,0.696180721378032,5.624944444170094,Train
DTXSID2057815,0.6666666666666666,0.48297884286256376,4.774934554525329,Train
DTXSID3038771,0.625,0.5900000000000001,2.4248711305964283,Train
DTXSID8025969,0.7142857142857143,0.6035409035409035,1.5748015748023623,Train
DTXSID1044980,0.6785714285714286,0.6248213450878246,3.0199337741083,Train
DTXSID8021193,0.5454545454545454,0.48155165248188503,2.9933259094191533,Train
DTXSID8041080,0.7183098591549296,0.6849557614673785,4.638965401897281,Train
DTXSID6020561,0.5625,0.41916666666666663,2.5768197453450252,Train
DTXSID5029182,0.5263157894736842,0.4808528140470528,1.9287301521985911,Train
DTXSID1024170,0.7272727272727273,0.659090909090909,2.9664793948382653,Train
DTXSID8023216,0.5416666666666666,0.3741195006543844,3.0331501776206204,Train
DTXSID3051836,0.625,0.5653846153846154,1.9390719429665317,Train
DTXSID4028040,0.6666666666666666,0.6385696040868454,3.174901573277509,Train
DTXSID2025977,0.71875,0.6833664021164021,3.4467375879228177,Train
DTXSID4027153,0.5789473684210527,0.5260458839406208,2.154065922853802,Train
DTXSID0042400,0.38461538461538464,0.12307692307692308,0.8,Train
DTXSID2027620,0.5405405405405406,0.4914414414414415,2.727636339397171,Train
DTXSID4021131,0.5,0.4619047619047619,2.814249455894058,Train
DTXSID4025791,0.44,0.38994871794871794,2.039607805437114,Train
DTXSID4023678,0.6774193548387096,0.6425031017369727,3.1368774282716245,Train
DTXSID7044342,0.7466666666666667,0.7375966973009226,5.556977595779922,Train
DTXSID6052536,0.625,0.5392857142857144,3.0199337741083,Train
DTXSID9026766,0.7368421052631579,0.7195671588473447,2.6981475126464085,Train
DTXSID9045184,0.6379310344827587,0.6331562428859007,4.849742261192857,Train
DTXSID8045692,0.5853658536585366,0.5541463414634146,4.261455150532504,Train
DTXSID7049215,0.6,0.5171291866028709,2.3916521486202797,Train
DTXSID6027343,0.52,0.489569316351925,2.0199009876724157,Train
DTXSID3046324,0.7692307692307693,0.7298411475883315,5.667450926121902,Train
DTXSID4027026,0.4666666666666667,0.20999999999999996,1.0,Train
DTXSID5022699,0.6557377049180327,0.6099546193705169,4.2,Train
DTXSID7032551,0.671875,0.6059809615579872,4.5694638635183455,Train
DTXSID7049007,0.7272727272727273,0.6959097043307569,5.011985634456667,Train
DTXSID8026436,0.65,0.5786335403726708,2.4979991993593593,Train
DTXSID5023667,0.6323529411764706,0.6007265406162465,5.102940328869229,Train
DTXSID5025732,0.3225806451612903,0.3133179723502304,2.144761058952722,Train
DTXSID3046821,0.7333333333333333,0.6836345343645853,3.2186953878862163,Train
DTXSID5035616,0.44,0.4039487179487179,2.3748684174075834,Train
DTXSID0021963,0.48,0.45436538461538467,2.0099751242241783,Train
DTXSID3047053,0.7666666666666667,0.594939948263119,3.1811947441173736,Train
DTXSID4047674,0.6944444444444444,0.6272049845579257,3.0594117081556713,Train
DTXSID3047342,0.7272727272727273,0.701720939217856,5.196152422706632,Train
DTXSID0027806,0.5925925925925926,0.5711554872845196,3.1496031496047245,Train
DTXSID6051564,0.6,0.5581818181818182,2.7129319932501077,Train
DTXSID8049410,0.7058823529411765,0.6149859943977591,1.9798989873223334,Train
DTXSID4027498,0.65625,0.5736155913978495,2.9664793948382653,Train
DTXSID7044926,0.7333333333333333,0.6788264888264888,3.5270384177096794,Train
DTXSID3047055,0.7659574468085106,0.7394659991656237,4.737087712930805,Train
DTXSID6020939,0.5333333333333333,0.3883263305322129,1.7776388834631178,Train
DTXSID1025306,0.8108108108108109,0.7832923832923834,4.1085277168348275,Train
DTXSID4021894,0.625,0.33246753246753247,1.3416407864998738,Train
DTXSID7052602,0.4,0.35106227106227106,1.9078784028338913,Train
DTXSID3042180,0.45714285714285713,0.39927314620863,2.6457513110645907,Train
DTXSID6057794,0.7115384615384616,0.6993496507782223,4.886716689148247,Train
DTXSID5046142,0.4716981132075472,0.35788526817244903,2.3916521486202797,Train
DTXSID5048685,0.7727272727272727,0.7636710352957492,5.488169093604897,Train
DTXSID3047138,0.5,0.48571428571428565,1.7663521732655696,Train
DTXSID8041248,0.44,0.40525955204216074,2.0,Train
DTXSID4041490,0.6470588235294118,0.60710407239819,2.505992817228334,Train
DTXSID1046423,0.6142857142857143,0.5720972222222223,4.833218389437829,Train
DTXSID1032690,0.75,0.5931151269285143,5.299056519796708,Train
DTXSID2021440,0.6451612903225806,0.5209850558591672,2.764054992217051,Train
DTXSID1046344,0.7375,0.7296615213882163,5.706137047074843,Train
DTXSID5025023,0.75,0.7351282051282051,3.4928498393145966,Train
DTXSID4046024,0.7162162162162162,0.6808490223970101,4.8373546489791295,Train
DTXSID9021552,0.6666666666666666,0.4,1.0954451150103324,Train
DTXSID0048505,0.6851851851851852,0.6293982393119552,5.0517323761260355,Train
DTXSID9021188,0.6363636363636364,0.5239258712889544,3.4583232931581165,Train
DTXSID5046487,0.7142857142857143,0.68665000126601,5.73410847473258,Train
DTXSID5045594,0.6578947368421053,0.6135766116249239,3.924283374069717,Train
DTXSID7023352,0.5571428571428572,0.3725065539036127,3.358571124749333,Train
DTXSID1046681,0.6746987951807228,0.634456667248705,5.546169849544819,Train
DTXSID1025279,0.6129032258064516,0.5743269777491375,3.1811947441173736,Train
DTXSID6049066,0.71,0.6877481187508107,7.008566187174093,Train
DTXSID5025863,0.5806451612903226,0.4666664947955271,2.3916521486202797,Train
DTXSID5020497,0.6818181818181818,0.5312046753940585,2.898275349237888,Train
DTXSID5023665,0.631578947368421,0.5872311465180735,3.872983346207417,Train
DTXSID3057696,0.6296296296296297,0.5956878306878307,2.9664793948382653,Train
DTXSID0021917,0.125,0.125,1.0,Train
DTXSID6046557,0.6578947368421053,0.6314752520441375,3.4467375879228177,Train
DTXSID9025661,0.56,0.49557142857142866,2.3579652245103193,Train
DTXSID2042195,0.6052631578947368,0.550698538328744,2.8284271247461903,Train
DTXSID4020583,0.43478260869565216,0.4046854594680681,1.949358868961793,Train
DTXSID4025406,0.16666666666666666,0.06666666666666667,0.8,Train
DTXSID3021221,0.4153846153846154,0.32683406415988386,2.8844410203711917,Train
DTXSID2024038,0.6470588235294118,0.5756489262371616,2.4413111231467406,Train
DTXSID1047368,0.7362637362637363,0.727091987124306,6.684309986827362,Train
DTXSID0051996,0.5833333333333334,0.5117407407407407,2.5922962793631448,Train
DTXSID2044210,0.75,0.61576026272578,4.720169488482378,Train
DTXSID4047333,0.7733333333333333,0.7652844538973571,5.858327406350724,Train
DTXSID0051736,0.75,0.7116541353383459,2.4000000000000004,Train
DTXSID7046093,0.7763157894736842,0.752157071292113,5.854912467321779,Train
DTXSID4042622,0.7321428571428571,0.7237985796974562,5.681549084536717,Train
DTXSID1020063,0.43333333333333335,0.4080813439434129,2.734958866235469,Train
DTXSID2025842,0.5185185185185185,0.34832156571287004,2.0976176963403033,Train
DTXSID8026309,0.5882352941176471,0.49081527347781223,1.886796226411321,Train
DTXSID2048820,0.7272727272727273,0.6838010596770705,3.954743986657038,Train
DTXSID9046576,0.8032786885245902,0.7450405733146118,5.276362383309168,Train
DTXSID9049322,0.5757575757575758,0.4806622678396872,2.9664793948382653,Train
DTXSID5047083,0.3684210526315789,0.36555023923444974,2.154065922853802,Train
DTXSID0046147,0.6938775510204082,0.6730409610652772,3.7576588456111875,Train
DTXSID8020541,0.6428571428571429,0.5728957528957529,2.9597297173897488,Train
DTXSID6024123,0.5081967213114754,0.4241073477188063,3.3406586176980135,Train
DTXSID4020826,0.5555555555555556,0.458514619883041,2.1166010488516727,Train
DTXSID9020667,0.5714285714285714,0.5380736910148674,1.9390719429665317,Train
DTXSID9024699,0.5161290322580645,0.46505875576036865,2.986636904613616,Train
DTXSID0046351,0.6842105263157895,0.4611256648408351,2.842534080710379,Train
DTXSID3020835,0.6111111111111112,0.581045751633987,2.545584412271571,Train
DTXSID2029242,0.6296296296296297,0.5952861952861953,3.0854497241083023,Train
DTXSID1047780,0.6,0.5481949934123846,2.946183972531247,Train
DTXSID1032359,0.675,0.5934376863446632,4.014971979976947,Train
DTXSID0022808,0.3695652173913043,0.3227142545895024,2.227105745132009,Train
DTXSID4020371,0.5,0.46047619047619043,1.876166303929372,Train
DTXSID9024774,0.6086956521739131,0.5662058061878151,2.4248711305964283,Train
DTXSID8042260,0.6,0.5390962517222957,4.147288270665545,Train
DTXSID2023222,0.7142857142857143,0.6362695955575213,3.5042830935870466,Train
DTXSID8025595,0.6071428571428571,0.5754515599343186,2.778488797889961,Train
DTXSID9047590,0.36666666666666664,0.34113449768622184,2.04939015319192,Train
DTXSID9024809,0.5384615384615384,0.4481684981684982,1.624807680927192,Train
DTXSID1045245,0.6551724137931034,0.6411036600953501,3.6386810797320503,Train
DTXSID3025203,0.6046511627906976,0.5915998186960575,4.363484845854286,Train
DTXSID9020582,0.6666666666666666,0.5963498452860155,3.6606010435446255,Train
DTXSID9021633,0.43478260869565216,0.39163184641445514,1.6733200530681511,Train
DTXSID0020238,0.6792452830188679,0.6185045109833659,4.634652090502587,Train
DTXSID7032004,0.6,0.49093795093795095,3.2557641192199416,Train
DTXSID6047783,0.5483870967741935,0.35843456736369966,2.814249455894058,Train
DTXSID8048737,0.7454545454545455,0.7071340939761993,4.7791212581394085,Train
DTXSID0025812,0.4074074074074074,0.4028490028490029,3.2619012860600183,Train
DTXSID1045798,0.6785714285714286,0.6147987739872068,4.613025037868319,Train
DTXSID8047769,0.55,0.530230179028133,1.9183326093250879,Train
DTXSID6046501,0.6326530612244898,0.6147799192858582,3.8626415831655936,Train
DTXSID8046454,0.7228915662650602,0.6255534784387036,5.4,Train
DTXSID8047006,0.7636363636363637,0.48620666889210346,4.46318272088428,Train
DTXSID9037745,0.5681818181818182,0.47569512694512694,3.1496031496047245,Train
DTXSID7022918,0.6875,0.6287538699690403,2.5219040425836985,Train
DTXSID8021222,0.8235294117647058,0.7870743034055728,2.8071337695236402,Train
DTXSID2026151,0.7037037037037037,0.4356466707240701,3.4351128074635335,Train
DTXSID8042426,0.6538461538461539,0.605479375696767,3.0983866769659336,Train
DTXSID8049337,0.45454545454545453,0.4166233766233766,2.3916521486202797,Train
DTXSID1033539,0.4423076923076923,0.3174426763712478,2.90516780926679,Train
DTXSID8049042,0.6428571428571429,0.6227015232257067,4.064480286580316,Train
DTXSID0026339,0.6086956521739131,0.4479094220003808,3.3105890714493698,Train
DTXSID3057806,0.6231884057971014,0.5338232015214113,4.029888335921977,Train
DTXSID8045802,0.5777777777777777,0.3553055136958692,2.6981475126464085,Train
DTXSID0027981,0.7906976744186046,0.6403421565703792,3.6932370625238775,Train
DTXSID0021040,0.5,0.17142857142857143,1.0392304845413265,Train
DTXSID5045625,0.4528301886792453,0.40999891858049464,3.5552777669262356,Train
DTXSID6021086,0.7272727272727273,0.6804575269691548,4.0,Train
DTXSID2049391,0.4666666666666667,0.3711111111111111,1.886796226411321,Train
DTXSID8020919,0.5862068965517241,0.5358910517100173,2.8844410203711917,Train
DTXSID5020106,0.75,0.512000794316226,2.8071337695236402,Train
DTXSID5025285,0.4,0.32818181818181824,1.5874507866387544,Train
DTXSID8027537,0.5,0.47115489874110567,2.2,Train
DTXSID0044737,0.6981132075471698,0.6560749061759844,4.069397989875161,Train
DTXSID9022657,0.7162162162162162,0.640235359979063,5.039841267341661,Train
DTXSID5024471,0.5428571428571428,0.5173109243697478,3.1874754901018454,Train
DTXSID6020357,0.6363636363636364,0.6073263153174363,4.903060268852505,Train
DTXSID4034948,0.6956521739130435,0.643432429084603,4.2,Train
DTXSID5032498,0.5675675675675675,0.5005033896375153,2.705549851693737,Train
DTXSID3026728,0.4642857142857143,0.3551648351648352,1.7888543819998317,Train
DTXSID5048421,0.631578947368421,0.6117703349282296,3.8832975677895196,Train
DTXSID5057701,0.7323943661971831,0.7069850600957878,5.091168824543142,Train
DTXSID3047843,0.6612903225806451,0.6008895009146654,4.5694638635183455,Train
DTXSID2020189,0.6962025316455697,0.3776979473847056,3.5042830935870466,Train
DTXSID5052595,0.5185185185185185,0.4295016835016835,2.0099751242241783,Train
DTXSID6024175,0.5576923076923077,0.47639974518235384,3.2619012860600183,Train
DTXSID6048202,0.48,0.456121038381908,2.3916521486202797,Train
DTXSID8021775,0.5833333333333334,0.5627641876589983,2.898275349237888,Train
DTXSID5020108,0.48,0.42397516246121414,2.154065922853802,Train
DTXSID9047837,0.6888888888888889,0.6823389555936726,4.83735464897913,Train
DTXSID3021645,0.0,0.0,0.0,Train
DTXSID8020965,0.5833333333333334,0.5527650432642692,3.1304951684997055,Train
DTXSID2023064,0.7121212121212122,0.6366629702358425,5.039841267341662,Train
DTXSID9049245,0.5,0.438328173374613,2.2181073012818833,Train
DTXSID8020410,0.6470588235294118,0.594094304388422,2.0591260281974,Train
DTXSID6045371,0.5866666666666667,0.5105076761522908,3.9344631145812006,Train
DTXSID6041927,0.7045454545454546,0.6817590702134094,4.63033476111609,Train
DTXSID8027246,0.7,0.5867327739638952,2.6153393661244047,Train
DTXSID7045655,0.6285714285714286,0.5910618792971734,3.417601498127013,Train
DTXSID7021863,0.36363636363636365,0.3186921850079744,1.50996688705415,Train
DTXSID6048961,0.7536231884057971,0.7423601710975147,5.571355310873648,Train
DTXSID9045392,0.6470588235294118,0.6104424664602683,4.449719092257398,Train
DTXSID4024931,0.4666666666666667,0.33167277167277165,1.3416407864998738,Train
DTXSID6047444,0.7222222222222222,0.7065331850203931,3.704051835490427,Train
DTXSID2041464,0.631578947368421,0.5702167556572592,2.2715633383201097,Train
DTXSID4036514,0.6031746031746031,0.5469661575321954,3.8678159211627436,Train
DTXSID0042169,0.5357142857142857,0.5133160173160173,2.668332812825267,Train
DTXSID9044744,0.7307692307692307,0.7094180479052559,3.4,Train
DTXSID7024409,0.6,0.49969230769230766,2.5455844122715714,Train
DTXSID0044498,0.7,0.6534615384615385,2.3323807579381204,Train
DTXSID4047129,0.46875,0.42211538461538467,2.870540018881465,Train
DTXSID5045388,0.66,0.6330958293375978,5.854912467321779,Train
DTXSID1022556,0.7413793103448276,0.6055326634376732,4.209513035969837,Train
DTXSID1020930,0.6842105263157895,0.4611256648408351,2.842534080710379,Train
DTXSID6047109,0.6071428571428571,0.5666397436202534,2.973213749463701,Train
DTXSID5023031,0.4117647058823529,0.3449774077483056,2.4979991993593593,Train
DTXSID6044804,0.631578947368421,0.5794049225628173,2.2891046284519194,Train
DTXSID2025761,0.5666666666666667,0.5110964912280702,2.8354893757515653,Train
DTXSID3021065,0.6153846153846154,0.6064114951071473,3.039736830714133,Train
DTXSID4024436,0.5483870967741935,0.4734844425091428,3.954743986657038,Train
DTXSID7048798,0.75,0.742780487804878,7.233256528010051,Train
DTXSID8047058,0.44,0.3635500792114064,1.886796226411321,Train
DTXSID0057627,0.64,0.6066111111111112,4.485532298401162,Train
DTXSID5037523,0.6571428571428571,0.5533514739229025,3.6110940170535577,Train
DTXSID1024176,0.68,0.6196726998491704,2.1908902300206647,Train
DTXSID7042196,0.4166666666666667,0.3036108014368884,1.6248076809271923,Train
DTXSID2023193,0.5,0.4294967629269955,2.8284271247461903,Train
DTXSID8034665,0.6136363636363636,0.4770443862658362,3.3045423283716615,Train
DTXSID2027466,0.7105263157894737,0.6636924112344046,3.867815921162743,Train
DTXSID9032375,0.726027397260274,0.6066676027629176,4.494441010848846,Train
DTXSID6023656,0.6166666666666667,0.5977763766288356,4.878524367060187,Train
DTXSID2048870,0.696969696969697,0.6783915859493523,3.709447398198282,Train
DTXSID5025231,0.65625,0.5551785714285714,3.124099870362662,Train
DTXSID3032129,0.6944444444444444,0.5727752639517346,3.22490309931942,Train
DTXSID0047034,0.6666666666666666,0.6093231162196678,3.117691453623979,Train
DTXSID6021953,0.6363636363636364,0.5891857865279791,3.8314488121336034,Train
DTXSID7044394,0.6818181818181818,0.591125541125541,2.821347195933177,Train
DTXSID5046067,0.4931506849315068,0.3660408574633834,3.4292856398964497,Train
DTXSID0029133,0.4583333333333333,0.39015406162464983,1.7549928774784245,Train
DTXSID2047303,0.7285714285714285,0.7100513485149131,5.138093031466052,Train
DTXSID6044517,0.7,0.6686657121762789,3.411744421846396,Train
DTXSID0046270,0.5283018867924528,0.40558666366248586,3.1304951684997055,Train
DTXSID7041621,0.6666666666666666,0.656162003201058,4.604345773288536,Train
DTXSID7044423,0.8125,0.8026683087027914,2.8071337695236402,Train
DTXSID0024553,0.6875,0.6660714285714285,2.638181191654584,Train
DTXSID3049336,0.5666666666666667,0.539037037037037,2.1908902300206647,Train
DTXSID5041518,0.5,0.4166633825944171,2.0099751242241783,Train
DTXSID6026240,0.6938775510204082,0.5530463800180645,3.286335345030997,Train
DTXSID3047267,0.8,0.7915493726132024,5.44426303552648,Train
DTXSID1026089,0.47058823529411764,0.4516540975364506,1.6248076809271923,Train
DTXSID2026789,0.7037037037037037,0.6152534843689266,2.90516780926679,Train
DTXSID0023169,0.7213114754098361,0.6343717806432599,5.230678732248808,Train
DTXSID1044560,0.8,0.7640616246498599,3.5721142198983507,Train
DTXSID0026098,0.5714285714285714,0.4795100732600733,2.4738633753705965,Train
DTXSID7046910,0.7142857142857143,0.6959321874881066,5.589275444992849,Train
DTXSID2020761,0.6842105263157895,0.6377990430622009,2.366431913239847,Train
DTXSID0024555,0.6785714285714286,0.5990110464248396,2.7276363393971716,Train
DTXSID1048839,0.6444444444444445,0.5701041776651532,4.237924020083418,Train
DTXSID1057616,0.7307692307692307,0.6872153154192135,3.1811947441173736,Train
DTXSID1025485,0.47058823529411764,0.3699797160243407,2.0199009876724157,Train
DTXSID0046563,0.55,0.3908080808080808,1.9899748742132402,Train
DTXSID8020967,0.6470588235294118,0.4818811735220404,1.9798989873223334,Train
DTXSID1024338,0.6153846153846154,0.5418696894503345,3.1304951684997055,Train
DTXSID5046986,0.5,0.36153846153846153,1.4560219778561039,Train
DTXSID6021246,0.6388888888888888,0.6319819819819819,4.266145801540309,Train
DTXSID5027148,0.75,0.6130591630591631,1.949358868961793,Train
DTXSID5045417,0.7547169811320755,0.7398851951682139,5.149757275833493,Train
DTXSID9046861,0.6438356164383562,0.6004352108125363,5.079370039680118,Train
DTXSID6044359,0.16666666666666666,0.07509803921568628,0.5291502622129182,Train
DTXSID8041034,0.5875,0.4988935244615604,3.944616584663204,Train
DTXSID6045618,0.7169811320754716,0.6157747633097601,3.3882148692194836,Train
DTXSID1049354,0.29411764705882354,0.29411764705882354,2.23606797749979,Train
DTXSID6026878,0.6666666666666666,0.5462931289556676,1.50996688705415,Train
DTXSID6022715,0.6666666666666666,0.6499297321036452,3.8105117766515306,Train
DTXSID9046071,0.6,0.4173485746599481,3.280243893371345,Train
DTXSID9029649,0.6153846153846154,0.5102337858220212,2.009975124224178,Train
DTXSID7020970,0.5526315789473685,0.5097913995596454,2.891366458960192,Train
DTXSID1045580,0.6206896551724138,0.5409511178476695,3.2,Train
DTXSID7021158,0.44,0.3272982456140351,1.4832396974191326,Train
DTXSID1020354,0.7666666666666667,0.721032581453634,3.0659419433511785,Train
DTXSID7031903,0.5517241379310345,0.4563563218390804,2.2,Train
DTXSID4044953,0.5555555555555556,0.4853217893217893,2.227105745132009,Train
DTXSID6022391,0.55,0.5043073593073594,3.704051835490427,Train
DTXSID8027036,0.6153846153846154,0.5624631123352352,1.8654758106177631,Train
DTXSID3029281,0.38461538461538464,0.18774558774558775,1.0583005244258363,Train
DTXSID5032573,0.7457627118644068,0.7159004712135371,5.019960159204453,Train
DTXSID3020336,0.6052631578947368,0.5146621966170838,2.85657137141714,Train
DTXSID9049243,0.5357142857142857,0.4751731435869367,2.6758176320519302,Train
DTXSID8044208,0.7272727272727273,0.6864080364080365,5.1146847410177685,Train
DTXSID3027580,0.0,0.0,0.0,Train
DTXSID0032497,0.59375,0.5534902597402598,2.6907248094147422,Train
DTXSID6022050,0.6086956521739131,0.49171963725739476,2.545584412271571,Train
DTXSID0047454,0.7959183673469388,0.6758744388443636,4.1036569057366385,Train
DTXSID2026783,0.6,0.5061305361305362,1.8439088914585775,Train
DTXSID0026204,0.5714285714285714,0.5087505087505088,2.8000000000000003,Train
DTXSID1021584,0.6428571428571429,0.5823809523809523,2.280350850198276,Train
DTXSID5034729,0.6451612903225806,0.631216077828981,3.54400902933387,Train
DTXSID0032605,0.5434782608695652,0.5022931491691628,3.2310988842807027,Train
DTXSID9026712,0.6666666666666666,0.5434523809523809,1.5748015748023623,Train
DTXSID8043814,0.7123287671232876,0.6888981134483014,4.715930449020639,Train
DTXSID0022436,0.5625,0.5295532915360501,3.4583232931581165,Train
DTXSID0042117,0.625,0.5892208462332301,4.132795663954365,Train
DTXSID4057845,0.6521739130434783,0.6143439018119325,3.340658617698013,Train
DTXSID9040687,0.639344262295082,0.5781099213192737,3.984971769034255,Train
DTXSID1048178,0.6901408450704225,0.6403793016596222,5.249761899362675,Train
DTXSID3025257,0.68,0.6498453912399518,4.485532298401161,Train
DTXSID4038924,0.16129032258064516,0.16129032258064516,2.23606797749979,Train
DTXSID5044029,0.717948717948718,0.7036666111666112,5.681549084536717,Train
DTXSID7041253,0.6363636363636364,0.6235885167464115,2.5922962793631443,Train
DTXSID7022384,0.575,0.3157302118171683,2.2181073012818837,Train
DTXSID3032620,0.5714285714285714,0.4714943713799549,3.6,Train
DTXSID8043941,0.6842105263157895,0.621578947368421,2.6457513110645907,Train
DTXSID0023298,0.5087719298245614,0.46465031356672226,3.7947331922020555,Train
DTXSID1026083,0.7857142857142857,0.7542857142857142,2.2181073012818833,Train
DTXSID0021096,0.5777777777777777,0.5534235976789168,4.019950248448357,Train
DTXSID2047060,0.56,0.4470267379679145,1.949358868961793,Train
DTXSID2044921,0.46153846153846156,0.4322129822129822,3.4467375879228177,Train
DTXSID2027096,0.6666666666666666,0.5999999999999999,2.1908902300206647,Train
DTXSID9032535,0.6875,0.6822619047619047,4.3954521951671826,Train
DTXSID7027386,0.25,0.12366666666666667,1.1135528725660044,Train
DTXSID1044487,0.3333333333333333,0.3166666666666666,1.8110770276274835,Train
DTXSID3033307,0.5217391304347826,0.3461467678858983,1.949358868961793,Train
DTXSID9046287,0.5135135135135135,0.48656717156717155,2.8354893757515653,Train
DTXSID7020689,0.7,0.6450505050505051,1.562049935181331,Train
DTXSID4022579,0.7727272727272727,0.7164502164502163,2.5922962793631443,Train
DTXSID1029338,0.56,0.5171568431568432,2.877498913987632,Train
DTXSID2040151,0.8113207547169812,0.7832687829063405,4.494441010848846,Train
DTXSID5041699,0.6222222222222222,0.537794893738411,3.6769552621700474,Train
DTXSID9021398,0.5238095238095238,0.5047619047619047,2.2978250586152114,Train
DTXSID1035783,0.6666666666666666,0.4266746712407089,2.939387691339814,Train
DTXSID3045934,0.7272727272727273,0.5372793455500222,3.3045423283716615,Train
DTXSID9047411,0.4166666666666667,0.34637519872813993,2.349468024894146,Train
DTXSID0022016,0.7692307692307693,0.7031468531468532,1.8654758106177631,Train
DTXSID8044202,0.0,0.0,0.0,Train
DTXSID3038694,0.6153846153846154,0.5602761464317528,2.5845695966640174,Train
DTXSID5021968,0.5609756097560976,0.4809451219512195,3.006659275674582,Train
DTXSID8026640,0.47058823529411764,0.40356209150326794,1.8439088914585775,Train
DTXSID9046445,0.7857142857142857,0.5948343425423221,3.8262252939417984,Train
DTXSID0027804,0.6666666666666666,0.5909803921568627,2.1633307652783937,Train
DTXSID1026457,0.7368421052631579,0.633311889349041,2.6153393661244047,Train
DTXSID4046448,0.75,0.6815894909688013,5.2459508194416005,Train
DTXSID2033736,0.75,0.7429192021636241,6.991423317179414,Train
DTXSID1022558,0.42857142857142855,0.3774047405825808,2.32379000772445,Train
DTXSID5036684,0.44,0.33955502392344494,1.6492422502470645,Train
DTXSID9021217,0.7058823529411765,0.6670855614973263,3.88329756778952,Train
DTXSID2043747,0.4523809523809524,0.38113853474265375,4.24735211631906,Train
DTXSID2044000,0.6666666666666666,0.5602033898305084,4.171330722922843,Train
DTXSID6023868,0.7878787878787878,0.7815334201926826,5.74108003776293,Train
DTXSID5045914,0.6,0.5641928350287484,2.821347195933177,Train
DTXSID0046430,0.7066666666666667,0.6771185278282053,5.106858133921482,Train
DTXSID2049214,0.625,0.5737762001352265,3.3286633954186478,Train
DTXSID8044753,0.4444444444444444,0.4164493284493284,2.5377155080899043,Train
DTXSID6042074,0.5357142857142857,0.4883508343508344,2.3579652245103193,Train
DTXSID3024441,0.4722222222222222,0.4363363363363363,2.4576411454889016,Train
DTXSID1048170,0.746031746031746,0.7244692587963304,5.678027826631356,Train
DTXSID1020647,0.6333333333333333,0.5756695156695157,2.6229754097208002,Train
DTXSID1024837,0.5757575757575758,0.5154587348135735,3.3645207682521443,Train
DTXSID6021402,0.5,0.47000000000000003,1.9595917942265424,Train
DTXSID7025180,0.64,0.5901661675365791,2.6229754097208002,Train
DTXSID2047436,0.6455696202531646,0.4360047506591834,4.219004621945797,Train
DTXSID6024200,0.52,0.48577777777777775,2.28910462845192,Train
DTXSID8032623,0.48717948717948717,0.4244888927815757,3.22490309931942,Train
DTXSID2045157,0.6486486486486487,0.6285042395336513,3.671511950137164,Train
DTXSID5049233,0.7272727272727273,0.6560427807486631,3.649657518178932,Train
DTXSID4022284,0.5714285714285714,0.5386568986568987,1.7204650534085253,Train
DTXSID6049068,0.6052631578947368,0.5204493347837001,3.736308338453881,Train
DTXSID1045293,0.6792452830188679,0.5983599010225127,3.8366652186501757,Train
DTXSID8021642,0.0,0.0,0.0,Train
DTXSID5047611,0.27586206896551724,0.2492337164750958,2.08806130178211,Train
DTXSID4041600,0.6382978723404256,0.6230519035560664,4.538722287164087,Train
DTXSID9027312,0.5333333333333333,0.5029277389277389,2.6758176320519302,Train
DTXSID7022629,0.6486486486486487,0.6290294496176849,3.9344631145812006,Train
DTXSID2026864,0.25,0.13615384615384615,0.9591663046625439,Train
DTXSID4026713,0.4482758620689655,0.4214901477832512,2.465765601187591,Train
DTXSID8041951,0.5555555555555556,0.4942112059877715,3.0854497241083023,Train
DTXSID6023286,0.5555555555555556,0.5092997645629225,3.0528675044947495,Train
DTXSID8029602,0.6153846153846154,0.551946261623681,3.736308338453881,Train
DTXSID0034695,0.7272727272727273,0.6930005941770648,2.778488797889961,Train
DTXSID4038899,0.59375,0.566665985081463,3.638681079732051,Train
DTXSID9026926,0.0,0.0,0.0,Train
DTXSID3034583,0.45454545454545453,0.4033785434995113,2.5534290669607413,Train
DTXSID9021479,0.5333333333333333,0.44969187675070027,2.449489742783178,Train
DTXSID3022877,0.49019607843137253,0.4122794907776134,2.6608269391300143,Train
DTXSID1023364,0.4772727272727273,0.4557683982683983,2.986636904613616,Train
DTXSID2044715,0.6666666666666666,0.5926245421783497,3.237282811247729,Train
DTXSID2025347,0.5357142857142857,0.5074327122153208,2.6076809620810595,Train
DTXSID6046507,0.6363636363636364,0.6015598417754752,4.529900661162451,Train
DTXSID8057699,0.6666666666666666,0.6029267951398876,3.1304951684997055,Train
DTXSID2045448,0.6197183098591549,0.5499915500536174,4.084115571332428,Train
DTXSID0045202,0.7866666666666666,0.6206698036457903,4.24735211631906,Train
DTXSID4047418,0.675,0.6065410685805424,3.6769552621700474,Train
DTXSID8034372,0.684931506849315,0.565928313759011,4.586937976471886,Train
DTXSID4020373,0.6363636363636364,0.5688730289318524,2.7928480087537886,Train
DTXSID6026082,0.7272727272727273,0.6975757575757576,2.181742422927143,Train
DTXSID2044894,0.42857142857142855,0.39340659340659345,1.854723699099141,Train
DTXSID8025258,0.7333333333333333,0.7014765985497693,4.578209256903839,Train
DTXSID4047202,0.5142857142857142,0.47983155887494033,3.124099870362662,Train
DTXSID8047268,0.7285714285714285,0.7154605562740205,5.578530272392541,Train
DTXSID8026513,0.75,0.5452569169960475,2.4494897427831783,Train
DTXSID1044352,0.45161290322580644,0.40285131627734516,2.2,Train
DTXSID0021414,0.46875,0.39502496159754225,2.280350850198276,Train
DTXSID1026904,0.38461538461538464,0.29727472527472526,1.6852299546352718,Train
DTXSID1024126,0.625,0.5366666666666667,3.3704599092705436,Train
DTXSID4020749,0.41935483870967744,0.35178763440860217,2.0,Train
DTXSID7042437,0.45714285714285713,0.41960550202485686,2.821347195933177,Train
DTXSID8042218,0.13043478260869565,0.13043478260869565,1.7320508075688772,Train
DTXSID2044470,0.4166666666666667,0.385,1.7549928774784247,Train
DTXSID9022100,0.3333333333333333,0.3154150197628458,2.584569596664017,Train
DTXSID0026549,0.6764705882352942,0.6451731499051233,3.6331804249169903,Train
DTXSID5046433,0.6666666666666666,0.6566376811594202,4.525483399593904,Train
DTXSID0046276,0.6724137931034483,0.6179713483800896,4.758150901348127,Train
DTXSID1022425,0.44,0.36712280701754385,1.6248076809271923,Train
DTXSID3046409,0.6206896551724138,0.512492289793028,3.1685959035509716,Train
DTXSID7025922,0.75,0.6911840411840412,3.492849839314596,Train
DTXSID8057853,0.5230769230769231,0.42954484638187623,3.509985754956849,Train
DTXSID3025758,0.5555555555555556,0.4554385964912281,2.244994432064365,Train
DTXSID6048676,0.7368421052631579,0.6975691415878863,5.157518783291051,Train
DTXSID0047660,0.6956521739130435,0.6490652718753405,2.720294101747089,Train
DTXSID7045948,0.569620253164557,0.5575087633885102,5.261178575186362,Train
DTXSID2020268,0.6666666666666666,0.650595238095238,3.5832945734337835,Train
DTXSID7045572,0.7252747252747253,0.5546574767740171,5.0517323761260355,Train
DTXSID4024272,0.5,0.43321678321678325,2.227105745132009,Train
DTXSID0024395,0.5882352941176471,0.5534071320836027,1.9798989873223332,Train
DTXSID0020072,0.45,0.365,1.5231546211727818,Train
DTXSID3021223,0.7432432432432432,0.7168175222586987,5.469917732470938,Train
DTXSID0023373,0.4117647058823529,0.3556635698781273,3.2924155266308657,Train
DTXSID5045702,0.5714285714285714,0.46589397834267876,3.3645207682521443,Train
DTXSID0042406,0.6666666666666666,0.5971014492753624,2.28910462845192,Train
DTXSID8052308,0.7058823529411765,0.659769168213191,2.95296461204668,Train
DTXSID5026912,0.3125,0.1875,1.0,Train
DTXSID1047312,0.7464788732394366,0.7178355954473548,4.8456165758342875,Train
DTXSID3027116,0.65,0.5715397188623733,2.6,Train
DTXSID1026908,0.24,0.14561904761904762,1.019803902718557,Train
DTXSID0046698,0.6923076923076923,0.6542589045380863,4.749736834815167,Train
DTXSID7023568,0.5185185185185185,0.4572808251289264,5.169139193328034,Train
DTXSID2025765,0.45161290322580644,0.435084485407066,2.7712812921102037,Train
DTXSID7029110,0.5833333333333334,0.5156648634208241,2.630589287593181,Train
DTXSID1025724,0.4090909090909091,0.38098509408854236,2.144761058952722,Train
DTXSID6047107,0.5555555555555556,0.5332427429201623,2.4248711305964283,Train
DTXSID3048869,0.5510204081632653,0.5055753433448851,3.8574603043971822,Train
DTXSID9020407,0.5957446808510638,0.4789301660626661,3.1559467676119,Train
DTXSID6024046,0.5666666666666667,0.37565826330532215,2.449489742783178,Train
DTXSID6023442,0.5172413793103449,0.503448275862069,3.1432467291003423,Train
DTXSID8021359,0.4772727272727273,0.3865218979968062,2.505992817228334,Train
DTXSID9044241,0.5416666666666666,0.45519480519480515,2.32379000772445,Train
DTXSID5046485,0.6610169491525424,0.5643154546782291,4.656178690729127,Train
DTXSID1029255,0.631578947368421,0.4846315789473684,2.078460969082653,Train
DTXSID3029310,0.6511627906976745,0.5056600530396465,2.705549851693737,Train
DTXSID8047682,0.65625,0.6344768354169882,3.298484500494129,Train
DTXSID6051566,0.6,0.5722893772893773,2.7568097504180447,Train
DTXSID6040614,0.6,0.545387112887113,1.8330302779823362,Train
DTXSID4041783,0.625,0.5679176041349954,2.9529646120466806,Train
DTXSID5033096,0.6,0.5426840729873464,3.417601498127013,Train
DTXSID1044227,0.8,0.7846799795186892,4.8207883172775805,Train
DTXSID9042336,0.43478260869565216,0.38304347826086954,1.7776388834631178,Train
DTXSID8024993,0.7857142857142857,0.7033996138996139,2.932575659723036,Train
DTXSID9046998,0.5714285714285714,0.5582417582417583,2.65329983228432,Train
DTXSID2045151,0.6428571428571429,0.4687747035573122,2.4819347291981715,Train
DTXSID7048827,0.6440677966101694,0.6011654383271388,4.2708313008125245,Train
DTXSID7025138,0.5416666666666666,0.5126811594202898,2.244994432064365,Train
DTXSID9047629,0.56,0.5121862099253404,2.4413111231467406,Train
DTXSID8020620,0.6744186046511628,0.5939016169737026,3.1622776601683795,Train
DTXSID7049392,0.5,0.43003663003663,2.6381811916545836,Train
DTXSID8049256,0.5416666666666666,0.5192002442002441,2.734958866235469,Train
DTXSID9024194,0.46153846153846156,0.32062424415365587,2.04939015319192,Train
DTXSID8020678,0.7727272727272727,0.7473006553195232,4.886716689148247,Train
DTXSID4039233,0.5172413793103449,0.4828413463519136,2.2,Train
DTXSID6044985,0.6111111111111112,0.4439431913116124,1.8330302779823362,Train
DTXSID0049365,0.6774193548387096,0.5915877670716381,2.8844410203711917,Train
DTXSID6025305,0.45454545454545453,0.4476837944664031,2.4738633753705965,Train
DTXSID3022871,0.6285714285714286,0.5218384759713491,4.565084884205332,Train
DTXSID0057623,0.5862068965517241,0.541890166028097,3.111269837220809,Train
DTXSID2046383,0.7083333333333334,0.6283160173160173,2.842534080710379,Train
DTXSID3044889,0.7391304347826086,0.6808264199568548,3.1937438845342627,Train
DTXSID4029143,0.5882352941176471,0.5570476436188512,1.9390719429665317,Train
DTXSID1020148,0.5263157894736842,0.43725490196078426,1.6852299546352716,Train
DTXSID4044589,0.42105263157894735,0.2880200501253133,1.562049935181331,Train
DTXSID0044600,0.6774193548387096,0.6376816731655441,2.8844410203711917,Train
DTXSID0020448,0.5833333333333334,0.51,1.61245154965971,Train
DTXSID4047337,0.7466666666666667,0.723645631941081,6.161168720299745,Train
DTXSID0048183,0.6842105263157895,0.6497554586167438,3.9597979746446663,Train
DTXSID1023283,0.7402597402597403,0.5680093258229808,4.6000000000000005,Train
DTXSID1048914,0.684931506849315,0.4280250197856306,3.2741411087489802,Train
DTXSID3040770,0.5217391304347826,0.3951294352823588,1.8110770276274835,Train
DTXSID7021861,0.6538461538461539,0.6126153846153846,3.0919249667480617,Train
DTXSID7047643,0.68,0.6564347826086958,3.0,Train
DTXSID6051306,0.7446808510638298,0.6208742207953178,3.4756294393965534,Train
DTXSID3047639,0.6111111111111112,0.4592544802867383,3.111269837220809,Train
DTXSID7057737,0.6382978723404256,0.6198322392017255,3.7576588456111875,Train
DTXSID9020401,0.5185185185185185,0.47761674718196456,2.107130750570548,Train
DTXSID4038847,0.5333333333333333,0.5202298850574711,2.9664793948382653,Train
DTXSID4025242,0.5161290322580645,0.19608294930875575,1.148912529307606,Train
DTXSID4040713,0.3611111111111111,0.2666666666666667,2.23606797749979,Train
DTXSID0025866,0.7222222222222222,0.7012083598884173,4.503332099679081,Train
DTXSID2038788,0.7037037037037037,0.5578835978835979,2.209072203437452,Train
DTXSID7021102,0.4714285714285714,0.41384235228959126,3.627671429443411,Train
DTXSID8027797,0.5,0.3747983870967742,2.2181073012818837,Train
DTXSID6048208,0.38461538461538464,0.34867370954327476,1.9390719429665317,Train
DTXSID1027007,0.5333333333333333,0.4511344537815126,1.7776388834631178,Train
DTXSID6021165,0.6666666666666666,0.3666666666666666,1.216552506059644,Train
DTXSID4045391,0.5365853658536586,0.43957717418083275,2.3748684174075834,Train
DTXSID9037612,0.6458333333333334,0.6181908763505403,4.1085277168348275,Train
DTXSID5029217,0.5263157894736842,0.425375939849624,1.9287301521985911,Train
DTXSID6025690,0.6756756756756757,0.5382987277574287,3.174901573277509,Train
DTXSID2057734,0.5625,0.5014430014430015,2.749545416973504,Train
DTXSID7047568,0.7192982456140351,0.6991259408021422,3.898717737923586,Train
DTXSID5024683,0.30303030303030304,0.2968917112299465,2.90516780926679,Train
DTXSID4020298,0.5714285714285714,0.521547619047619,1.8220867158288598,Train
DTXSID8024739,0.7142857142857143,0.6573751451800234,4.298837052040936,Train
DTXSID3047716,0.6923076923076923,0.6555766073007453,2.8071337695236402,Train
DTXSID5042297,0.5918367346938775,0.4723182332617548,3.1304951684997055,Train
DTXSID6020143,0.42105263157894735,0.3372987616099071,1.4832396974191326,Train
DTXSID5027300,0.72,0.6799999999999999,2.918903903865285,Train
DTXSID4047387,0.7217391304347827,0.6328132176379022,5.848076606885378,Train
DTXSID3025469,0.5625,0.47697368421052627,1.7204650534085255,Train
DTXSID6021292,0.55,0.5037601626016259,3.4117444218463966,Train
DTXSID5046271,0.7096774193548387,0.6895969082358591,4.774934554525329,Train
DTXSID4057681,0.7450980392156863,0.7355707786861816,7.163797875428926,Train
DTXSID4052554,0.52,0.4559546949214468,2.32379000772445,Train
DTXSID2023488,0.7068965517241379,0.6310658232478611,4.368065933568311,Train
DTXSID1044437,0.56,0.4950346947738252,2.5298221281347035,Train
DTXSID5027487,0.5789473684210527,0.5371662852784134,2.253885533916929,Train
DTXSID9024772,0.45454545454545453,0.4163559969442322,2.2,Train
DTXSID1027188,0.5882352941176471,0.5210112138500885,2.262741699796952,Train
DTXSID5044572,0.6538461538461539,0.4406506536941319,2.244994432064365,Train
DTXSID0047587,0.5,0.3210158262789842,1.61245154965971,Train
DTXSID6044698,0.6666666666666666,0.6333333333333333,2.6229754097208002,Train
DTXSID0049280,0.0,0.0,0.0,Train
DTXSID2057813,0.6739130434782609,0.6471305781864788,4.317406628984581,Train
DTXSID1040740,0.7647058823529411,0.7033593365661677,3.5156791662493894,Train
DTXSID6057740,0.5681818181818182,0.5380622206203601,3.4,Train
DTXSID5049021,0.6142857142857143,0.568057231033526,4.774934554525329,Train
DTXSID2023195,0.6944444444444444,0.6629224555969959,3.984971769034255,Train
DTXSID0049078,0.7413793103448276,0.5431104188165656,3.627671429443411,Train
DTXSID3020625,0.6901408450704225,0.6681899493978798,5.865151319446072,Train
DTXSID5044443,0.5263157894736842,0.45328947368421046,2.3579652245103193,Train
DTXSID1057662,0.6956521739130435,0.6530873406218676,5.841232746604094,Train
DTXSID3020910,0.56,0.5538823529411765,2.9597297173897488,Train
DTXSID6044438,0.2,0.11058823529411765,0.9380831519646861,Train
DTXSID5047879,0.391304347826087,0.361530345938142,1.7663521732655696,Train
DTXSID6047604,0.4117647058823529,0.3287544563279857,2.039607805437114,Train
DTXSID7048821,0.5555555555555556,0.47397813539117895,4.6776062254105994,Train
DTXSID3032464,0.6521739130434783,0.5958737209747398,4.13763217311544,Train
DTXSID1020146,0.4642857142857143,0.4434134492958023,2.4494897427831783,Train
DTXSID4022573,0.7714285714285715,0.7208061821219716,4.004996878900157,Train
DTXSID0022981,0.7301587301587301,0.6864490411549236,4.608687448721165,Train
DTXSID6041426,0.7647058823529411,0.7399594320486815,3.0983866769659336,Train
DTXSID5022227,0.55,0.49692982456140344,2.280350850198276,Train
DTXSID6020983,0.5483870967741935,0.47871058100659614,2.4494897427831783,Train
DTXSID6045452,0.7288135593220338,0.6645009135534281,4.995998398718719,Train
DTXSID3044332,0.5172413793103449,0.5007496251874063,3.358571124749333,Train
DTXSID0026258,0.6666666666666666,0.6080555555555556,2.3323807579381204,Train
DTXSID8034401,0.75,0.7249205356561228,4.870318264754368,Train
DTXSID8045228,0.7058823529411765,0.6575960888334114,4.63033476111609,Train
DTXSID1051690,0.5,0.4205387205387205,2.2181073012818833,Train
DTXSID4023591,0.7647058823529411,0.7443756550355015,3.627671429443411,Train
DTXSID3042051,0.6046511627906976,0.49941811894076277,2.986636904613616,Train
DTXSID6048591,0.6846846846846847,0.5924400672030096,5.632051136131489,Train
DTXSID0021331,0.6428571428571429,0.61996336996337,2.2715633383201093,Train
DTXSID5041691,0.625,0.6155011655011655,3.8418745424597094,Train
DTXSID5047299,0.7288135593220338,0.6973667988343474,4.866210024238575,Train
DTXSID8023262,0.6545454545454545,0.6410632299412697,4.573838650411709,Train
DTXSID8021646,0.6111111111111112,0.5461183261183262,2.181742422927143,Train
DTXSID0044999,0.6122448979591837,0.4334190518312589,2.771281292110204,Train
DTXSID7027461,0.7222222222222222,0.6367521367521367,2.181742422927143,Train
DTXSID8047717,0.6,0.5311781609195403,2.771281292110204,Train
DTXSID6044779,0.25,0.19688995215311006,1.61245154965971,Train
DTXSID5051575,0.5555555555555556,0.5397258297258297,2.3664319132398464,Train
DTXSID1044859,0.5,0.43553704360155976,2.4166091947189146,Train
DTXSID0023909,0.5263157894736842,0.4304699876782256,2.06881608655772,Train
DTXSID8047636,0.13043478260869565,0.02608695652173913,0.3464101615137755,Train
DTXSID1020984,0.5588235294117647,0.5354283695460167,2.749545416973504,Train
DTXSID2026101,0.5,0.471125730994152,2.0099751242241783,Train
DTXSID3034531,0.6,0.5292268899334117,3.3645207682521447,Train
DTXSID5057705,0.7272727272727273,0.7190232232465865,4.525483399593904,Train
DTXSID5048897,0.5581395348837209,0.4256865830787639,3.0463092423455636,Train
DTXSID5048635,0.703125,0.6789629443326627,5.414794548272353,Train
DTXSID4046999,0.52,0.4997445721583652,2.870540018881465,Train
DTXSID4021424,0.6666666666666666,0.6177257525083611,2.734958866235469,Train
DTXSID1044932,0.52,0.4472380952380952,2.0591260281974,Train
DTXSID4025402,0.23529411764705882,0.23529411764705882,2.0,Train
DTXSID2021739,0.5,0.46452991452991454,1.98997487421324,Train
DTXSID1021166,0.6585365853658537,0.642205895535136,4.494441010848846,Train
DTXSID4027361,0.6666666666666666,0.6305102517865491,3.2310988842807027,Train
DTXSID4024064,0.6052631578947368,0.5402615966415709,3.8000000000000003,Train
DTXSID3022586,0.6521739130434783,0.5520685545385202,4.995998398718719,Train
DTXSID8025466,0.16666666666666666,0.06666666666666667,0.8,Train
DTXSID2020212,0.44,0.38862318840579707,2.181742422927143,Train
DTXSID1027504,0.4074074074074074,0.3903330386089007,2.705549851693737,Train
DTXSID3047928,0.5454545454545454,0.49775732856934185,3.3645207682521443,Train
DTXSID7022411,0.4166666666666667,0.35683269476372925,2.0591260281974,Train
DTXSID6045741,0.7027027027027027,0.676031746031746,3.994996871087636,Train
DTXSID6045084,0.6,0.5525,2.340939982143925,Train
DTXSID0027301,0.6666666666666666,0.6183150183150182,2.3323807579381204,Train
DTXSID4021680,0.6111111111111112,0.5973856209150327,2.513961017995307,Train
DTXSID6040375,0.5555555555555556,0.5471954842543078,2.154065922853802,Train
DTXSID2023642,0.6417910447761194,0.5388865108420162,4.190465367951393,Train
DTXSID2048901,0.6964285714285714,0.6736513056835637,3.1432467291003428,Train
DTXSID0023660,0.5675675675675675,0.5275589680589681,3.9089640571384128,Train
DTXSID4026050,0.45,0.3484210526315789,1.5491933384829668,Train
DTXSID9026500,0.6046511627906976,0.5096342506679301,2.4248711305964283,Train
DTXSID3023261,0.6428571428571429,0.5253289369140315,2.65329983228432,Train
DTXSID8031863,0.6190476190476191,0.24380952380952384,1.2961481396815722,Train
DTXSID4041317,0.68,0.6486299133311756,3.4292856398964497,Train
DTXSID4047127,0.6923076923076923,0.5847901388672181,2.8774989139876315,Train
DTXSID9021267,0.5588235294117647,0.5404501733952758,3.1240998703626617,Train
DTXSID5024059,0.46153846153846156,0.4324112119764293,1.9899748742132402,Train
DTXSID8057801,0.6304347826086957,0.5866905117098334,4.1856899072912706,Train
DTXSID4047969,0.4090909090909091,0.36711608842043625,1.7320508075688774,Train
DTXSID6022557,0.7142857142857143,0.6108533290958208,2.8495613697550017,Train
DTXSID3041613,0.603448275862069,0.46292836305006696,3.394112549695428,Train
DTXSID3026645,0.5217391304347826,0.45009916094584285,1.9390719429665317,Train
DTXSID4021553,0.0625,0.0125,0.2,Train
DTXSID7020631,0.6190476190476191,0.4238095238095238,1.8439088914585773,Train
DTXSID1021089,0.5714285714285714,0.4911586303284416,3.4467375879228173,Train
DTXSID0044818,0.4166666666666667,0.20611756664388245,1.2489995996796797,Train
DTXSID7046887,0.8055555555555556,0.7632526940746118,6.596969000988256,Train
DTXSID3048655,0.6101694915254238,0.5224247207648728,4.17612260356422,Train
DTXSID0038887,0.4666666666666667,0.4112145227934702,2.9664793948382653,Train
DTXSID6021290,0.5,0.44655852491539266,3.0983866769659336,Train
DTXSID2020216,0.44,0.3687878787878788,1.7320508075688776,Train
DTXSID7020265,0.627906976744186,0.48964764269034583,2.9189039038652846,Train
DTXSID5041514,0.3333333333333333,0.3145454545454545,2.3748684174075834,Train
DTXSID2022127,0.5517241379310345,0.46931918656056587,2.04939015319192,Train
DTXSID8029232,0.7586206896551724,0.694776985620979,3.3466401061363023,Train
DTXSID6048888,0.5,0.36541745730550285,2.4979991993593593,Train
DTXSID5025603,0.65,0.5835672514619883,2.4657656011875906,Train
DTXSID4044874,0.6666666666666666,0.5960784313725489,2.5768197453450252,Train
DTXSID1047651,0.0,0.0,0.0,Train
DTXSID4035209,0.7428571428571429,0.6923122797506098,3.5832945734337835,Train
DTXSID7057810,0.6078431372549019,0.4405961115947436,3.0528675044947495,Train
DTXSID7022417,0.3333333333333333,0.2733843704333791,1.7549928774784245,Train
DTXSID9049403,0.7407407407407407,0.7259700417554242,3.8157568056677826,Train
DTXSID4022991,0.6929133858267716,0.2730256799457065,2.764054992217051,Train
DTXSID3024289,0.47058823529411764,0.445359477124183,1.5874507866387544,Train
DTXSID2022048,0.575,0.4984733893557423,2.615339366124404,Train
DTXSID0020444,0.48148148148148145,0.4139779033071716,2.9664793948382657,Train
DTXSID3037757,0.47619047619047616,0.4423319327731092,2.3065125189341593,Train
DTXSID1045291,0.65,0.6067322108785523,3.687817782917155,Train
DTXSID2023309,0.3829787234042553,0.3506275521169139,2.898275349237888,Train
DTXSID4044402,0.6296296296296297,0.5684156619963072,2.925747767665559,Train
DTXSID5024134,0.8333333333333334,0.33333333333333337,1.5748015748023623,Train
DTXSID1047310,0.6753246753246753,0.601017316017316,4.903060268852506,Train
DTXSID1040112,0.0,0.0,0.0,Train
DTXSID7025849,0.4444444444444444,0.4305555555555555,2.638181191654584,Train
DTXSID1026035,0.4444444444444444,0.43555555555555553,2.668332812825267,Train
DTXSID7024952,0.5384615384615384,0.3972893772893772,1.661324772583615,Train
DTXSID7023019,0.6896551724137931,0.6638834154351396,3.2434549480453714,Train
DTXSID7044718,0.6491228070175439,0.6003630781284663,4.529900661162451,Train
DTXSID6032649,0.676923076923077,0.6019590689365281,4.8373546489791295,Train
DTXSID2032556,0.7625,0.7438022445820434,5.796550698475776,Train
DTXSID7024085,0.6875,0.6453309409888357,2.2715633383201093,Train
DTXSID7023063,0.5227272727272727,0.4618181818181818,3.0659419433511785,Train
DTXSID5048637,0.6949152542372882,0.6775260976789897,5.71314274283428,Train
DTXSID8046034,0.7378640776699029,0.6803325253077749,6.406246951218788,Train
DTXSID3024287,0.543859649122807,0.424941756620528,2.925747767665559,Train
DTXSID4020119,0.7547169811320755,0.7452453905284093,5.079370039680118,Train
DTXSID0052542,0.625,0.5875,2.1908902300206647,Train
DTXSID4041575,0.625,0.5605882352941176,2.227105745132009,Train
DTXSID9051662,0.8214285714285714,0.8107228298017771,3.7040518354904273,Train
DTXSID2042436,0.6046511627906976,0.5823941562313655,4.180908992073375,Train
DTXSID7020841,0.7380952380952381,0.6827016696581915,5.9497899122574065,Train
DTXSID4023628,0.5818181818181818,0.49295150802790866,3.423448553724738,Train
DTXSID0035160,0.7083333333333334,0.546578947368421,3.1432467291003423,Train
DTXSID5047825,0.7642276422764228,0.670515795155777,7.079548008171144,Train
DTXSID9047594,0.45161290322580644,0.4516129032258064,3.521363372331802,Train
DTXSID4021472,0.6,0.5727179487179488,3.026549190084311,Train
DTXSID9025166,0.5,0.4269678597264804,2.28910462845192,Train
DTXSID0021127,0.64,0.6143569746288999,3.964845520319802,Train
DTXSID9045683,0.6222222222222222,0.6030464372312896,4.059556626036889,Train
DTXSID8029157,0.59375,0.42891806722689074,2.4413111231467406,Train
DTXSID5041439,0.5428571428571428,0.4648932676518883,2.1908902300206647,Train
DTXSID4025298,0.5333333333333333,0.4852898550724637,2.6076809620810595,Train
DTXSID7021940,0.0,0.0,0.0,Train
DTXSID9020902,0.7878787878787878,0.7713179247361849,5.396295025292817,Train
DTXSID3048782,0.6326530612244898,0.44155875483401613,3.3823069050575527,Train
DTXSID1057820,0.7166666666666667,0.6956741729617295,5.418486873657627,Train
DTXSID1029170,0.6666666666666666,0.5610714285714286,2.2627416997969525,Train
DTXSID2057653,0.734375,0.6904608934702744,5.477225575051661,Train
DTXSID4045555,0.6296296296296297,0.6155891107209566,3.0463092423455636,Train
DTXSID4057768,0.46296296296296297,0.4251575489089362,3.752332607858744,Train
DTXSID3057804,0.6571428571428571,0.6345238095238095,3.7576588456111875,Train
DTXSID2020470,0.5,0.4203656767366445,2.891366458960192,Train
DTXSID8047842,0.5652173913043478,0.45702698584894036,3.9038442591886273,Train
DTXSID0057754,0.5862068965517241,0.545871921182266,3.0659419433511785,Train
DTXSID1037806,0.5555555555555556,0.5243742690058479,1.886796226411321,Train
DTXSID0026838,0.4074074074074074,0.2773790971897564,1.4832396974191329,Train
DTXSID0020363,0.7368421052631579,0.6008354218880535,2.9933259094191533,Train
DTXSID1042154,0.5853658536585366,0.5413895048041389,3.4756294393965534,Train
DTXSID4027234,0.5882352941176471,0.5649364051840833,2.383275057562597,Train
DTXSID6020220,0.5185185185185185,0.4349028379028379,2.4576411454889016,Train
DTXSID6023608,0.5490196078431373,0.45885021908856044,3.6986484017813863,Train
DTXSID1027970,0.7073170731707317,0.6904761395134795,4.312771730569565,Train
DTXSID9025403,0.2727272727272727,0.2526839826839827,1.9798989873223332,Train
DTXSID6022894,0.4666666666666667,0.359564195413252,3.521363372331802,Train
DTXSID5044289,0.6101694915254238,0.5043627067515403,3.852272056851645,Train
DTXSID8042181,0.5,0.47211990595611286,2.7928480087537886,Train
DTXSID3044623,0.35714285714285715,0.29412761151891587,2.537715508089904,Train
DTXSID2045521,0.6851851851851852,0.46403187859930667,3.7682887362833544,Train
DTXSID3020960,0.6,0.5522994652406418,3.627671429443411,Train
DTXSID6034764,0.5507246376811594,0.4448692196375731,3.687817782917155,Train
DTXSID3046823,0.5666666666666667,0.48399209157622247,5.385164807134504,Train
DTXSID7045815,0.6363636363636364,0.6298993689237592,4.573838650411709,Train
DTXSID6047282,0.7051282051282052,0.6402459139301244,5.40740233383831,Train
DTXSID1046130,0.8181818181818182,0.7716783938455765,4.1521078984053394,Train
DTXSID8021937,0.0,0.0,0.0,Train
DTXSID3049253,0.0,0.0,0.0,Train
DTXSID6057827,0.5892857142857143,0.548826927789192,4.467661580737736,Train
DTXSID6057613,0.6842105263157895,0.6395528656806851,4.1085277168348275,Train
DTXSID9021342,0.5769230769230769,0.5320856665684252,2.5377155080899043,Train
DTXSID5047162,0.5185185185185185,0.49935587761674716,2.4166091947189146,Train
DTXSID2023307,0.7532467532467533,0.5932134532134532,4.547526800360829,Train
DTXSID8020127,0.4642857142857143,0.43730158730158736,4.156921938165306,Train
DTXSID1023150,0.6046511627906976,0.5125251827715107,3.6441734316577197,Train
DTXSID3027534,0.6666666666666666,0.5802202111613876,2.383275057562597,Train
DTXSID0046567,0.4666666666666667,0.42247619047619045,2.28910462845192,Train
DTXSID3020962,0.5,0.46006144393241166,2.366431913239847,Train
DTXSID5047031,0.5,0.45473684210526316,2.12602916254693,Train
DTXSID1027265,0.38461538461538464,0.37435897435897436,1.148912529307606,Train
DTXSID8047686,0.7567567567567568,0.6885997655888133,4.049691346263318,Train
DTXSID6027507,0.4375,0.38124763167866615,2.0297783130184444,Train
DTXSID0027721,0.53125,0.5049551928581164,2.3748684174075834,Train
DTXSID4048800,0.6710526315789473,0.6074624316939891,5.2459508194416005,Train
DTXSID7044398,0.7,0.6719124423963134,3.97994974842648,Train
DTXSID7037717,0.6071428571428571,0.5671612606395215,3.2310988842807027,Train
DTXSID9044873,0.25,0.12366666666666667,1.1135528725660044,Train
DTXSID0047951,0.0,0.0,0.0,Train
DTXSID9045346,0.7321428571428571,0.7186320748141081,4.967896939349688,Train
DTXSID1021877,0.6363636363636364,0.5489898989898989,1.8,Train
DTXSID2020266,0.7368421052631579,0.6512543390561967,1.949358868961793,Train
DTXSID0045707,0.6428571428571429,0.4913253413253413,3.1240998703626617,Train
DTXSID7044425,0.42857142857142855,0.3657142857142857,2.262741699796952,Train
DTXSID4045474,0.4864864864864865,0.4658293307574475,4.449719092257398,Train
DTXSID4027656,0.36363636363636365,0.3470328282828283,2.6076809620810595,Train
DTXSID3024815,0.5666666666666667,0.4551077694235589,2.1725560982400434,Train
DTXSID8057722,0.6206896551724138,0.5547331691297208,3.4467375879228173,Train
DTXSID2029327,0.6857142857142857,0.49421802054154995,2.7495454169735045,Train
DTXSID2041917,0.4444444444444444,0.370959595959596,1.9078784028338915,Train
DTXSID5038888,0.6607142857142857,0.5472738193705935,5.03189825016365,Train
DTXSID1045663,0.6590909090909091,0.6437583129430956,3.9293765408777004,Train
DTXSID4020375,0.5555555555555556,0.45924377554812335,1.7776388834631178,Train
DTXSID5020944,0.4791666666666667,0.34544935437792584,2.489979919597747,Train
DTXSID2024452,0.7567567567567568,0.6751871822863255,3.81051177665153,Train
DTXSID4024359,0.45,0.3957142857142857,1.6733200530681511,Train
DTXSID8049339,0.0,0.0,0.0,Train
DTXSID5046801,0.6756756756756757,0.6324212847778421,5.392587505085105,Train
DTXSID7046461,0.5813953488372093,0.5024726316403516,3.509985754956849,Train
DTXSID7020263,0.6808510638297872,0.6203986509943957,3.638681079732051,Train
DTXSID3047188,0.59375,0.5487773672687466,2.7784887978899615,Train
DTXSID0022690,0.49122807017543857,0.39082264484741264,3.2496153618543846,Train
DTXSID3042059,0.4482758620689655,0.42314428866153,2.1354156504062622,Train
DTXSID3042423,0.7727272727272727,0.7067092026825634,4.8083261120685235,Train
DTXSID2021238,0.45,0.4075438596491228,1.5491933384829668,Train
DTXSID0044949,0.7619047619047619,0.6636288998357964,3.0463092423455636,Train
DTXSID7024956,0.6071428571428571,0.577101323287936,3.0199337741083,Train
DTXSID4047547,0.5333333333333333,0.4926854754440961,3.22490309931942,Train
DTXSID2044925,0.6,0.5486716791979951,2.154065922853802,Train
DTXSID0046357,0.5384615384615384,0.5346153846153846,5.134199061197374,Train
DTXSID1049697,0.42857142857142855,0.38878115348703585,1.5362291495737217,Train
DTXSID2041709,0.4489795918367347,0.3827720439815896,2.8495613697550017,Train
DTXSID0044494,0.3870967741935484,0.3594359473489062,2.0688160865577205,Train
DTXSID9048930,0.5172413793103449,0.410251641987469,3.638681079732051,Train
DTXSID0020367,0.5416666666666666,0.4122670807453416,2.144761058952722,Train
DTXSID2034542,0.6538461538461539,0.5167119917119917,4.48998886412873,Train
DTXSID6034928,0.72,0.6831547942107644,5.203844732503075,Train
DTXSID1045746,0.723404255319149,0.7093679553272321,6.493073232299172,Train
DTXSID0040676,0.5443037974683544,0.4783153049482163,4.431703961232068,Train
DTXSID8020628,0.5227272727272727,0.4663703965416632,2.5922962793631443,Train
DTXSID5057624,0.5172413793103449,0.48293341808358486,3.0463092423455636,Train
DTXSID5044528,0.6458333333333334,0.5396894771894772,3.1622776601683795,Train
DTXSID1021160,0.6666666666666666,0.5810935143288084,3.0199337741083,Train
DTXSID2045864,0.6923076923076923,0.6840327684388502,5.138093031466052,Train
DTXSID8046030,0.7692307692307693,0.7212849368914942,6.112282715974451,Train
DTXSID2048793,0.5492957746478874,0.4319878570918566,4.069397989875161,Train
DTXSID5047249,0.7721518987341772,0.7604429686904589,6.222539674441618,Train
DTXSID7020344,0.7457627118644068,0.6810531318907687,5.392587505085105,Train
DTXSID9046942,0.6511627906976745,0.5501014105985513,3.8781438859330635,Train
DTXSID1042491,0.46153846153846156,0.3320830199548735,1.8654758106177634,Train
DTXSID4046101,0.7547169811320755,0.7241480568140544,5.047771785649585,Train
DTXSID4027604,0.5853658536585366,0.5019719928398317,3.0659419433511785,Train
DTXSID2021103,0.7222222222222222,0.6765689865689866,2.5298221281347035,Train
DTXSID2049052,0.6,0.500908590327087,3.746998799039039,Train
DTXSID6047781,0.6818181818181818,0.6267340067340067,2.95296461204668,Train
DTXSID8022161,0.68,0.6218037135278516,3.2924155266308657,Train
DTXSID8029105,0.48,0.4425928853754941,2.1166010488516727,Train
DTXSID6045248,0.717391304347826,0.6984647454335147,5.095095681142799,Train
DTXSID7027049,0.7073170731707317,0.5328612640965119,2.749545416973504,Train
DTXSID6032645,0.7746478873239436,0.7166449715210699,5.063595560468865,Train
DTXSID5044817,0.7297297297297297,0.7224065977742449,4.147288270665545,Train
DTXSID7043908,0.48936170212765956,0.4514063834332592,3.1368774282716245,Train
DTXSID4023200,0.6973684210526315,0.6048090691711022,4.975942121849892,Train
DTXSID1020144,0.5217391304347826,0.4748813248462618,2.4576411454889016,Train
DTXSID6023157,0.660377358490566,0.3315814847278876,2.3579652245103193,Train
DTXSID0046696,0.7526881720430108,0.6637226155636144,5.589275444992849,Train
DTXSID4032372,0.6338028169014085,0.5021685150849727,4.303486958270003,Train
DTXSID7025506,0.35294117647058826,0.30277214334009467,2.029778313018444,Train
DTXSID4051586,0.723404255319149,0.6687332214576636,4.079215610874228,Train
DTXSID7026863,0.5625,0.49303715170278634,2.0591260281974,Train
DTXSID8047476,0.7777777777777778,0.7646949645336742,3.2619012860600183,Train
DTXSID2029169,0.4444444444444444,0.3460833910833911,2.5534290669607413,Train
DTXSID4046157,0.6410256410256411,0.5698931623931623,3.5832945734337835,Train
DTXSID5026706,0.4642857142857143,0.3863614163614163,1.876166303929372,Train
DTXSID0021757,0.8,0.7009622331691296,3.0331501776206204,Train
DTXSID8021561,0.631578947368421,0.5802046783625731,2.154065922853802,Train
DTXSID1047102,0.74,0.7311965987976219,5.215361924162119,Train
DTXSID3049047,0.7625,0.7515722109875295,6.244997998398399,Train
DTXSID2020260,0.5522388059701493,0.4026019438074798,3.4000000000000004,Train
DTXSID1046398,0.54,0.3751269653848051,2.8495613697550017,Train
DTXSID3042219,0.36363636363636365,0.34877005347593587,2.280350850198276,Train
DTXSID3040647,0.7647058823529411,0.5824437883261412,3.3045423283716615,Train
DTXSID2021789,0.44,0.37915942028985505,2.1166010488516727,Train
DTXSID1047366,0.7560975609756098,0.7512731668009669,5.8,Train
DTXSID6048880,0.5277777777777778,0.4987352790578597,2.8425340807103794,Train
DTXSID8040727,0.603448275862069,0.5605837692473282,4.166533331199932,Train
DTXSID9045215,0.696969696969697,0.6627003077817019,3.8157568056677826,Train
DTXSID7021948,0.5714285714285714,0.4762018628589647,2.720294101747089,Train
DTXSID0027436,0.6470588235294118,0.6073065015479876,2.6305892875931813,Train
DTXSID6044727,0.6470588235294118,0.5555555555555556,2.3916521486202797,Train
DTXSID3047184,0.5666666666666667,0.4931512448903753,2.3065125189341593,Train
DTXSID7047645,0.4,0.36,1.969771560359221,Train
DTXSID8051542,0.0,0.0,0.0,Train
DTXSID0047662,0.6842105263157895,0.6704445028655555,4.565084884205331,Train
DTXSID5029211,0.4583333333333333,0.38756979735240604,1.9183326093250879,Train
DTXSID3032670,0.46153846153846156,0.32062424415365587,2.04939015319192,Train
DTXSID3025093,0.56,0.47351863822452056,2.4576411454889016,Train
DTXSID9027233,0.5,0.4723809523809524,2.0199009876724157,Train
DTXSID4048983,0.8064516129032258,0.7985265423639426,8.740709353364863,Train
DTXSID6023652,0.7297297297297297,0.6793913556413557,3.720215047547655,Train
DTXSID3041877,0.5555555555555556,0.4916993464052288,2.6608269391300143,Train
DTXSID2041460,0.5,0.46096059113300497,2.5768197453450252,Train
DTXSID2048797,0.6923076923076923,0.671003256003256,3.9344631145812006,Train
DTXSID3026641,0.42857142857142855,0.38807296017822335,1.7320508075688774,Train
DTXSID9026342,0.45454545454545453,0.395707852518998,1.7088007490635064,Train
DTXSID9047330,0.7833333333333333,0.7504446562893802,5.966573556070519,Train
DTXSID0026701,0.45454545454545453,0.43464031620553356,1.876166303929372,Train
DTXSID4022020,0.7727272727272727,0.7510731003413931,4.161730409336962,Train
DTXSID3021516,0.5333333333333333,0.48358974358974355,1.7776388834631178,Train
DTXSID3020916,0.5714285714285714,0.472952380952381,1.8973665961010278,Train
DTXSID5057670,0.6956521739130435,0.6608242812709757,5.40740233383831,Train
DTXSID1021039,0.5,0.17142857142857143,1.0392304845413265,Train
DTXSID8047187,0.5,0.3797630403512756,2.6457513110645907,Train
DTXSID6032562,0.6458333333333334,0.6443162393162394,4.538722287164087,Train
DTXSID7021156,0.696969696969697,0.656829268292683,3.888444419044716,Train
DTXSID7025217,0.631578947368421,0.5098549757056489,3.3406586176980135,Train
DTXSID0027561,0.4782608695652174,0.4588368153585544,2.6608269391300143,Train
DTXSID6020771,0.5609756097560976,0.5288501336062311,2.979932885150268,Train
DTXSID5021170,0.7111111111111111,0.6483781700994816,4.2895221179054435,Train
DTXSID6020193,0.6865671641791045,0.6429255118137535,4.059556626036889,Train
DTXSID6057796,0.4444444444444444,0.3874533874533875,3.0199337741083,Train
DTXSID7023300,0.49295774647887325,0.38660368248684474,3.698648401781386,Train
DTXSID0025074,0.47619047619047616,0.422589141936968,2.1260291625469296,Train
DTXSID6032356,0.6428571428571429,0.5927105152911605,3.03315017762062,Train
DTXSID4023094,0.620253164556962,0.5411930458467158,4.280186911806539,Train
DTXSID8022828,0.5614035087719298,0.4833435713466674,3.8105117766515306,Train
DTXSID6021404,0.6774193548387096,0.6275753742357157,2.4979991993593593,Train
DTXSID7046126,0.6216216216216216,0.6028410707358076,3.8262252939417984,Train
DTXSID9047679,0.5666666666666667,0.5276190476190475,2.537715508089904,Train
DTXSID0021254,0.5263157894736842,0.5027027027027027,3.0854497241083028,Train
DTXSID1022186,0.38461538461538464,0.27884615384615385,1.886796226411321,Train
DTXSID6020068,0.5333333333333333,0.4881481481481481,2.3916521486202797,Train
DTXSID5047243,0.773109243697479,0.4950461538843805,4.824935232725927,Train
DTXSID2022256,0.6153846153846154,0.595327897908543,3.237282811247729,Train
DTXSID1022764,0.6875,0.5992365775680536,4.8207883172775805,Train
DTXSID8045933,0.6451612903225806,0.5473543453339718,4.431703961232068,Train
DTXSID9045188,0.6326530612244898,0.5985514205682273,4.33589667773576,Train
DTXSID9020164,0.6666666666666666,0.49627953745600806,1.949358868961793,Train
DTXSID4029149,0.25,0.13615384615384615,0.9591663046625439,Train
DTXSID2046410,0.7540983606557377,0.7176328589443344,3.736308338453881,Train
DTXSID5046019,0.5471698113207547,0.5241239892183288,4.418144406874904,Train
DTXSID1031460,0.6842105263157895,0.4103987240829346,1.9595917942265426,Train
DTXSID6021371,0.4155844155844156,0.3781501149342283,2.877498913987632,Train
DTXSID8047971,0.6129032258064516,0.5868496020108923,3.4985711369071804,Train
DTXSID0027515,0.7857142857142857,0.7571428571428571,3.487119154832539,Train
DTXSID2027416,0.625,0.5074675324675325,1.9899748742132402,Train
DTXSID9047338,0.75,0.734345927101083,5.10294032886923,Train
DTXSID7046627,0.7126436781609196,0.6930307436643124,5.571355310873647,Train
DTXSID1022265,0.45652173913043476,0.3826086956521739,2.705549851693737,Train
DTXSID4044878,0.32142857142857145,0.3010162379127896,1.7320508075688774,Train
DTXSID9040716,0.65625,0.5632614667940754,2.545584412271571,Train
DTXSID7025768,0.5483870967741935,0.48643559248397955,3.2062439083762797,Train
DTXSID7049340,0.5172413793103449,0.43043240284619594,2.6981475126464085,Train
DTXSID8047050,0.6538461538461539,0.6452273127330336,4.422668877499196,Train
DTXSID3027950,0.48484848484848486,0.3825457338360564,2.6,Train
DTXSID7042146,0.5,0.44705820105820104,2.2715633383201097,Train
DTXSID8021777,0.782608695652174,0.7134036138315347,4.694677837722201,Train
DTXSID2029240,0.6666666666666666,0.5969218500797449,2.433105012119288,Train
DTXSID9048516,0.6938775510204082,0.6417176870748299,4.422668877499197,Train
DTXSID3046401,0.5833333333333334,0.5010304659498208,2.90516780926679,Train
DTXSID3057644,0.7,0.6245990153446295,4.829078587059854,Train
DTXSID3044883,0.65,0.5475954592363261,2.5377155080899043,Train
DTXSID5022198,0.5806451612903226,0.4721954434968896,2.6076809620810595,Train
DTXSID3057729,0.5833333333333334,0.5153822868015915,3.3645207682521443,Train
DTXSID3021275,0.6190476190476191,0.5620634920634922,2.1633307652783937,Train
DTXSID7020425,0.55,0.51153452685422,2.0099751242241783,Train
DTXSID0048509,0.7294117647058823,0.7254311262507984,5.571355310873648,Train
DTXSID0045175,0.627906976744186,0.5666182170542635,3.3105890714493698,Train
DTXSID9046073,0.48148148148148145,0.41031836293933066,1.9078784028338915,Train
DTXSID3047760,0.8333333333333334,0.7222222222222222,2.2715633383201093,Train
DTXSID1025437,0.6037735849056604,0.4673826239578762,3.4,Train
DTXSID4048690,0.7051282051282052,0.6872957548538461,5.775811631277461,Train
DTXSID4038346,0.5625,0.4383333333333333,2.727636339397171,Train
DTXSID1048207,0.5806451612903226,0.43873509286412515,2.297825058615212,Train
DTXSID2025763,0.5161290322580645,0.43586866359447,2.734958866235469,Train
DTXSID6040747,0.3829787234042553,0.30571889895928483,2.4413111231467406,Train
DTXSID9057711,0.7058823529411765,0.6881590130806435,4.870318264754369,Train
DTXSID1025649,0.44,0.39846344959388436,2.08806130178211,Train
DTXSID7020687,0.8333333333333334,0.33333333333333337,1.5748015748023623,Train
DTXSID5044948,0.55,0.47316352897748254,2.734958866235469,Train
DTXSID5046560,0.6363636363636364,0.6225108225108225,3.237282811247729,Train
DTXSID9027520,0.75,0.7121052631578947,3.006659275674582,Train
DTXSID5044491,0.5294117647058824,0.4804376421414961,3.1559467676119,Train
DTXSID7046831,0.6521739130434783,0.6187505720823798,2.6832815729997477,Train
DTXSID4026765,0.7058823529411765,0.6874112824752211,2.778488797889961,Train
DTXSID1026796,0.5833333333333334,0.5518580453363062,2.814249455894058,Train
DTXSID7025926,0.525,0.4434848484848485,2.764054992217051,Train
DTXSID1046502,0.7551020408163265,0.7209400133403456,4.7791212581394085,Train
DTXSID8020466,0.72,0.6937689075630251,2.6,Train
DTXSID1027471,0.0,0.0,0.0,Train
DTXSID3044621,0.6842105263157895,0.6446578402528059,3.006659275674582,Train
DTXSID5023746,0.7446808510638298,0.7272833146696529,6.743886120034946,Train
DTXSID9041861,0.7,0.6827272727272728,3.1432467291003423,Train
DTXSID7045366,0.6170212765957447,0.5920957667063125,4.147288270665544,Train
DTXSID5026259,0.64,0.5667479187479187,2.6153393661244047,Train
DTXSID1032640,0.6470588235294118,0.6161091648666972,4.1424630354415966,Train
DTXSID4025793,0.5172413793103449,0.47428160919540235,2.7928480087537886,Train
DTXSID7048829,0.6060606060606061,0.5738917317864686,3.746998799039039,Train
DTXSID0020814,0.5245901639344263,0.39883986580225733,3.117691453623979,Train
DTXSID9041233,0.6153846153846154,0.5829882531261842,3.1622776601683795,Train
DTXSID7031290,0.7222222222222222,0.6943785682916118,5.287721626560915,Train
DTXSID9058654,0.6060606060606061,0.5393939393939393,3.0789608636681307,Train
DTXSID6044981,0.56,0.4191577847439916,2.078460969082653,Train
DTXSID4027525,0.4838709677419355,0.44713813068651775,2.5768197453450252,Train
DTXSID0048636,0.26666666666666666,0.2387096774193548,2.3151673805580453,Train
DTXSID0025862,0.5675675675675675,0.5266180886769123,2.638181191654584,Train
DTXSID4048199,0.5,0.3782855436081242,2.039607805437114,Train
DTXSID6045296,0.5833333333333334,0.527605222734255,2.6076809620810595,Train
DTXSID5046221,0.7,0.646398872445384,4.345112196480087,Train
DTXSID5021671,0.6470588235294118,0.561078431372549,2.12602916254693,Train
DTXSID0022193,0.4375,0.3701890622149243,2.280350850198276,Train
DTXSID3052010,0.8571428571428571,0.8040336134453782,2.4738633753705965,Train
DTXSID9020116,0.44680851063829785,0.40224119081658394,2.785677655436824,Train
DTXSID3057721,0.5151515151515151,0.4648529631288252,2.5219040425836985,Train
DTXSID5026914,0.23529411764705882,0.047058823529411764,0.4,Train
DTXSID9027314,0.6428571428571429,0.5953643578643579,2.4083189157584592,Train
DTXSID7024087,0.4375,0.2975,1.50996688705415,Train
DTXSID6042448,0.5227272727272727,0.4749606405469839,3.8314488121336034,Train
DTXSID8045854,0.6,0.5813197278911565,4.626013402488152,Train
DTXSID0020232,0.45,0.43661720544073485,2.7422618401604177,Train
DTXSID3031862,0.6190476190476191,0.24380952380952384,1.2961481396815722,Train
DTXSID4034102,0.5952380952380952,0.5559936037697875,3.5496478698597698,Train
DTXSID3047552,0.13043478260869565,0.02608695652173913,0.3464101615137755,Train
DTXSID7049261,0.5652173913043478,0.4796235648409561,2.2978250586152114,Train
DTXSID6052299,0.6451612903225806,0.5880151354652434,2.891366458960192,Train
DTXSID0045836,0.5151515151515151,0.4365467865467865,2.227105745132009,Train
DTXSID9044746,0.43333333333333335,0.3920062494256043,2.1447610589527217,Train
DTXSID8045985,0.813953488372093,0.8026294077512238,6.925315877272314,Train
DTXSID4048935,0.4807692307692308,0.3957728937728938,3.4813790371058424,Train
DTXSID3047683,0.7916666666666666,0.7830581355349157,3.1304951684997055,Train
DTXSID7025637,0.5,0.4480420907365879,2.814249455894058,Train
DTXSID2048379,0.5849056603773585,0.4287334554689558,3.3286633954186478,Train
DTXSID5027302,0.6666666666666666,0.6465709728867622,2.6229754097208002,Train
DTXSID0021547,0.6,0.5311111111111111,1.8330302779823362,Train
DTXSID3024368,0.3125,0.2125,1.3711309200802089,Train
DTXSID4023626,0.6792452830188679,0.6472358569379424,4.298837052040936,Train
DTXSID0021206,0.5,0.46128205128205135,1.5874507866387546,Train
DTXSID9034282,0.5714285714285714,0.5246187258687259,2.349468024894146,Train
DTXSID6027131,0.8181818181818182,0.783486260116695,3.111269837220809,Train
DTXSID0021121,0.6111111111111112,0.5817312890068308,2.986636904613616,Train
DTXSID7024667,0.43333333333333335,0.3050199169421137,1.7776388834631178,Train
DTXSID5023794,0.6071428571428571,0.5415543575920935,4.019950248448356,Train
DTXSID7040990,0.6666666666666666,0.6461075689016865,3.6331804249169903,Train
DTXSID3021437,0.75,0.6473886328725038,3.0919249667480613,Train
DTXSID5021120,0.5925925925925926,0.5336925554316858,3.0528675044947495,Train
DTXSID1044722,0.5365853658536586,0.48617325077690926,2.898275349237888,Train
DTXSID0020288,0.48,0.4354782608695652,2.039607805437114,Train
DTXSID0025523,0.7142857142857143,0.6342328042328043,3.0983866769659336,Train
DTXSID3057692,0.6818181818181818,0.6356981580510992,3.7576588456111875,Train
DTXSID6022472,0.4166666666666667,0.25761904761904764,1.5231546211727818,Train
DTXSID9046499,0.671875,0.6489007374204742,5.325410782277739,Train
DTXSID6049355,0.0,0.0,0.0,Train
DTXSID7025130,0.5294117647058824,0.476799670917318,1.5362291495737217,Train
DTXSID8057803,0.6818181818181818,0.6540647857889237,3.671511950137164,Train
DTXSID1025774,0.5675675675675675,0.5558832405606599,3.417601498127013,Train
DTXSID5027198,0.5714285714285714,0.5153395863395863,2.4083189157584592,Train
DTXSID0021915,0.14285714285714285,0.14285714285714285,1.7320508075688772,Train
DTXSID5046017,0.6551724137931034,0.6354532580914396,4.608687448721165,Train
DTXSID9024431,0.7916666666666666,0.727556826849733,2.891366458960192,Train
DTXSID0047246,0.6744186046511628,0.6431007751937984,4.68187996428785,Train
DTXSID9046235,0.7096774193548387,0.6445145172279897,3.4871191548325386,Train
DTXSID3026514,0.55,0.5056521739130435,2.08806130178211,Train
DTXSID6048204,0.6551724137931034,0.6191239105721864,3.026549190084311,Train
DTXSID8026698,0.6666666666666666,0.6309409888357256,2.8354893757515653,Train
DTXSID2023430,0.6956521739130435,0.6637971014492754,3.039736830714133,Train
DTXSID8026018,0.7213114754098361,0.6987078495275216,5.528109984434102,Train
DTXSID2021652,0.0,0.0,0.0,Train
DTXSID1045619,0.49206349206349204,0.3913786972494663,3.5042830935870466,Train
DTXSID6022420,0.5714285714285714,0.520548804962598,2.349468024894146,Train
DTXSID1020223,0.6666666666666666,0.6214492753623188,2.749545416973504,Train
DTXSID9022364,0.6071428571428571,0.5571948779511804,3.7576588456111875,Train
DTXSID7035305,0.45,0.3249897470950102,1.8654758106177631,Train
DTXSID9047592,0.5,0.47301863354037266,2.449489742783178,Train
DTXSID8022959,0.475,0.45033094812164576,3.6606010435446255,Train
DTXSID0040705,0.6097560975609756,0.586176725806667,3.6166282640050254,Train
DTXSID7023221,0.7407407407407407,0.7248474627998289,4.368065933568311,Train
DTXSID8027169,0.48,0.4047719298245614,1.98997487421324,Train
DTXSID3023899,0.5217391304347826,0.37151855134278816,3.0265491900843116,Train
DTXSID4044793,0.68,0.6257810884767407,2.80713376952364,Train
DTXSID3042263,0.7368421052631579,0.6912534249376354,2.727636339397171,Train
DTXSID0048189,0.3611111111111111,0.2666666666666667,2.23606797749979,Train
DTXSID3021304,0.7368421052631579,0.6901122897599892,2.6,Train
DTXSID8048606,0.6206896551724138,0.5757384782301053,3.3645207682521447,Train
DTXSID9047045,0.7678571428571429,0.7461256479156572,4.4810713004816165,Train
DTXSID3024659,0.5416666666666666,0.5287212931995541,2.209072203437452,Train
DTXSID5024504,0.6666666666666666,0.6330629727871107,3.5156791662493894,Train
DTXSID8023474,0.6086956521739131,0.5752112208007628,4.326661530556787,Train
DTXSID2047648,0.4838709677419355,0.4173783270936971,2.4166091947189146,Train
DTXSID6047311,0.7545454545454545,0.7443797240135913,7.121797525905942,Train
DTXSID1047813,0.8,0.7773972197574682,3.298484500494129,Train
DTXSID4020379,0.5510204081632653,0.4700038596999083,2.979932885150268,Train
DTXSID5048849,0.625,0.523613959140275,3.4698703145794942,Train
DTXSID8047422,0.7209302325581395,0.704051857719054,4.1521078984053394,Train
DTXSID6033247,0.5555555555555556,0.4207885304659499,2.383275057562597,Train
DTXSID2027094,0.36585365853658536,0.3431414061941206,2.209072203437452,Train
DTXSID3020205,0.3142857142857143,0.2988235294117647,3.006659275674582,Train
DTXSID8042137,0.5789473684210527,0.5612061403508772,3.704051835490427,Train
DTXSID3046908,0.5370370370370371,0.43147506068436303,3.5608987629529714,Train
DTXSID7027174,0.6410256410256411,0.5990343964978112,3.0066592756745822,Train
DTXSID4040682,0.4528301886792453,0.3722248551089521,3.111269837220809,Train
DTXSID4027076,0.5161290322580645,0.41091811414392065,3.2,Train
DTXSID1020439,0.45,0.430103519668737,2.039607805437114,Train
DTXSID3027584,0.5869565217391305,0.5288587044545137,3.8366652186501757,Train
DTXSID0047533,0.3142857142857143,0.3142857142857143,3.3166247903554,Train
DTXSID3024152,0.6166666666666667,0.4935973621998258,3.6606010435446255,Train
DTXSID7021780,0.34615384615384615,0.27235653235653234,1.2961481396815722,Train
DTXSID1049015,0.4918032786885246,0.3357684667143637,2.4657656011875906,Train
DTXSID8025464,0.7083333333333334,0.5847619047619047,2.2891046284519194,Train
DTXSID5044441,0.6,0.4883959455678859,2.23606797749979,Train
DTXSID2029246,0.48148148148148145,0.35175014831765405,2.107130750570548,Train
DTXSID1020809,0.6785714285714286,0.6031206144478457,2.749545416973504,Train
DTXSID4047254,0.6909090909090909,0.6748403023239825,5.055689863905815,Train
DTXSID0024185,0.5625,0.5302777777777777,2.0099751242241783,Train
DTXSID7025558,0.62,0.5581559101334188,3.81051177665153,Train
DTXSID7041411,0.6585365853658537,0.5993638805192079,4.034848200366403,Train
DTXSID6024838,0.55,0.5053703703703704,4.034848200366403,Train
DTXSID7044972,0.16666666666666666,0.10999999999999999,1.2165525060596438,Train
DTXSID5047033,0.65625,0.51125,3.0724582991474434,Train
DTXSID7044845,0.35714285714285715,0.3005054945054945,2.4899799195977463,Train
DTXSID7023691,0.7083333333333334,0.6767496807151979,4.551922670696417,Train
DTXSID7027542,0.5882352941176471,0.5562334673736403,3.52703841770968,Train
DTXSID8026147,0.6216216216216216,0.4341711983175398,2.6608269391300143,Train
DTXSID9023702,0.4375,0.2521103896103896,1.216552506059644,Train
DTXSID9047091,0.5555555555555556,0.507469654528478,3.013303834663873,Train
DTXSID6044644,0.6129032258064516,0.5458447536720781,2.877498913987632,Train
DTXSID4024771,0.43478260869565216,0.3710630330767631,1.7320508075688772,Train
DTXSID9045267,0.72,0.6823655178318466,4.3220365569948616,Train
DTXSID9020087,0.5,0.3794088669950739,1.854723699099141,Train
DTXSID8022741,0.475,0.4017827776428547,2.7568097504180447,Train
DTXSID0026915,0.0,0.0,0.0,Train
DTXSID9021928,0.4090909090909091,0.3658991534781008,1.9899748742132402,Train
DTXSID2020139,0.4827586206896552,0.43442463383692764,2.4166091947189146,Train
DTXSID5022308,0.5,0.4378048780487805,2.8495613697550017,Train
DTXSID0021961,0.38095238095238093,0.3219102904319623,1.32664991614216,Train
DTXSID8034376,0.5777777777777777,0.544363996491656,3.671511950137164,Train
DTXSID1044568,0.2222222222222222,0.14444444444444443,1.4000000000000001,Train
DTXSID3044201,0.6666666666666666,0.5953535914858504,4.308131845707604,Train
DTXSID5027223,0.3333333333333333,0.30961791831357044,2.3151673805580453,Train
DTXSID5052832,0.5714285714285714,0.4901371074745688,2.3916521486202797,Train
DTXSID7024904,0.4878048780487805,0.41375709832761787,3.0919249667480613,Train
DTXSID9025611,0.631578947368421,0.6263157894736843,2.7129319932501077,Train
DTXSID0041224,0.6190476190476191,0.5248620660385367,2.244994432064365,Train
DTXSID7029871,0.68,0.6619290106747734,4.1952353926806065,Train
DTXSID5023376,0.7777777777777778,0.7136176638749505,5.157518783291051,Train
DTXSID9032878,0.5625,0.47301282051282045,1.7435595774162695,Train
DTXSID1047578,0.7407407407407407,0.4869272434489826,2.545584412271571,Train
DTXSID4045765,0.7575757575757576,0.7434647934647935,3.7894590642992836,Train
DTXSID5045889,0.6097560975609756,0.5782551594746718,3.7202150475476548,Train
DTXSID4048856,0.675,0.5722156415013557,3.6496575181789317,Train
DTXSID1031626,0.45454545454545453,0.40504119536377603,2.6907248094147422,Train
DTXSID3038725,0.0,0.0,0.0,Train
DTXSID3046405,0.5,0.46503849662470353,2.6457513110645907,Train
DTXSID8035186,0.6818181818181818,0.6462574462574462,3.0331501776206204,Train
DTXSID2027884,0.7307692307692307,0.5311176142697882,2.154065922853802,Train
DTXSID4021921,0.7241379310344828,0.6737631604365883,1.9798989873223334,Train
DTXSID7041887,0.5483870967741935,0.37816377171215876,2.6907248094147422,Train
DTXSID5022279,0.64,0.5268142292490119,2.3916521486202797,Train
DTXSID8034792,0.6363636363636364,0.6140062276904381,4.386342439892262,Train
DTXSID7049396,0.5789473684210527,0.5019736842105263,2.009975124224178,Train
DTXSID5021598,0.23076923076923078,0.046153846153846156,0.3464101615137755,Train
DTXSID9022027,0.5555555555555556,0.4708333333333334,2.107130750570548,Train
DTXSID3024449,0.7241379310344828,0.6794796008589111,2.979932885150268,Train
DTXSID0025492,0.0,0.0,0.0,Train
DTXSID6046137,0.6538461538461539,0.6434496412844697,5.035871324805669,Train
DTXSID1032303,0.25,0.25,2.23606797749979,Train
DTXSID9057840,0.5294117647058824,0.43540616246498604,2.727636339397171,Train
DTXSID4021056,0.5,0.4697368421052632,2.877498913987632,Train
DTXSID4041492,0.625,0.5897415329768271,3.1937438845342627,Train
DTXSID3047425,0.17391304347826086,0.16640316205533595,1.9078784028338913,Train
DTXSID1020485,0.5217391304347826,0.4726441223832528,2.1633307652783937,Train
DTXSID2034881,0.7435897435897436,0.716925740925741,4.4136152981427825,Train
DTXSID7022093,0.7058823529411765,0.6408255933952528,2.3664319132398464,Train
DTXSID5047374,0.704225352112676,0.6975219229817406,5.299056519796708,Train
DTXSID1045792,0.5555555555555556,0.4741469573786647,3.3763886032268267,Train
DTXSID3041376,0.65625,0.6485294117647059,4.1424630354415966,Train
DTXSID7041388,0.42857142857142855,0.38941798941798944,2.9189039038652846,Train
DTXSID0047822,0.7021276595744681,0.6534998531267755,3.588871688985272,Train
DTXSID0042084,0.5555555555555556,0.5221389974429489,3.6110940170535577,Train
DTXSID7024455,0.42857142857142855,0.40366300366300367,2.4083189157584592,Train
DTXSID6045161,0.7058823529411765,0.6694959349593497,3.9899874686520005,Train
DTXSID0046193,0.7567567567567568,0.7428749041687046,4.613025037868319,Train
DTXSID1021118,0.6666666666666666,0.5974661011740119,3.627671429443411,Train
DTXSID1047158,0.5217391304347826,0.49523809523809526,2.340939982143925,Train
DTXSID1047869,0.7313432835820896,0.5996404220707066,4.180908992073375,Train
DTXSID9027528,0.6521739130434783,0.6195287295973795,3.237282811247729,Train
DTXSID2029117,0.5263157894736842,0.3855986119144014,1.7776388834631176,Train
DTXSID3048520,0.7777777777777778,0.6591669808949221,5.60357029044876,Train
DTXSID7020348,0.6451612903225806,0.6042687253009833,3.1496031496047245,Train
DTXSID1029124,0.5714285714285714,0.5300432900432901,1.6,Train
DTXSID8041327,0.5714285714285714,0.5487851312439018,2.891366458960192,Train
DTXSID4045632,0.6428571428571429,0.586137800691667,4.1424630354415966,Train
DTXSID8057807,0.5555555555555556,0.5091388602224516,3.878143885933063,Train
DTXSID3020043,0.7407407407407407,0.7334554334554333,3.8678159211627436,Train
DTXSID2047274,0.6785714285714286,0.6686681124062529,5.075431016179809,Train
DTXSID9047465,0.5862068965517241,0.5183113642512975,2.6229754097208002,Train
DTXSID2047773,0.6041666666666666,0.5151697646262863,3.2,Train
DTXSID8047133,0.7666666666666667,0.7581818181818182,3.4871191548325395,Train
DTXSID0032811,0.6666666666666666,0.6011163885844193,2.4166091947189146,Train
DTXSID4047173,0.7142857142857143,0.5732142857142858,3.286335345030997,Train
DTXSID1047605,0.3888888888888889,0.31986534964863134,2.4248711305964283,Train
DTXSID6052295,0.5517241379310345,0.5111108731348611,2.6229754097208002,Train
DTXSID7022673,0.4155844155844156,0.3586215610873145,3.6606010435446255,Train
DTXSID7044768,0.6888888888888889,0.6319531432937726,4.024922359499622,Train
DTXSID3020912,0.5964912280701754,0.52716597048176,4.1424630354415966,Train
DTXSID9022655,0.5333333333333333,0.4794996476391825,3.9749213828703582,Train
DTXSID9023914,0.6976744186046512,0.6188022615409949,3.5042830935870466,Train
DTXSID0045171,0.7333333333333333,0.6806666666666666,4.5694638635183455,Train
DTXSID8057770,0.7121212121212122,0.6277111481469835,4.525483399593905,Train
DTXSID2040234,0.6296296296296297,0.5847703073509525,3.1240998703626617,Train
DTXSID9020792,0.7058823529411765,0.692770673486786,2.5922962793631443,Train
DTXSID2040739,0.7419354838709677,0.7172838738758388,5.716642371182581,Train
DTXSID9045390,0.5882352941176471,0.5761470588235296,4.132795663954365,Train
DTXSID1024128,0.6666666666666666,0.5927738927738927,1.2328828005937953,Train
DTXSID6041268,0.6415094339622641,0.6141136552792232,4.573838650411709,Train
DTXSID7048823,0.7441860465116279,0.6444031277653244,6.102458520956944,Train
DTXSID0037522,0.6511627906976745,0.6294074004902683,4.132795663954365,Train
DTXSID3047895,0.6136363636363636,0.603804161896867,3.97994974842648,Train
DTXSID6041056,0.6333333333333333,0.6,3.7309516212355263,Train
DTXSID6038827,0.43333333333333335,0.34258571568916396,2.1908902300206647,Train
DTXSID8032675,0.6382978723404256,0.5948204040639645,3.9140771581561857,Train
DTXSID6047579,0.5151515151515151,0.4378075687753107,2.366431913239847,Train
DTXSID1040295,0.6176470588235294,0.5939673523528343,3.2557641192199416,Train
DTXSID6044199,0.6744186046511628,0.6421950582415697,4.440720662234904,Train
DTXSID7044427,0.6363636363636364,0.5934841495482227,2.489979919597747,Train
DTXSID6057661,0.6623376623376623,0.49611549165120594,4.308131845707603,Train
DTXSID0046804,0.6981132075471698,0.6387873880532127,4.613025037868319,Train
DTXSID4027781,0.7068965517241379,0.6924504740872243,5.207686626516615,Train
DTXSID8032544,0.5277777777777778,0.47367585630743525,3.4813790371058424,Train
DTXSID3029150,0.6666666666666666,0.6376243250923558,2.8000000000000003,Train
DTXSID3024100,0.4375,0.3538365561278275,2.4576411454889016,Train
DTXSID3052060,0.45454545454545453,0.43324675324675327,2.4657656011875906,Train
DTXSID0047749,0.6111111111111112,0.4946897546897547,1.7435595774162693,Train
DTXSID4046159,0.7,0.6423219373219373,4.223742416388576,Train
DTXSID0044816,0.5172413793103449,0.39926667490627443,2.5845695966640174,Train
DTXSID6044519,0.6410256410256411,0.6133492523736426,4.1182520563948,Train
DTXSID4026715,0.42857142857142855,0.39527950310559007,2.2,Train
DTXSID3023764,0.5,0.42969593634555264,2.06881608655772,Train
DTXSID3034664,0.6666666666666666,0.4693203358801316,3.6551333764994136,Train
DTXSID5021255,0.5476190476190477,0.5149742379203823,3.3704599092705436,Train
DTXSID5046277,0.7142857142857143,0.5719643610312924,3.6441734316577197,Train
DTXSID0045838,0.7142857142857143,0.6544222563577403,3.111269837220809,Train
DTXSID7048873,0.7209302325581395,0.5725694786649499,3.509985754956849,Train
DTXSID4049240,0.5555555555555556,0.4221001221001221,1.61245154965971,Train
DTXSID2025210,0.6190476190476191,0.5594402673350042,3.9698866482558417,Train
DTXSID6022842,0.7777777777777778,0.7610305592628572,3.9140771581561853,Train
DTXSID5021415,0.6111111111111112,0.5505835667600374,2.297825058615212,Train
DTXSID2041250,0.5714285714285714,0.5367853242092593,2.749545416973504,Train
DTXSID0045753,0.42857142857142855,0.3035623313884183,2.5768197453450252,Train
DTXSID5021380,0.6875,0.5714860139860141,1.9287301521985911,Train
DTXSID8020961,0.45454545454545453,0.38994290733421166,2.181742422927143,Train
DTXSID7041918,0.55,0.4798529411764706,2.6832815729997477,Train
DTXSID7025427,0.625,0.5559803921568627,1.82208671582886,Train
DTXSID4034150,0.49122807017543857,0.39082264484741264,3.249615361854384,Train
DTXSID8044882,0.3333333333333333,0.16920289855072465,1.2328828005937953,Train
DTXSID6046424,0.5818181818181818,0.47085982263421045,2.90516780926679,Train
DTXSID8020888,0.5625,0.4674909495211038,2.4,Train
DTXSID3033519,0.6875,0.6696428571428571,2.3748684174075834,Train
DTXSID3024318,0.4166666666666667,0.3625816993464052,2.04939015319192,Train
DTXSID5024479,0.46875,0.42226428278373246,2.349468024894146,Train
DTXSID2023640,0.7021276595744681,0.6954995899068847,5.1613951602255765,Train
DTXSID5048716,0.6557377049180327,0.5449489410354603,4.171330722922843,Train
DTXSID8046038,0.7962962962962963,0.7841263616557734,5.302829433425141,Train
DTXSID9026849,0.6666666666666666,0.5656410256410256,1.61245154965971,Train
DTXSID0025101,0.5555555555555556,0.47983068783068783,2.4166091947189146,Train
DTXSID1026665,0.5769230769230769,0.5434503901895205,2.505992817228334,Train
DTXSID1057793,0.525,0.4526649443561208,3.1496031496047245,Train
DTXSID4044371,0.5813953488372093,0.5369687249398557,3.2372828112477294,Train
DTXSID4041363,0.5,0.4543956043956044,2.4000000000000004,Train
DTXSID7057733,0.6976744186046512,0.6026301218161683,2.90516780926679,Train
DTXSID2021026,0.5714285714285714,0.4855505364201017,1.949358868961793,Train
DTXSID5037028,0.3333333333333333,0.17333333333333334,0.938083151964686,Train
DTXSID4047593,0.7666666666666667,0.594939948263119,3.1811947441173736,Train
DTXSID5023089,0.6590909090909091,0.6293830837094594,3.6606010435446255,Train
DTXSID4047670,0.631578947368421,0.5530342159747195,2.1908902300206647,Train
DTXSID0041567,0.47619047619047616,0.3436724386724387,2.6981475126464085,Train
DTXSID4026921,0.2692307692307692,0.15956043956043953,1.2328828005937953,Train
DTXSID7049429,0.5333333333333333,0.46584286803966435,2.280350850198276,Train
DTXSID8020917,0.6176470588235294,0.575939367400468,3.3346664001066135,Train
DTXSID9044908,0.7391304347826086,0.6915527950310558,2.814249455894058,Train
DTXSID8024652,0.68,0.6127826086956522,2.8495613697550017,Train
DTXSID1047029,0.9090909090909091,0.7382887700534759,2.638181191654584,Train
DTXSID6045668,0.5333333333333333,0.43171610169491526,3.9140771581561853,Train
DTXSID7048796,0.7058823529411765,0.6943580497333033,4.955804677345547,Train
DTXSID6027262,0.6956521739130435,0.6421607378129116,2.039607805437114,Train
DTXSID9048512,0.7037037037037037,0.6783958180184595,5.451605268175604,Train
DTXSID0040672,0.45454545454545453,0.4073244222085193,3.5440090293338704,Train
DTXSID0033334,0.83,0.8068154257837803,7.418894796396564,Train
DTXSID4026214,0.45714285714285713,0.3867839687194526,2.366431913239847,Train
DTXSID6025014,0.6086956521739131,0.5704805491990846,2.668332812825267,Train
DTXSID2020474,0.625,0.595406115623507,2.986636904613616,Train
DTXSID9044455,0.16666666666666666,0.10999999999999999,1.2165525060596438,Train
DTXSID6023523,0.5925925925925926,0.5093360343360344,2.4657656011875906,Train
DTXSID0046195,0.62,0.5090705194358446,3.3645207682521443,Train
DTXSID0041983,0.6190476190476191,0.4445655098197471,3.6496575181789317,Train
DTXSID7026499,0.6571428571428571,0.6387226662226662,3.5327043465311387,Train
DTXSID8047505,0.5510204081632653,0.44381197680391543,3.8052595180880897,Train
DTXSID2041913,0.5901639344262295,0.4393356903384248,3.2434549480453714,Train
DTXSID3057775,0.6216216216216216,0.5952513647635599,3.3823069050575527,Train
DTXSID1047106,0.47058823529411764,0.43106240048856026,2.785677655436824,Train
DTXSID0027771,0.5806451612903226,0.5134528266406824,3.2496153618543846,Train
DTXSID0046482,0.7411764705882353,0.6995561057584082,6.244997998398398,Train
DTXSID8027294,0.6428571428571429,0.6171941391941391,3.1176914536239795,Train
DTXSID2021868,0.38461538461538464,0.38461538461538464,1.0,Train
DTXSID9026132,0.6382978723404256,0.5582392425580132,3.872983346207417,Train
DTXSID0046307,0.7341772151898734,0.6690091613855433,5.5605755097831375,Train
DTXSID4027789,0.75,0.700000464861146,2.6608269391300143,Train
DTXSID3034113,0.6153846153846154,0.5453378943608054,3.8935844667863573,Train
DTXSID5020079,0.7307692307692307,0.7090022296544036,3.4292856398964497,Train
DTXSID9034864,0.6785714285714286,0.625493671413975,4.911211663123471,Train
DTXSID6046345,0.5416666666666666,0.49530303030303025,2.6832815729997477,Train
DTXSID1021952,0.4838709677419355,0.4072637040378976,1.8,Train
DTXSID9029277,0.6530612244897959,0.5690554683411826,3.6000000000000005,Train
DTXSID9045631,0.6976744186046512,0.6571096120886205,3.423448553724738,Train
DTXSID6047288,0.7625,0.7532148648452995,6.508456038109192,Train
DTXSID6027137,0.3333333333333333,0.3127214170692431,1.969771560359221,Train
DTXSID8041298,0.4,0.36882910193255014,2.986636904613616,Train
DTXSID3034612,0.6119402985074627,0.42206521870068536,3.5721142198983507,Train
DTXSID0025604,0.6818181818181818,0.6663636363636363,2.5612496949731396,Train
DTXSID6046977,0.66,0.6216833624596427,4.28485705712571,Train
DTXSID9025291,0.6,0.5426731078904992,2.6,Train
DTXSID9026716,0.5,0.4338602187286398,1.8330302779823362,Train
DTXSID3052307,0.6842105263157895,0.6061711095921621,2.0591260281974,Train
DTXSID3041619,0.5609756097560976,0.4760132187480398,3.0919249667480613,Train
DTXSID2032639,0.6666666666666666,0.6629629629629629,5.861740355901138,Train
DTXSID3045192,0.6326530612244898,0.5014390371533228,3.423448553724738,Train
DTXSID7028300,0.5897435897435898,0.5803204626554699,3.249615361854384,Train
DTXSID4025240,0.7619047619047619,0.7321428571428571,3.136877428271625,Train
DTXSID2047775,0.7058823529411765,0.6802803198264069,3.847076812334269,Train
DTXSID8046951,0.7142857142857143,0.671797711332595,4.0,Train
DTXSID4027608,0.6190476190476191,0.46184715821812594,2.545584412271571,Train
DTXSID9041528,0.5789473684210527,0.5339712918660287,2.2538855339169293,Train
DTXSID9021392,0.4117647058823529,0.34288770053475937,1.4000000000000001,Train
DTXSID8048521,0.7865168539325843,0.7782264350640115,6.907966415668218,Train
DTXSID2021602,0.0,0.0,0.0,Train
DTXSID3020627,0.5882352941176471,0.49933354727597534,3.1749015732775088,Train
DTXSID7057650,0.5454545454545454,0.4985630056218291,2.863564212655271,Train
DTXSID3032626,0.6341463414634146,0.5476030895268622,3.4583232931581165,Train
DTXSID3045435,0.7,0.640096618357488,4.613025037868319,Train
DTXSID8045357,0.5777777777777777,0.3553055136958692,2.6981475126464085,Train
DTXSID0040703,0.4782608695652174,0.4441182006399397,2.5922962793631443,Train
DTXSID4044664,0.6382978723404256,0.6219539463164212,4.266145801540309,Train
DTXSID0042379,0.6923076923076923,0.6211996336996337,2.0591260281974,Train
DTXSID1020142,0.6129032258064516,0.5964886911383018,2.771281292110204,Train
DTXSID1045164,0.6818181818181818,0.6166124803338862,3.893584466786357,Train
DTXSID3049045,0.7411764705882353,0.7244701071306072,6.381222453417527,Train
DTXSID1020308,0.5172413793103449,0.48167816091954024,2.8000000000000003,Train
DTXSID9037616,0.75,0.6192169837331127,3.32264954516723,Train
DTXSID9051454,0.5769230769230769,0.5505016722408026,2.584569596664017,Train
DTXSID6044430,0.44,0.4366153846153846,2.3579652245103193,Train
DTXSID4026684,0.5757575757575758,0.43202761202761203,2.5922962793631443,Train
DTXSID6022133,0.46875,0.40920857052498416,2.545584412271571,Train
DTXSID8057643,0.6363636363636364,0.6255772529357435,5.617828762075256,Train
DTXSID8041321,0.6153846153846154,0.5937728937728938,1.9183326093250879,Train
DTXSID2033314,0.6590909090909091,0.5955268905268906,3.2496153618543846,Train
DTXSID4025454,0.42105263157894735,0.36567251461988304,2.9597297173897483,Train
DTXSID7047518,0.7297297297297297,0.6654684513654614,3.82099463490856,Train
DTXSID0023870,0.5882352941176471,0.55640522875817,2.04939015319192,Train
DTXSID7057789,0.6949152542372882,0.6672191316274162,4.967896939349688,Train
DTXSID6028022,0.5454545454545454,0.47405642633228845,2.6305892875931813,Train
DTXSID1045081,0.5,0.45734265734265733,2.315167380558045,Train
DTXSID3048863,0.7014925373134329,0.5871609583574923,4.634652090502587,Train
DTXSID6045743,0.6,0.5798014388361493,5.03189825016365,Train
DTXSID9048691,0.75,0.7380471380471381,6.49307323229917,Train
DTXSID7044429,0.5238095238095238,0.4078320802005012,1.9183326093250879,Train
DTXSID7044502,0.5806451612903226,0.4543554998323581,2.2891046284519194,Train
DTXSID9048853,0.6,0.5569449266754991,4.427188724235731,Train
DTXSID8048818,0.6808510638297872,0.5430815313884519,3.9242833740697165,Train
DTXSID5023035,0.7692307692307693,0.7019481303352271,6.452906321960671,Train
DTXSID9023095,0.5,0.41737373737373745,3.560898762952971,Train
DTXSID3040774,0.7222222222222222,0.5754960317460318,3.3466401061363023,Train
DTXSID8025593,0.6071428571428571,0.5769585253456222,3.1368774282716245,Train
DTXSID1027502,0.7619047619047619,0.7314132104454685,3.773592452822642,Train
DTXSID8020597,0.5555555555555556,0.5444444444444445,1.385640646055102,Train
DTXSID9020958,0.34782608695652173,0.3387959866220736,1.9287301521985911,Train
DTXSID0040464,0.7931034482758621,0.7864343337139661,8.165782265037441,Train
DTXSID1026667,0.625,0.5980434782608696,2.973213749463701,Train
DTXSID4045478,0.5384615384615384,0.46855439642324886,3.989987468652001,Train
DTXSID9020790,0.6129032258064516,0.5423073237114984,3.4000000000000004,Train
DTXSID3020128,0.6976744186046512,0.6067201362003003,3.2680269276736382,Train
DTXSID1046475,0.6190476190476191,0.49638635596082403,3.1304951684997055,Train
DTXSID1049302,0.38461538461538464,0.23076923076923078,1.3416407864998738,Train
DTXSID3051381,0.7547169811320755,0.7442163379073756,5.035871324805669,Train
DTXSID5023370,0.4166666666666667,0.37641612200435726,3.6110940170535577,Train
DTXSID6041503,0.7317073170731707,0.6834709005440713,4.280186911806539,Train
DTXSID3044380,0.3888888888888889,0.3583333333333333,1.6852299546352718,Train
DTXSID9024489,0.5185185185185185,0.47592668312308495,2.1725560982400434,Train
DTXSID9045425,0.6101694915254238,0.5747053385669505,4.024922359499622,Train
DTXSID2045656,0.6744186046511628,0.6292218851814402,4.312771730569565,Train
DTXSID7027887,0.43243243243243246,0.4092183160604213,3.255764119219941,Train
DTXSID5037579,0.5925925925925926,0.556734161687722,3.1874754901018454,Train
DTXSID9020299,0.6,0.5224457094665824,2.863564212655271,Train
DTXSID0024266,0.6444444444444445,0.5140572277963582,3.440930106817051,Train
DTXSID9037038,0.5454545454545454,0.49765729059846703,3.117691453623979,Train
DTXSID6025725,0.46153846153846156,0.43098192130450197,2.4,Train
DTXSID3021647,0.55,0.4837186102511179,2.107130750570548,Train
DTXSID9044532,0.71875,0.7051829942503318,4.059556626036889,Train
DTXSID6021793,0.5,0.4503673933341452,2.0297783130184444,Train
DTXSID4046606,0.4666666666666667,0.18222222222222223,1.2328828005937953,Train
DTXSID5032654,0.7941176470588235,0.7769716775599128,3.698648401781386,Train
DTXSID4049082,0.6935483870967742,0.5599457237947201,4.24735211631906,Train
DTXSID4045133,0.723404255319149,0.6614475577465029,3.9293765408777004,Train
DTXSID4045210,0.5625,0.5425593220338982,4.113392760240627,Train
DTXSID1049225,0.7307692307692307,0.7245632273894346,4.565084884205332,Train
DTXSID4046076,0.7662337662337663,0.6449879234689362,5.118593556827891,Train
DTXSID6033825,0.5172413793103449,0.37154351395730706,1.7204650534085255,Train
DTXSID9047126,0.46875,0.3708802069214783,2.4166091947189146,Train
DTXSID9022817,0.7368421052631579,0.7327651679518971,5.692099788303083,Train
DTXSID1040243,0.7358490566037735,0.7266099507153014,4.547526800360829,Train
DTXSID8044886,0.4444444444444444,0.42493284493284494,2.32379000772445,Train
DTXSID2048618,0.45161290322580644,0.3885882215105835,3.560898762952971,Train
DTXSID9023590,0.6119402985074627,0.47000529251010903,4.24735211631906,Train
DTXSID2047301,0.7619047619047619,0.7556297209450795,6.135144660071187,Train
DTXSID9047203,0.4375,0.3996889140271493,2.2715633383201097,Train
DTXSID0044496,0.23333333333333334,0.21569892473118282,1.8,Train
DTXSID2045076,0.4657534246575342,0.3672030907039424,3.6823905279043943,Train
DTXSID8041329,0.48936170212765956,0.4365945626477542,3.0724582991474434,Train
DTXSID8045193,0.6835443037974683,0.5547393698319599,4.979959839195494,Train
DTXSID5046273,0.4222222222222222,0.24496338886431768,1.9078784028338915,Train
DTXSID0028030,0.6333333333333333,0.615990990990991,3.249615361854384,Train
DTXSID5057757,0.6944444444444444,0.638017734715848,3.6441734316577197,Train
DTXSID2021866,0.17391304347826086,0.11718426501035198,1.1135528725660044,Train
DTXSID7022546,0.5833333333333334,0.5518315018315019,1.9287301521985911,Train
DTXSID9034818,0.7586206896551724,0.7208841732979664,4.829078587059855,Train
DTXSID1041502,0.48484848484848486,0.42631442631442634,2.3664319132398464,Train
DTXSID1044776,0.4827586206896552,0.45180202938823627,3.0199337741083,Train
DTXSID3020756,0.5714285714285714,0.46732067932067933,2.078460969082653,Train
DTXSID1023572,0.5135135135135135,0.45874639616575097,2.6229754097208002,Train
DTXSID0020022,0.5606060606060606,0.4288070242251959,3.1496031496047245,Train
DTXSID9025085,0.75,0.7275,2.23606797749979,Train
DTXSID4057635,0.5333333333333333,0.4798311652423961,3.2557641192199416,Train
DTXSID5034698,0.52,0.4582554799697657,3.3346664001066135,Train
DTXSID0027270,0.0,0.0,0.0,Train
DTXSID3025338,0.5909090909090909,0.5691341991341992,2.8071337695236402,Train
DTXSID6045587,0.5609756097560976,0.5378819224194282,3.006659275674582,Train
DTXSID1048831,0.6571428571428571,0.6461766334440753,4.113392760240627,Train
DTXSID8047559,0.16666666666666666,0.13333333333333333,1.6,Train
DTXSID4048858,0.7346938775510204,0.6367116577551555,3.8626415831655936,Train
DTXSID5022194,0.25,0.12366666666666667,1.1135528725660044,Train
DTXSID2022967,0.6607142857142857,0.5768814167176304,4.418144406874904,Train
DTXSID7020845,0.6956521739130435,0.5549675388550069,1.8110770276274835,Train
DTXSID7023227,0.6964285714285714,0.5761811391223155,4.404543109109048,Train
DTXSID4047200,0.6530612244897959,0.5919455782312925,3.9496835316263,Train
DTXSID2049006,0.4266666666666667,0.3728671171171171,3.9749213828703582,Train
DTXSID8024521,0.625,0.5931818181818183,2.227105745132009,Train
DTXSID6037564,0.6785714285714286,0.6283741612094753,4.703190406521939,Train
DTXSID6024967,0.5185185185185185,0.4676167471819646,2.04939015319192,Train
DTXSID5037494,0.59375,0.4878225806451614,2.433105012119288,Train
DTXSID0048840,0.55,0.4850197174729223,3.5888716889852725,Train
DTXSID5049318,0.6896551724137931,0.6329716848892627,3.852272056851645,Train
DTXSID5024182,0.5333333333333333,0.41073906485671186,2.0591260281974,Train
DTXSID5049314,0.7619047619047619,0.420812324929972,2.107130750570548,Train
DTXSID6021795,0.5483870967741935,0.4718096730660398,2.2,Train
DTXSID7029611,0.39285714285714285,0.33667861409796895,2.2627416997969525,Train
DTXSID2057601,0.6938775510204082,0.6741456566432968,4.732863826479693,Train
DTXSID9046152,0.5384615384615384,0.4962559843257518,2.9120439557122073,Train
DTXSID9026558,0.5384615384615384,0.4357303004361827,2.8284271247461903,Train
DTXSID6026872,0.6842105263157895,0.5771929824561404,2.4166091947189146,Train
DTXSID3022617,0.6857142857142857,0.6723340146869559,4.377213725647858,Train
DTXSID4025404,0.48484848484848486,0.48484848484848486,3.7947331922020555,Train
DTXSID2047305,0.723404255319149,0.6988436982949862,7.051241025521677,Train
DTXSID1025431,0.4827586206896552,0.43706398965019655,2.3323807579381204,Train
DTXSID8027321,0.5217391304347826,0.4492569169960475,2.0,Train
DTXSID8045987,0.7307692307692307,0.7032363343215271,3.560898762952971,Train
DTXSID5045093,0.6585365853658537,0.6148473281201586,3.7416573867739413,Train
DTXSID1041188,0.6,0.5581048387096774,3.2249030993194197,Train
DTXSID0025654,0.5,0.45003256003256,2.4,Train
DTXSID2021995,0.6111111111111112,0.5480857325259603,2.9597297173897488,Train
DTXSID4044456,0.7307692307692307,0.7259383673176777,3.655133376499413,Train
DTXSID9046443,0.6415094339622641,0.6144654088050314,4.294182110716777,Train
DTXSID4020537,0.5681818181818182,0.37735220020821914,1.8220867158288598,Train
DTXSID5025574,0.5,0.48654244306418215,1.854723699099141,Train
DTXSID4047252,0.7349397590361446,0.7074549948043923,6.063002556489648,Train
DTXSID5045887,0.5728155339805825,0.5015855344962936,5.138093031466052,Train
DTXSID8044884,0.6285714285714286,0.6079246243952127,3.4756294393965534,Train
DTXSID6021820,0.5,0.456923076923077,1.7549928774784245,Train
DTXSID1027342,0.625,0.5881746031746032,2.3323807579381204,Train
DTXSID2023690,0.7014925373134329,0.6720780117172185,5.192301994298869,Train
DTXSID7044897,0.5714285714285714,0.5245466607695709,2.244994432064365,Train
DTXSID4026501,0.6842105263157895,0.5174872665534804,2.749545416973504,Train
DTXSID7048792,0.6842105263157895,0.6676593608261762,5.264978632435273,Train
DTXSID8047349,0.7692307692307693,0.7623540238639248,6.324555320336759,Train
DTXSID6026535,0.5384615384615384,0.5151605383863448,2.8565713714171403,Train
DTXSID4044660,0.7222222222222222,0.7062558356676004,2.2627416997969525,Train
DTXSID6022422,0.5416666666666666,0.5190647654942984,2.244994432064365,Train
DTXSID1024124,0.532258064516129,0.43838821051778953,4.079215610874228,Train
DTXSID4025111,0.6470588235294118,0.5546065699006875,1.7320508075688774,Train
DTXSID4022812,0.7045454545454546,0.6679544152764272,4.774934554525329,Train
DTXSID7021495,0.5714285714285714,0.5474481074481075,1.9798989873223332,Train
DTXSID0046692,0.5441176470588235,0.4917276588054576,4.3954521951671826,Train
DTXSID2044892,0.5909090909090909,0.46590909090909094,2.4166091947189146,Train
DTXSID7041889,0.6153846153846154,0.588149386845039,2.973213749463701,Train
DTXSID6047028,0.525,0.4138867147690677,2.9120439557122073,Train
DTXSID9047095,0.42424242424242425,0.37007575757575756,2.3748684174075834,Train
DTXSID1034501,0.22033898305084745,0.10121065375302662,1.7088007490635062,Train
DTXSID9023756,0.6727272727272727,0.6099417433291673,4.209513035969838,Train
DTXSID6040743,0.6744186046511628,0.5813197705273764,3.9140771581561857,Train
DTXSID2020717,0.5,0.4632646220881515,2.181742422927143,Train
DTXSID3042477,0.625,0.5085665669189696,3.0528675044947495,Train
DTXSID5041728,0.6744186046511628,0.6494601869640654,4.0743097574926725,Train
DTXSID7040154,0.6666666666666666,0.5699618736383443,2.814249455894058,Train
DTXSID3021277,0.625,0.5383520074696546,2.4413111231467406,Train
DTXSID8057855,0.5454545454545454,0.49440494849977606,2.505992817228334,Train
DTXSID7024950,0.5666666666666667,0.5354428668018931,3.3045423283716615,Train
DTXSID9045849,0.5833333333333334,0.52312987357105,2.9461839725312475,Train
DTXSID2025185,0.6666666666666666,0.5354578754578754,2.0297783130184444,Train
DTXSID5020312,0.7704918032786885,0.7174179451929131,5.737595315112421,Train
DTXSID1025300,0.5106382978723404,0.44872106616787466,3.026549190084311,Train
DTXSID2047567,0.46153846153846156,0.4147481684981685,3.0854497241083028,Train
DTXSID4022288,0.5,0.39695767195767195,2.209072203437452,Train
DTXSID7021576,0.6,0.5502777777777778,2.04939015319192,Train
DTXSID3036286,0.5172413793103449,0.39926667490627443,2.5845695966640174,Train
DTXSID0057752,0.6153846153846154,0.5773818773818774,2.9120439557122073,Train
DTXSID3021980,0.047619047619047616,0.047619047619047616,1.0,Train
DTXSID6042602,0.6507936507936508,0.6226806617925338,4.724404724407087,Train
DTXSID2049341,0.38461538461538464,0.23076923076923078,1.3416407864998738,Train
DTXSID0048638,0.5789473684210527,0.5300322602297232,3.1112698372208096,Train
DTXSID1057614,0.7777777777777778,0.7715201125657188,3.9089640571384128,Train
DTXSID8042399,0.7794117647058824,0.658031276906916,4.476605857119878,Train
DTXSID2021022,0.6521739130434783,0.6244596273291926,2.7129319932501073,Train
DTXSID6045616,0.6140350877192983,0.5064668012526029,3.4467375879228177,Train
DTXSID0047163,0.5862068965517241,0.5319181661541146,2.863564212655271,Train
DTXSID1026031,0.38461538461538464,0.12307692307692308,0.8,Train
DTXSID4049321,0.5,0.4564413702239789,2.569046515733026,Train
DTXSID8023551,0.46153846153846156,0.37011462410443735,3.6166282640050254,Train
DTXSID3026566,0.631578947368421,0.4846315789473684,2.078460969082653,Train
DTXSID6021030,0.6551724137931034,0.6050254872563718,2.9664793948382653,Train
DTXSID9047702,0.5714285714285714,0.5202914235522931,2.6153393661244047,Train
DTXSID9024980,0.48148148148148145,0.4440984940984941,2.4494897427831783,Train
DTXSID4026183,0.45,0.323718487394958,1.5748015748023623,Train
DTXSID6050386,0.5357142857142857,0.4622857142857143,2.154065922853802,Train
DTXSID0052596,0.5416666666666666,0.5002361673414304,2.244994432064365,Train
DTXSID8051629,0.6875,0.634796181630547,2.4083189157584592,Train
DTXSID3045805,0.5652173913043478,0.46556167604222526,2.9664793948382653,Train
DTXSID5026889,0.25,0.13615384615384615,0.9591663046625439,Train
DTXSID2020634,0.7096774193548387,0.6456415770609318,3.059411708155671,Train
DTXSID7044716,0.6551724137931034,0.6395598283807404,3.3704599092705436,Train
DTXSID0046222,0.6341463414634146,0.5963935090833388,3.6932370625238775,Train
DTXSID6047606,0.4857142857142857,0.31921411921411924,2.009975124224178,Train
DTXSID9047201,0.6078431372549019,0.5723394698497297,3.5721142198983507,Train
DTXSID8026802,0.5882352941176471,0.46264705882352947,1.661324772583615,Train
DTXSID1021299,0.5862068965517241,0.5360742705570292,3.1622776601683795,Train
DTXSID7041178,0.6938775510204082,0.6609164316132957,4.454211490264018,Train
DTXSID5025572,0.391304347826087,0.3477272727272728,1.6248076809271923,Train
DTXSID1026033,0.5142857142857142,0.48857683982683986,3.2062439083762797,Train
DTXSID2021317,0.7272727272727273,0.7115440115440116,1.9078784028338915,Train
DTXSID9031800,0.48214285714285715,0.41426073926073925,3.698648401781386,Train
DTXSID9026922,0.3125,0.1431818181818182,0.9165151389911681,Train
DTXSID3040722,0.4666666666666667,0.41083333333333333,2.0591260281974,Train
DTXSID9020453,0.5625,0.41916666666666663,2.5768197453450252,Train
DTXSID4045636,0.66,0.5904902007185424,3.939543120718442,Train
DTXSID6022684,0.6285714285714286,0.5878776669800513,5.291502622129181,Train
DTXSID4049034,0.5384615384615384,0.4900461731857081,3.704051835490427,Train
DTXSID8041828,0.627906976744186,0.5424759946519732,2.727636339397171,Train
DTXSID6048884,0.5142857142857142,0.37996927803379416,2.6832815729997477,Train
DTXSID3021778,0.4375,0.41962330342765125,2.1817424229271434,Train
DTXSID4042208,0.5714285714285714,0.5097258297258296,2.5845695966640174,Train
DTXSID2036588,0.45454545454545453,0.4532915360501567,3.1811947441173736,Train
DTXSID1021956,0.0,0.0,0.0,Train
DTXSID8047840,0.673469387755102,0.6409794865721917,4.390899680020031,Train
DTXSID8026432,0.5714285714285714,0.5183090928679164,1.7088007490635062,Test
DTXSID5048978,0.4782608695652174,0.4036714975845411,1.8439088914585775,Test
DTXSID6047490,0.5405405405405406,0.3815741157846421,2.8425340807103794,Test
DTXSID2052607,0.5384615384615384,0.39133892423366107,2.1354156504062622,Test
DTXSID2041416,0.5714285714285714,0.4410301772530875,1.7888543819998317,Test
DTXSID5020449,0.6756756756756757,0.6670901880141009,3.5042830935870466,Test
DTXSID9021685,0.7241379310344828,0.6735866049659153,3.3941125496954285,Test
DTXSID6035285,0.5151515151515151,0.4010695187165775,3.0789608636681307,Test
DTXSID9047469,0.4375,0.39165584415584415,1.469693845669907,Test
DTXSID9047413,0.35294117647058826,0.328921568627451,3.0724582991474434,Test
DTXSID8020256,0.5294117647058824,0.31764705882352945,2.545584412271571,Test
DTXSID4020957,0.35714285714285715,0.3472527472527473,2.0,Test
DTXSID7043873,0.5925925925925926,0.5487724867724868,2.9120439557122073,Test
DTXSID7020421,0.7692307692307693,0.7295177045177045,2.4899799195977463,Test
DTXSID4026711,0.47058823529411764,0.36999484004127964,1.216552506059644,Test
DTXSID2057603,0.7538461538461538,0.7446039041005207,5.7723478758647255,Test
DTXSID9046281,0.6891891891891891,0.6312602432219391,4.331281565541543,Test
DTXSID9026689,0.631578947368421,0.5025784157363106,2.2715633383201093,Test
DTXSID7049423,0.5333333333333333,0.4539041325248222,2.6758176320519302,Test
DTXSID0046565,0.5833333333333334,0.5641357439673398,3.440930106817051,Test
DTXSID9045265,0.5227272727272727,0.4623868379682333,3.286335345030997,Test
DTXSID4047961,0.5172413793103449,0.42011494252873566,2.3151673805580453,Test
DTXSID4022313,0.6388888888888888,0.5595998022494129,3.006659275674582,Test
DTXSID0020074,0.75,0.7063532763532763,3.4756294393965534,Test
DTXSID9048693,0.5641025641025641,0.5109818483553445,3.1496031496047245,Test
DTXSID0023612,0.5227272727272727,0.45227364785504315,3.2924155266308657,Test
DTXSID3021487,0.48,0.4422929061784897,2.4413111231467406,Test
DTXSID3048998,0.6666666666666666,0.5765118079752225,3.2741411087489802,Test
DTXSID7025635,0.5,0.4499047619047619,2.734958866235469,Test
DTXSID9033058,0.8518518518518519,0.838761656503592,3.218695387886217,Test
DTXSID6046181,0.5882352941176471,0.5502525107259286,3.720215047547655,Test
DTXSID3041615,0.675,0.5698112706007443,4.1036569057366385,Test
DTXSID4022785,0.6521739130434783,0.4668448811308631,4.1856899072912706,Test
DTXSID6057667,0.6842105263157895,0.6530552571905954,3.237282811247729,Test
DTXSID2025715,0.5517241379310345,0.44765422146954637,3.4928498393145966,Test
DTXSID4049038,0.7083333333333334,0.6771505376344086,3.174901573277509,Test
DTXSID6049307,0.45454545454545453,0.4395959595959596,1.8000000000000003,Test
DTXSID1021798,0.5172413793103449,0.4679664944855507,2.181742422927143,Test
DTXSID8024947,0.8076923076923077,0.7673428907021786,3.7841775856849007,Test
DTXSID8032671,0.54,0.36486128364389236,2.7928480087537886,Test
DTXSID2041256,0.38461538461538464,0.29743589743589743,0.8485281374238571,Test
DTXSID5020445,0.4878048780487805,0.39813154618032665,3.0,Test
DTXSID9021053,0.6153846153846154,0.5256620920309076,2.366431913239847,Test
DTXSID4044458,0.6571428571428571,0.6037468738158394,2.973213749463701,Test
DTXSID3047429,0.3974358974358974,0.323836710603974,3.682390527904394,Test
DTXSID3035341,0.7272727272727273,0.6278896103896103,3.243454948045371,Test
DTXSID8044543,0.574468085106383,0.5001458124230682,3.1304951684997055,Test
DTXSID8046400,0.47619047619047616,0.39576441102756893,1.969771560359221,Test
DTXSID0020498,0.30434782608695654,0.2384886128364389,1.0392304845413265,Test
DTXSID8045698,0.5434782608695652,0.5377183483729834,3.6166282640050254,Test
DTXSID3049334,0.5357142857142857,0.3642857142857142,2.0199009876724157,Test
DTXSID8048650,0.7362637362637363,0.7263036532061553,5.628498911788116,Test
DTXSID3020750,0.625,0.5756916996047431,2.4083189157584592,Test
DTXSID1024918,0.7058823529411765,0.6649859943977591,2.4413111231467406,Test
DTXSID7049427,0.5666666666666667,0.5558149130562924,2.821347195933177,Test
DTXSID0057706,0.3829787234042553,0.2708547207556061,2.545584412271571,Test
DTXSID3020548,0.5652173913043478,0.5146135265700482,2.6457513110645907,Test
DTXSID2045496,0.6590909090909091,0.5873725105304053,3.768288736283355,Test
DTXSID1022055,0.6,0.5729411764705883,2.23606797749979,Test
DTXSID8047894,0.45454545454545453,0.38533176593521423,2.1633307652783933,Test
DTXSID8045359,0.6666666666666666,0.6538881845526636,4.525483399593904,Test
DTXSID0047585,0.5142857142857142,0.444265430310055,2.457641145488902,Test
DTXSID4045680,0.717391304347826,0.6992480297700332,4.656178690729127,Test
DTXSID6046767,0.4117647058823529,0.32631284092584406,2.4899799195977463,Test
DTXSID4047462,0.7142857142857143,0.6866359447004609,4.004996878900157,Test
DTXSID9020081,0.6410256410256411,0.5688782051282051,3.3346664001066135,Test
DTXSID3027247,0.5416666666666666,0.4674775707384403,2.039607805437114,Test
DTXSID2021105,0.5833333333333334,0.5225383022774328,2.6305892875931813,Test
DTXSID5045209,0.7183098591549296,0.6364805097589723,4.841487374764082,Test
DTXSID7052654,0.5517241379310345,0.49140072820732483,2.5922962793631443,Test
DTXSID8024280,0.573170731707317,0.37664265998932134,3.298484500494129,Test
DTXSID6022846,0.717391304347826,0.6441170569322173,3.4058772731852804,Test
DTXSID7040732,0.5789473684210527,0.5057381916329284,2.340939982143925,Test
DTXSID4057685,0.75,0.7006944444444445,3.8522720568516444,Test
DTXSID5026174,0.7058823529411765,0.6823529411764706,2.5298221281347035,Test
DTXSID3040726,0.7142857142857143,0.6862910852741362,4.084115571332428,Test
DTXSID3040728,0.5185185185185185,0.44443097643097645,2.262741699796952,Test
DTXSID0047086,0.43478260869565216,0.2901185770750988,1.5874507866387546,Test
DTXSID3025178,0.5185185185185185,0.4902649685258381,2.668332812825267,Test
DTXSID7052101,0.6333333333333333,0.5627469342251951,2.898275349237888,Test
DTXSID9022944,0.7228915662650602,0.6098033252406474,5.5677643628300215,Test
DTXSID6027268,0.0,0.0,0.0,Test
DTXSID7047142,0.5581395348837209,0.4902263918252291,3.3645207682521443,Test
DTXSID8027589,0.47619047619047616,0.3822011322011322,1.9287301521985911,Test
DTXSID3023712,0.6097560975609756,0.4871893147502904,3.0463092423455636,Test
DTXSID9052509,0.5416666666666666,0.4988095238095238,2.4576411454889016,Test
DTXSID4023333,0.5591397849462365,0.5138068739478803,5.702630971753301,Test
DTXSID4047880,0.5,0.40569696969696967,2.2891046284519194,Test
DTXSID4021636,0.42857142857142855,0.41098901098901097,1.7204650534085253,Test
DTXSID3044629,0.6785714285714286,0.6186459858873652,3.0528675044947495,Test
DTXSID2045280,0.6481481481481481,0.6270509237286646,3.9140771581561857,Test
DTXSID8023688,0.8142857142857143,0.720925417740068,4.967896939349688,Test
DTXSID0027197,0.5555555555555556,0.5233426704014938,2.1725560982400434,Test
DTXSID7041467,0.7272727272727273,0.6911400293255132,3.752332607858744,Test
DTXSID5023588,0.42105263157894735,0.20175438596491224,0.8485281374238571,Test
DTXSID5046776,0.6521739130434783,0.6366331527140426,4.363484845854286,Test
DTXSID9020615,0.7413793103448276,0.7150958907048623,5.451605268175604,Test
DTXSID2045490,0.6290322580645161,0.5489649387782808,4.069397989875161,Test
DTXSID1044564,0.5,0.47411764705882353,2.08806130178211,Test
DTXSID3044754,0.35714285714285715,0.2857142857142857,2.5298221281347035,Test
DTXSID1045459,0.49295774647887325,0.38699491064031244,3.9698866482558417,Test
DTXSID1022843,0.5,0.474977817213842,3.9749213828703582,Test
DTXSID8023476,0.5645161290322581,0.43897274452302915,3.5888716889852725,Test
DTXSID8020963,0.48484848484848486,0.4456853012887495,3.013303834663873,Test
DTXSID7025421,0.47619047619047616,0.4340675266762224,2.340939982143925,Test
DTXSID0023377,0.725,0.7005206698063842,4.233202097703345,Test
DTXSID1021081,0.6363636363636364,0.5814556770483822,4.156921938165306,Test
DTXSID6046472,0.6212121212121212,0.5752448841472734,4.4136152981427825,Test
DTXSID8025967,0.6190476190476191,0.5703105590062112,2.5534290669607413,Test
DTXSID3052567,0.6875,0.675,2.7129319932501073,Test
DTXSID7040526,0.78,0.7623564213564213,4.467661580737736,Test
DTXSID8031865,0.6,0.12,0.7745966692414834,Test
DTXSID8027034,0.6190476190476191,0.4965079365079365,2.0976176963403033,Test
DTXSID9046651,0.6470588235294118,0.6159771533402364,3.8157568056677826,Test
DTXSID3041744,0.5625,0.4906475380850014,3.6331804249169903,Test
DTXSID0020153,0.5,0.4882352941176471,1.788854381999832,Test
DTXSID6021822,0.6190476190476191,0.5918964076858815,2.8000000000000003,Test
DTXSID3044461,0.6857142857142857,0.49116584564860427,2.5768197453450252,Test
DTXSID6047602,0.3793103448275862,0.35469804780149605,2.181742422927143,Test
DTXSID0047084,0.6774193548387096,0.6354126458965168,3.3941125496954285,Test
DTXSID8044919,0.6071428571428571,0.4795956221198157,2.4979991993593598,Test
DTXSID3029152,0.46511627906976744,0.4155770192548137,2.1908902300206647,Test
DTXSID2044632,0.7368421052631579,0.6157444894287,2.5298221281347035,Test
DTXSID4045347,0.6041666666666666,0.4784765952061062,3.63318042491699,Test
DTXSID7021815,0.55,0.4927946127946128,2.0199009876724157,Test
DTXSID0047618,0.5806451612903226,0.5223195084485407,3.0724582991474434,Test
DTXSID0044523,0.5185185185185185,0.45656916579510315,2.1725560982400434,Test
DTXSID6029127,0.43478260869565216,0.2960869565217391,1.4832396974191326,Test
DTXSID7057818,0.6615384615384615,0.6389549622912298,4.8083261120685235,Test
DTXSID4042096,0.42105263157894735,0.20175438596491224,0.8485281374238571,Test
DTXSID0038700,0.41379310344827586,0.362183908045977,2.12602916254693,Test
DTXSID6044646,0.7272727272727273,0.7097813836357394,4.127953488110059,Test
DTXSID5057626,0.6923076923076923,0.678474550823282,5.362835071116769,Test
DTXSID6041347,0.4807692307692308,0.39002442002442006,2.8844410203711917,Test
DTXSID6046131,0.6,0.547649671127932,4.228474902373195,Test
DTXSID3027249,0.5,0.45822527332824814,2.3409399821439254,Test
DTXSID5046148,0.6101694915254238,0.5512518786006513,4.427188724235731,Test
DTXSID9044374,0.42857142857142855,0.3690426368175729,1.8654758106177631,Test
DTXSID9021136,0.625,0.49392219492219497,2.4979991993593593,Test
DTXSID6040583,0.7272727272727273,0.6564802981447407,5.2459508194416005,Test
DTXSID5041302,0.8,0.6823063973063974,3.1559467676119,Test
DTXSID7044471,0.43333333333333335,0.4133545832125954,2.4166091947189146,Test
DTXSID4046604,0.6481481481481481,0.6131245791245791,4.132795663954365,Test
DTXSID5041190,0.5789473684210527,0.48384844174317865,3.4698703145794947,Test
DTXSID6044771,0.6363636363636364,0.597107095802748,2.7568097504180447,Test
DTXSID3048944,0.7526881720430108,0.7503710434650916,6.063002556489648,Test
DTXSID6057617,0.6551724137931034,0.6249738766980146,3.616628264005025,Test
DTXSID5024978,0.48148148148148145,0.4347566137566138,2.297825058615212,Test
DTXSID6047608,0.4358974358974359,0.3592141192141192,2.814249455894058,Test
DTXSID6045088,0.725,0.4989621365787695,2.9664793948382653,Test
DTXSID6052291,0.7647058823529411,0.7380451127819548,3.1496031496047245,Test
DTXSID9047178,0.36363636363636365,0.28321062502529876,1.7435595774162693,Test
DTXSID9024065,0.32,0.31060869565217397,1.4832396974191326,Test
DTXSID9047623,0.0,0.0,0.0,Test
DTXSID2025006,0.5714285714285714,0.5023199023199023,1.9390719429665317,Test
DTXSID3023845,0.6086956521739131,0.5574152190520477,2.720294101747089,Test
DTXSID1021243,0.6530612244897959,0.5899302813323911,4.935585071701226,Test
DTXSID3029289,0.8148148148148148,0.7702043422733078,3.7309516212355263,Test
DTXSID0021333,0.7368421052631579,0.6161693260300072,2.4494897427831783,Test
DTXSID1024463,0.5714285714285714,0.520531746031746,2.4248711305964283,Test
DTXSID8027323,0.4666666666666667,0.4325689574567555,2.1447610589527217,Test
DTXSID3023427,0.7209302325581395,0.6686958504331966,3.8781438859330635,Test
DTXSID3047893,0.7380952380952381,0.7134480586492972,4.024922359499622,Test
DTXSID0044785,0.6153846153846154,0.4932477805882061,3.888444419044716,Test
DTXSID7048661,0.7027027027027027,0.6763349906613664,4.1085277168348275,Test
DTXSID7029164,0.5882352941176471,0.5346891617507622,2.778488797889961,Test
DTXSID8034588,0.723404255319149,0.6819879883709671,4.626013402488152,Test
DTXSID9024063,0.47619047619047616,0.4547996551092526,1.854723699099141,Test
DTXSID6048830,0.5476190476190477,0.5009419859419859,3.3645207682521443,Test
DTXSID0022800,0.6271186440677966,0.5885179213178809,4.6173585522460785,Test
DTXSID7025001,0.52,0.4230092879256966,1.8867962264113207,Test
DTXSID9044661,0.6382978723404256,0.538231462797885,3.778888725538237,Test
DTXSID9024855,0.5517241379310345,0.4986542284413349,2.6,Test
DTXSID7047192,0.5217391304347826,0.46459330143540667,1.9595917942265426,Test
DTXSID8027032,0.6428571428571429,0.5566760037348273,2.08806130178211,Test
DTXSID5023900,0.6923076923076923,0.6891164994425865,5.2573757712379665,Test
DTXSID3041247,0.3333333333333333,0.3142857142857142,1.3856406460551018,Test
DTXSID1044697,0.6333333333333333,0.593403505817299,3.2557641192199416,Test
DTXSID5050426,0.717948717948718,0.6497494157471223,5.385164807134504,Test
DTXSID3046744,0.6190476190476191,0.6101994535437419,5.385164807134504,Test
DTXSID2034382,0.6,0.35751617773943056,3.1368774282716245,Test
DTXSID7023061,0.48484848484848486,0.41898058930317,3.1432467291003423,Test
DTXSID2049399,0.7045454545454546,0.6841325341325342,3.2619012860600183,Test
DTXSID8022117,0.8148148148148148,0.7111052554530815,2.6981475126464085,Test
DTXSID9029275,0.6470588235294118,0.5897488820089439,2.553429066960741,Test
DTXSID4052502,0.6666666666666666,0.5489247311827956,3.1496031496047245,Test
DTXSID7046912,0.4117647058823529,0.3289496139295645,3.1811947441173736,Test
DTXSID5020784,0.7647058823529411,0.762181283363649,6.190315016216864,Test
DTXSID1046132,0.631578947368421,0.5861692693271641,3.97994974842648,Test
DTXSID3047186,0.45161290322580644,0.36523878644372,2.2181073012818837,Test
DTXSID9038686,0.5357142857142857,0.49502164502164503,2.863564212655271,Test
DTXSID6038326,0.5625,0.3258333333333333,2.1725560982400434,Test
DTXSID0045208,0.7254901960784313,0.6670860694004378,4.795831523312719,Test
DTXSID2045527,0.5238095238095238,0.45273951759086517,3.8262252939417984,Test
DTXSID9046029,0.7592592592592593,0.7409516346698011,5.291502622129181,Test
DTXSID2041672,0.6363636363636364,0.6046536796536797,3.006659275674582,Test
DTXSID4023462,0.6744186046511628,0.6400493902768145,4.326661530556787,Test
DTXSID9034365,0.7582417582417582,0.7468741810217139,6.257795138864806,Test
DTXSID6027397,0.5510204081632653,0.5160864345738295,4.686149805543993,Test
DTXSID4047177,0.47368421052631576,0.37568922305764413,1.61245154965971,Test
DTXSID9047120,0.6428571428571429,0.6208696091049032,2.749545416973504,Test
DTXSID2041200,0.6857142857142857,0.6344321516878677,3.7682887362833544,Test
DTXSID6026537,0.6764705882352942,0.3620007943162261,2.078460969082653,Test
DTXSID6025309,0.6666666666666666,0.5580701754385965,2.2,Test
DTXSID7057604,0.5238095238095238,0.495,3.026549190084311,Test
DTXSID3021938,0.0,0.0,0.0,Test
DTXSID0047036,0.8214285714285714,0.7643872256775481,3.388214869219483,Test
DTXSID4020452,0.8181818181818182,0.765253026543349,3.8314488121336034,Test
DTXSID7047487,0.23076923076923078,0.046153846153846156,0.48989794855663565,Test
DTXSID0027014,0.5,0.3900255754475704,2.4248711305964283,Test
DTXSID6025567,0.41379310344827586,0.3768062397372742,2.638181191654584,Test
DTXSID8047896,0.7027027027027027,0.6597521690204617,3.8366652186501757,Test
DTXSID5044819,0.6129032258064516,0.5324020737327189,3.0133038346638727,Test
DTXSID7045368,0.6,0.5611089051890052,3.566510900025402,Test
DTXSID0020070,0.29411764705882354,0.29411764705882354,2.23606797749979,Test
DTXSID1057822,0.6818181818181818,0.6515431235431235,3.2124756808418025,Test
DTXSID5047328,0.7794117647058824,0.7624252568477602,5.953150426454887,Test
DTXSID2034962,0.7586206896551724,0.7050435164187613,5.03189825016365,Test
DTXSID8047846,0.72,0.6518042213199321,4.586937976471886,Test
DTXSID1045116,0.6575342465753424,0.499885658941895,3.7255872020394314,Test
DTXSID4022070,0.38095238095238093,0.30476190476190473,2.2627416997969525,Test
DTXSID2044399,0.6190476190476191,0.5199248120300751,2.4248711305964283,Test
DTXSID1034210,0.5106382978723404,0.47108309766737244,3.989987468652001,Test
DTXSID6023028,0.7142857142857143,0.6284346843237677,2.4738633753705965,Test
DTXSID0029761,0.8,0.6789285714285714,3.0789608636681307,Test
DTXSID7044689,0.42857142857142855,0.3668897477573785,2.0099751242241783,Test
DTXSID6049272,0.7307692307692307,0.6502474134053082,2.6758176320519307,Test
DTXSID7025764,0.48148148148148145,0.4162198510024597,2.6758176320519307,Test
DTXSID5047538,0.3448275862068966,0.22822477650063858,1.6,Test
DTXSID1040326,0.6190476190476191,0.5809182803556205,2.4576411454889016,Test
DTXSID5047667,0.5357142857142857,0.5145502645502645,2.4738633753705965,Test
DTXSID4045341,0.5263157894736842,0.4643772720088509,3.52703841770968,Test
DTXSID2026608,0.65,0.5865789473684211,2.5768197453450252,Test
DTXSID8033433,0.6739130434782609,0.6269194565435863,3.9140771581561853,Test
DTXSID3047970,0.5862068965517241,0.5483781314470969,3.2741411087489802,Test
DTXSID7044899,0.6666666666666666,0.6062629399585922,2.764054992217051,Test
DTXSID6048620,0.3793103448275862,0.25905014525704184,1.661324772583615,Test
DTXSID6025143,0.52,0.4085313819307627,1.876166303929372,Test
DTXSID2020971,0.5428571428571428,0.5138345864661653,3.560898762952971,Test
DTXSID9047704,0.7142857142857143,0.5743240033562614,3.1368774282716245,Test
DTXSID2041206,0.775,0.7383916083916083,3.3704599092705436,Test
DTXSID8034823,0.7377049180327869,0.7314895841545832,5.207686626516615,Test
DTXSID3023265,0.6153846153846154,0.5327685957387018,4.525483399593904,Test
DTXSID3023180,0.573170731707317,0.4850477223290432,4.8207883172775805,Test
DTXSID5029184,0.4583333333333333,0.41967532467532465,1.8110770276274835,Test
DTXSID8046450,0.7931034482758621,0.7849749388386899,6.982836100038437,Test
DTXSID9040269,0.6666666666666666,0.658817610062893,5.106858133921482,Test
DTXSID9022576,0.6,0.5685984379832972,4.1952353926806065,Test
DTXSID9020031,0.8032786885245902,0.7879452806855316,7.8943017423962205,Test
DTXSID7024166,0.7058823529411765,0.684608580274215,2.5219040425836985,Test
DTXSID5022439,0.6060606060606061,0.566271645021645,3.752332607858744,Test
DTXSID1045871,0.6444444444444445,0.6276153203021392,4.349712634186309,Test
DTXSID7044847,0.6818181818181818,0.6281317523056653,2.8425340807103794,Test
DTXSID3045514,0.7432432432432432,0.6544422994422995,5.646237685397241,Test
DTXSID7031458,0.45714285714285713,0.4088689346706425,2.6076809620810595,Test
DTXSID8045771,0.7096774193548387,0.6804662185036514,4.787483681434329,Test
DTXSID5041809,0.6956521739130435,0.6473588730110469,3.5383612025908264,Test
DTXSID4041230,0.72,0.6425314900153609,3.174901573277509,Test
DTXSID9032589,0.671875,0.5860086107692768,4.664761515876241,Test
DTXSID4032619,0.6111111111111112,0.5783092319824557,3.4467375879228173,Test
DTXSID6028028,0.7241379310344828,0.6193325917686318,3.2741411087489802,Test
DTXSID5020239,0.7314814814814815,0.6075276793283203,6.286493458200684,Test
DTXSID7040736,0.7875,0.6987301587301588,5.359104402789706,Test
DTXSID9044584,0.6176470588235294,0.5639911448450349,3.3286633954186478,Test
DTXSID4049327,0.5,0.4666666666666666,2.6229754097208002,Test
DTXSID9025742,0.4,0.3732409863444346,2.154065922853802,Test
DTXSID8020464,0.4642857142857143,0.29600414078674947,1.2806248474865698,Test
DTXSID6042280,0.6226415094339622,0.5441566410273267,3.6932370625238775,Test
DTXSID9020112,0.4375,0.36805069930069934,1.8110770276274835,Test
DTXSID2041418,0.5652173913043478,0.5086575133485888,2.078460969082653,Test
DTXSID5027512,0.6111111111111112,0.5382819794584501,2.3065125189341593,Test
DTXSID6021032,0.6086956521739131,0.46978591406051357,2.1908902300206647,Test
DTXSID3046326,0.7090909090909091,0.6090002284466894,4.521061822182927,Test
DTXSID6020721,0.5434782608695652,0.4409993844776453,3.0983866769659336,Test
DTXSID7057812,0.6716417910447762,0.5182664789117818,4.214261501141095,Test
DTXSID4027577,0.6666666666666666,0.617063492063492,2.6,Test
DTXSID7023271,0.5416666666666666,0.4789679257421192,2.340939982143925,Test
DTXSID0024002,0.38333333333333336,0.3359042809042809,3.939543120718442,Test
DTXSID3024574,0.5945945945945946,0.5637821080970292,3.4058772731852804,Test
DTXSID3045770,0.6785714285714286,0.6559678288567261,4.4136152981427825,Test
DTXSID0020442,0.4375,0.3715206516677105,2.227105745132009,Test
DTXSID8020179,0.631578947368421,0.5911850705194359,2.6457513110645907,Test
DTXSID9034286,0.75,0.718796992481203,3.388214869219483,Test
DTXSID5046069,0.6052631578947368,0.5877595194623059,3.560898762952971,Test
DTXSID1048910,0.6833333333333333,0.5938959955506118,4.156921938165306,Test
DTXSID4020828,0.4782608695652174,0.4390424430641821,1.876166303929372,Test
DTXSID8048600,0.66,0.5767674418604651,4.1424630354415966,Test
DTXSID6045533,0.6507936507936508,0.6114278326872102,5.219195340279955,Test
DTXSID2048791,0.6037735849056604,0.4809616611604145,3.2984845004941286,Test
DTXSID9057636,0.6,0.5278078078078079,2.6305892875931813,Test
DTXSID6020802,0.5789473684210527,0.4744433198380567,1.32664991614216,Test
DTXSID5045756,0.7777777777777778,0.7489380502538397,4.127953488110059,Test
DTXSID6021373,0.6904761904761905,0.6529601029601031,3.8052595180880897,Test
DTXSID1021322,0.6190476190476191,0.5292316540142628,2.04939015319192,Test
DTXSID5047295,0.7205882352941176,0.6274277367294167,4.595650117230423,Test
DTXSID8045486,0.75,0.6060554525337617,4.440720662234903,Test
DTXSID4025117,0.8235294117647058,0.8156149732620321,2.0297783130184444,Test
DTXSID3041409,0.46875,0.4267031949531949,2.6,Test
DTXSID9022736,0.6666666666666666,0.6588568194680249,3.97994974842648,Test
DTXSID9025536,0.6923076923076923,0.6576569407603892,3.104834939252005,Test
DTXSID7057654,0.6923076923076923,0.6736048222333011,4.8207883172775805,Test
DTXSID8045515,0.5686274509803921,0.5398870947366522,4.044749683231338,Test
DTXSID0033382,0.7473684210526316,0.4630349320028159,4.089009660052175,Test
DTXSID1046970,0.6842105263157895,0.651999185420238,4.223742416388576,Test
DTXSID7052571,0.5357142857142857,0.5169597965993961,2.9597297173897488,Test
DTXSID1020803,0.7192982456140351,0.6112695416098355,4.565084884205331,Test
DTXSID2047145,0.625,0.5333333333333333,1.969771560359221,Test
DTXSID8025331,0.48484848484848486,0.43209900731452455,2.383275057562597,Test
DTXSID9020328,0.46153846153846156,0.38659340659340663,1.7549928774784245,Test
DTXSID4047591,0.7407407407407407,0.5251595286528488,3.6331804249169903,Test
DTXSID9044611,0.675,0.5898521653784812,3.6660605559646724,Test
DTXSID8021648,0.5294117647058824,0.5106442577030812,2.0591260281974,Test
DTXSID3042215,0.4090909090909091,0.20392344497607656,1.077032961426901,Test
DTXSID3044960,0.41379310344827586,0.3247754274123443,2.039607805437114,Test
DTXSID7028011,0.575,0.5131299905767991,3.725587202039432,Test
DTXSID3046451,0.7142857142857143,0.6660144085341363,5.332916650389353,Test
DTXSID7046095,0.7391304347826086,0.7136881377729798,4.975942121849891,Test
DTXSID4024274,0.6,0.5869269045984901,3.3105890714493698,Test
DTXSID6046266,0.75,0.7199239345220952,5.706137047074843,Test
DTXSID7021603,0.2608695652173913,0.12742474916387958,1.0392304845413265,Test
DTXSID1021902,0.5714285714285714,0.5029304029304029,1.7663521732655696,Test
DTXSID0057621,0.6029411764705882,0.48506674403492145,4.2,Test
DTXSID2049422,0.5652173913043478,0.49303713183347053,2.8844410203711917,Test
DTXSID6020804,0.5952380952380952,0.47584465999100145,3.0594117081556713,Test
DTXSID8026307,0.47368421052631576,0.3893861212746662,1.6370705543744901,Test
DTXSID1040324,0.5483870967741935,0.4904813001587195,2.7928480087537886,Test
DTXSID6020062,0.43333333333333335,0.36672364672364677,2.5377155080899043,Test
DTXSID0045206,0.78125,0.7706944444444443,4.009987531152684,Test
DTXSID4057847,0.7681159420289855,0.6778905876731963,5.059644256269407,Test
DTXSID2041412,0.6956521739130435,0.6550953470633104,3.026549190084311,Test
DTXSID2048799,0.6041666666666666,0.5767430163554783,3.9899874686520005,Test
DTXSID0044787,0.5945945945945946,0.56719120966367,3.538361202590827,Test
DTXSID8022377,0.4230769230769231,0.28204974819132345,2.1354156504062622,Test
DTXSID1042445,0.575,0.42310924369747893,2.505992817228334,Test
DTXSID1057797,0.696969696969697,0.6565723044597724,3.4813790371058424,Test
DTXSID3047182,0.4,0.35818548387096777,2.6608269391300143,Test
DTXSID6044563,0.7241379310344828,0.7045717373303579,3.847076812334269,Test
DTXSID8038857,0.7,0.6845826513911621,4.019950248448357,Test
DTXSID3048607,0.726027397260274,0.6207001777533044,4.849742261192857,Test
DTXSID4023549,0.7551020408163265,0.6020408163265305,5.196152422706632,Test
DTXSID0046640,0.676056338028169,0.659734778893851,6.161168720299745,Test
DTXSID4047042,0.675,0.6002358926919518,4.069397989875161,Test
DTXSID3022326,0.6808510638297872,0.6041817771048738,5.063595560468865,Test
DTXSID0046484,0.6181818181818182,0.5836264540612366,3.847076812334269,Test
DTXSID0044448,0.6,0.5439013617960986,2.7422618401604177,Test
DTXSID7023194,0.6363636363636364,0.5232691790631803,3.8574603043971822,Test
DTXSID1029122,0.44,0.39293779904306214,2.0976176963403033,Test
DTXSID3029158,0.6538461538461539,0.5289726720647774,2.0591260281974,Test
DTXSID8026488,0.7096774193548387,0.6349820788530467,3.3105890714493698,Test
DTXSID7022544,0.7027027027027027,0.6619047619047619,4.1036569057366385,Test
DTXSID5024764,0.5185185185185185,0.49100805152979066,2.1725560982400434,Test
DTXSID1020697,0.6428571428571429,0.6163062867812547,3.964845520319802,Test
DTXSID3057694,0.65625,0.6361314565148504,3.939543120718442,Test
DTXSID0022644,0.46808510638297873,0.3811030325289144,2.4738633753705965,Test
DTXSID7051890,0.6122448979591837,0.5650349708363646,3.4058772731852804,Test
DTXSID1046922,0.6585365853658537,0.5650897009285418,5.075431016179809,Test
DTXSID3046403,0.6153846153846154,0.5714932126696832,2.821347195933177,Test
DTXSID2040652,0.7692307692307693,0.6909004258128624,4.3772137256478585,Test
DTXSID4026557,0.6285714285714286,0.5689285714285715,2.939387691339814,Test
DTXSID4044616,0.5384615384615384,0.34185897435897433,1.3711309200802089,Test
DTXSID0034930,0.75,0.7400340136054422,4.967896939349688,Test
DTXSID7032553,0.5423728813559322,0.48588553379313176,4.538722287164087,Test
DTXSID9025538,0.8378378378378378,0.8282258308728897,4.123105625617661,Test
DTXSID7024245,0.6428571428571429,0.6172483055202307,3.8574603043971822,Test
DTXSID5052250,0.7142857142857143,0.5274817674817674,3.566510900025402,Test
DTXSID9036438,0.5957446808510638,0.5833828154984317,3.989987468652001,Test
DTXSID4041361,0.4666666666666667,0.459501562582764,2.7712812921102037,Test
DTXSID1046429,0.625,0.5979492095881415,4.5563142999578075,Test
DTXSID0045410,0.4423076923076923,0.39794268476621414,3.4409301068170506,Test
DTXSID4044909,0.6296296296296297,0.5555701947006295,2.6981475126464085,Test
DTXSID9048934,0.4444444444444444,0.4042531022070664,3.4756294393965534,Test
DTXSID8026935,0.0,0.0,0.0,Test
DTXSID7020057,0.53125,0.4977954353784525,2.946183972531247,Test
DTXSID4027288,0.75,0.7119047619047618,3.862641583165593,Test
DTXSID1045906,0.6296296296296297,0.5060752858121279,3.3763886032268267,Test
DTXSID2023068,0.4603174603174603,0.35619026767795237,2.8000000000000003,Test
DTXSID0020311,0.4166666666666667,0.32042745908151915,1.6733200530681513,Test
DTXSID4021979,0.5,0.45392533936651586,1.5231546211727818,Test
DTXSID0041852,0.7142857142857143,0.544064707222602,2.209072203437452,Test
DTXSID3047471,0.6538461538461539,0.5930769230769231,2.181742422927143,Test
DTXSID9020372,0.6666666666666666,0.5536703887510338,3.1685959035509725,Test
DTXSID7046386,0.6190476190476191,0.5357773805142226,3.9446165846632044,Test
DTXSID8044624,0.20833333333333334,0.07366666666666667,0.66332495807108,Test
DTXSID3045647,0.4666666666666667,0.44283630200778373,4.127953488110059,Test
DTXSID7022170,0.5652173913043478,0.47101449275362317,2.340939982143925,Test
DTXSID4025662,0.45161290322580644,0.3141321044546851,2.1725560982400434,Test
DTXSID4041654,0.3,0.24042883440716256,2.227105745132009,Test
DTXSID3026067,0.47619047619047616,0.4466585635956027,2.9933259094191533,Test
DTXSID6045907,0.4166666666666667,0.30518177000529945,3.1811947441173736,Test
DTXSID4032954,0.6,0.5692929292929294,1.9287301521985911,Test
DTXSID2020890,0.6896551724137931,0.5943596059113301,2.814249455894058,Test
DTXSID6042157,0.5789473684210527,0.4793654591023012,3.1811947441173736,Test
DTXSID8023977,0.55,0.5290909090909091,2.1633307652783937,Test
DTXSID8046585,0.5,0.4554112554112554,2.2,Test
DTXSID2026602,0.42857142857142855,0.36983549783549785,2.0297783130184444,Test
DTXSID1023605,0.7241379310344828,0.6169530498417941,3.7576588456111875,Test
DTXSID6048206,0.4074074074074074,0.3440818440818441,2.340939982143925,Test
DTXSID4041997,0.56,0.4997602104671657,4.1085277168348275,Test
DTXSID4047410,0.5416666666666666,0.4465351863697956,3.3105890714493698,Test
DTXSID8024862,0.5428571428571428,0.5004225462447335,2.7568097504180447,Test
DTXSID2020894,0.5294117647058824,0.5011371449000357,2.1166010488516727,Test
DTXSID5048922,0.627906976744186,0.5592677416615967,3.693237062523878,Test
DTXSID2026997,0.4444444444444444,0.40509941520467835,2.1633307652783933,Test
DTXSID3046110,0.5675675675675675,0.5158757917581447,3.6166282640050254,Test
DTXSID9023201,0.6842105263157895,0.6598167709915181,4.37264222181509,Test
DTXSID1047447,0.43333333333333335,0.4119722678343368,2.668332812825267,Test
DTXSID7024875,0.6470588235294118,0.5987056965804594,3.4176014981270124,Test
DTXSID3023059,0.7435897435897436,0.6976277140983024,3.423448553724738,Test
DTXSID9037248,0.5925925925925926,0.5285550037723951,4.059556626036888,Test
DTXSID2021656,0.46153846153846156,0.385841289145637,1.876166303929372,Test
DTXSID1025308,0.4166666666666667,0.3906117467581999,2.107130750570548,Test
DTXSID0048210,0.391304347826087,0.29823056653491437,1.50996688705415,Test
DTXSID7052529,0.4666666666666667,0.4080919249420198,2.5768197453450252,Test
DTXSID1027427,0.47368421052631576,0.4339689804220696,2.4000000000000004,Test
DTXSID4021181,0.7,0.5960964912280702,4.2895221179054435,Test
DTXSID9049324,0.6333333333333333,0.5162433862433862,2.569046515733026,Test
DTXSID0024478,0.5675675675675675,0.5373791973791974,3.174901573277509,Test
DTXSID0046309,0.44155844155844154,0.38304711672963077,4.0743097574926725,Test
DTXSID5041516,0.7083333333333334,0.6495092074372473,3.5552777669262356,Test
DTXSID8046088,0.7066666666666667,0.64975335912741,5.377731863899501,Test
DTXSID6025276,0.5333333333333333,0.4365049879600963,1.9078784028338915,Test
DTXSID9020742,0.625,0.5827777777777777,2.244994432064365,Test
DTXSID2052310,0.5882352941176471,0.554154995331466,2.1725560982400434,Test
DTXSID9022524,0.6756756756756757,0.6157248157248156,3.6331804249169903,Test
DTXSID9022104,0.38095238095238093,0.30476190476190473,2.2627416997969525,Test
DTXSID6045660,0.7674418604651163,0.7427403910292527,4.8166378315169185,Test
DTXSID6020438,0.6363636363636364,0.5606060606060607,1.4142135623730951,Test
DTXSID1042285,0.7142857142857143,0.6714285714285715,4.034848200366403,Test
DTXSID3044962,0.5769230769230769,0.4789705367096671,2.253885533916929,Test
DTXSID2021947,0.0,0.0,0.0,Test
DTXSID3044831,0.46875,0.461478494623656,3.1368774282716245,Test
DTXSID6037697,0.6071428571428571,0.553003663003663,3.026549190084311,Test
DTXSID4046442,0.6153846153846154,0.5218799058084772,3.8626415831655936,Test
DTXSID8020626,0.7272727272727273,0.6979208941561883,5.502726596879042,Test
DTXSID5044782,0.6216216216216216,0.48276540978668636,3.286335345030997,Test
DTXSID5047582,0.28,0.2603636363636364,2.154065922853802,Test
DTXSID6027218,0.6363636363636364,0.5304857835012112,2.449489742783178,Test
DTXSID7034383,0.6486486486486487,0.5937125872675745,3.4583232931581165,Test
DTXSID5035163,0.5161290322580645,0.447962648556876,2.1725560982400434,Test
DTXSID6034972,0.5517241379310345,0.5177317165593027,2.4413111231467406,Test
DTXSID8020969,0.6111111111111112,0.5355116959064328,2.23606797749979,Test
DTXSID3041299,0.675,0.6483333333333332,4.951767361255979,Test
DTXSID6041973,0.6071428571428571,0.5279194436395247,3.1622776601683795,Test
DTXSID0021389,0.7096774193548387,0.6823313782991203,3.1240998703626617,Test
DTXSID9023679,0.7818181818181819,0.7350059598220775,4.898979485566356,Test
DTXSID7020053,0.5428571428571428,0.43799187892211144,2.749545416973504,Test
DTXSID4040268,0.6538461538461539,0.6282932403730722,4.7833042972405595,Test
DTXSID1024702,0.4444444444444444,0.4034294558488106,2.85657137141714,Test
DTXSID8044462,0.64,0.6175384615384616,3.1432467291003428,Test
DTXSID5020520,0.6875,0.6875,2.4248711305964283,Test
DTXSID4046286,0.5434782608695652,0.4876597113705303,3.2557641192199416,Test
DTXSID8041959,0.5238095238095238,0.4873419913419913,2.5612496949731396,Test
DTXSID4023672,0.7674418604651163,0.748757271456462,4.741307836451879,Test
DTXSID0049288,0.5806451612903226,0.5356539920004155,2.764054992217051,Test
DTXSID3037626,0.5,0.45166666666666666,1.7663521732655696,Test
DTXSID9020160,0.5454545454545454,0.5133162612035851,5.145872132107443,Test
DTXSID7047306,0.7288135593220338,0.7189415591609011,5.047771785649585,Test
DTXSID6040111,0.34782608695652173,0.31387790953008343,2.280350850198276,Test
DTXSID2045444,0.6923076923076923,0.6455692091160072,4.308131845707604,Test
DTXSID3027297,0.0,0.0,0.0,Test
DTXSID5041778,0.6046511627906976,0.5144860246625502,2.932575659723036,Test
DTXSID0024183,0.56,0.5433131313131313,2.23606797749979,Test
DTXSID9057898,0.6944444444444444,0.6253303885656827,3.5552777669262356,Test
DTXSID0048927,0.6756756756756757,0.6091549202978358,5.642694391866354,Test
DTXSID8046456,0.7439024390243902,0.733859322014147,6.520736154760443,Test
DTXSID0048507,0.75,0.733006329113924,5.678027826631356,Test
DTXSID3048576,0.5833333333333334,0.5377762644605866,4.604345773288535,Test
DTXSID7020398,0.5185185185185185,0.46847789725209077,2.513961017995307,Test
DTXSID9045003,0.6190476190476191,0.57670853166638,4.573838650411709,Test
DTXSID9025164,0.5588235294117647,0.49957497125657824,2.9664793948382653,Test
DTXSID6040115,0.85,0.8110392156862745,2.8000000000000003,Test
DTXSID9041570,0.5333333333333333,0.5199999999999999,1.8110770276274832,Test
DTXSID7026528,0.5925925925925926,0.48238406473700596,2.615339366124404,Test
DTXSID0022062,0.5833333333333334,0.5148567119155355,1.7204650534085255,Test
DTXSID6025775,0.5384615384615384,0.5084379554137619,2.5612496949731396,Test
DTXSID1045083,0.6545454545454545,0.640690500225384,4.237924020083418,Test
DTXSID5039721,0.23809523809523808,0.10571428571428569,1.0,Test
DTXSID1025221,0.8,0.7698947368421052,3.1937438845342627,Test
DTXSID3037545,0.6585365853658537,0.5446288441145282,3.847076812334269,Test
DTXSID8048733,0.7721518987341772,0.7613481654498842,6.164414002968977,Test
DTXSID3020093,0.5,0.43236270022883294,1.8110770276274835,Test
DTXSID7045570,0.4864864864864865,0.43934366204490993,4.368065933568311,Test
DTXSID5022485,0.6,0.5349915302089215,2.529822128134704,Test
DTXSID8025961,0.4666666666666667,0.46256410256410263,1.7776388834631178,Test
DTXSID2049260,0.6206896551724138,0.5348431238925991,2.630589287593181,Test
DTXSID3044910,0.6666666666666666,0.6166666666666666,2.3323807579381204,Test
DTXSID9036515,0.45161290322580644,0.38712070169646096,3.32264954516723,Test
DTXSID0020361,0.625,0.6142857142857142,2.433105012119288,Test
DTXSID8035180,0.6567164179104478,0.4289575533702724,3.638681079732051,Test
DTXSID0051497,0.75,0.7399621883492851,4.1521078984053394,Test
DTXSID3037541,0.625,0.5527039848197344,3.370459909270543,Test
DTXSID6020276,0.7741935483870968,0.765203828429635,3.9496835316263,Test
DTXSID8044599,0.43478260869565216,0.42028985507246375,2.727636339397171,Test
DTXSID9057715,0.7432432432432432,0.6622565784591101,4.787483681434329,Test
DTXSID5047085,0.6097560975609756,0.5275922451532208,2.4248711305964283,Test
DTXSID8051540,0.3125,0.26754032258064514,2.4331050121192876,Test
DTXSID7044635,0.5714285714285714,0.5242857142857142,2.4083189157584592,Test
DTXSID0032869,0.5806451612903226,0.5547394540942927,3.1496031496047245,Test
DTXSID4042416,0.23076923076923078,0.046153846153846156,0.48989794855663565,Test
DTXSID5044364,0.46153846153846156,0.38525641025641033,1.624807680927192,Test
DTXSID7044390,0.6666666666666666,0.5332026143790849,2.2,Test
DTXSID2033445,0.5714285714285714,0.4676811594202899,2.2181073012818833,Test
DTXSID2045315,0.5714285714285714,0.4903385927294785,3.0,Test
DTXSID4024195,0.47058823529411764,0.39157392686804454,2.2715633383201093,Test
DTXSID9046158,0.6545454545454545,0.6300348493205636,3.954743986657038,Test
DTXSID0047614,0.42424242424242425,0.4021871945259042,3.3823069050575527,Test
DTXSID3026279,0.6296296296296297,0.527228655454462,2.5298221281347035,Test
DTXSID7047691,0.5882352941176471,0.4932461873638344,2.615339366124404,Test
DTXSID9025873,0.5,0.42596668698617723,1.876166303929372,Test
DTXSID2044842,0.7,0.6726274509803922,3.0594117081556713,Test
DTXSID7038814,0.5,0.45755693581780543,2.039607805437114,Test
DTXSID7057731,0.5,0.43500733137829906,2.5219040425836985,Test
DTXSID7040285,0.48,0.4279217014869189,2.489979919597747,Test
DTXSID6021957,0.36666666666666664,0.30343854282536153,1.5362291495737217,Test
DTXSID7044346,0.8,0.793246679237377,9.288702815786497,Test
DTXSID9024930,0.47368421052631576,0.40822169059011165,1.9078784028338915,Test
DTXSID6044854,0.5652173913043478,0.5305811740594348,2.5298221281347035,Test
DTXSID1020805,0.6136363636363636,0.34418321142459074,1.8654758106177631,Test
DTXSID6023155,0.5833333333333334,0.4778186274509804,3.1176914536239795,Test
DTXSID7037478,0.7272727272727273,0.7061411906930909,4.24735211631906,Test
DTXSID0023038,0.7333333333333333,0.7144571341090018,5.079370039680118,Test
DTXSID1033402,0.5357142857142857,0.5244761904761904,2.9664793948382653,Test
DTXSID8042632,0.6216216216216216,0.5572336188372022,3.340658617698013,Test
DTXSID8020175,0.6296296296296297,0.6061243386243386,3.2984845004941286,Test
DTXSID9021396,0.7096774193548387,0.686405593313854,3.3286633954186478,Test
DTXSID4026842,0.23076923076923078,0.08615384615384616,0.6324555320336759,Test
DTXSID6047103,0.23076923076923078,0.046153846153846156,0.48989794855663565,Test
DTXSID8057641,0.6964285714285714,0.6182200000319013,4.724404724407087,Test
DTXSID7021106,0.631578947368421,0.5596491228070176,1.9798989873223332,Test
DTXSID5026623,0.6153846153846154,0.5080398244013804,2.1071307505705477,Test
DTXSID7023485,0.7555555555555555,0.7294434940805908,3.1811947441173736,Test
DTXSID5057709,0.7297297297297297,0.7160410833666647,3.8832975677895196,Test
DTXSID2048828,0.6440677966101694,0.5423218994915718,4.024922359499621,Test
DTXSID4057714,0.6415094339622641,0.6222766426867132,3.8366652186501757,Test
DTXSID2045993,0.5192307692307693,0.47969230769230764,3.924283374069717,Test
DTXSID1046188,0.6451612903225806,0.6021600880888978,3.4292856398964497,Test
DTXSID1027500,0.3684210526315789,0.34017543859649124,1.6248076809271923,Test
DTXSID0045383,0.5925925925925926,0.5500203109733011,4.209513035969838,Test
DTXSID7026655,0.4583333333333333,0.4309757236227824,2.513961017995307,Test
DTXSID4035708,0.64,0.5917058746410553,4.147288270665544,Test
DTXSID7023146,0.7692307692307693,0.76007326007326,1.9798989873223334,Test
DTXSID6046470,0.7169811320754716,0.6305301891956089,4.5563142999578075,Test
DTXSID5020528,0.38095238095238093,0.32209730848861284,1.6852299546352716,Test
DTXSID5020310,0.5517241379310345,0.5223236635650428,3.026549190084311,Test
DTXSID8034586,0.75,0.7441091954022989,5.524490926773254,Test
DTXSID5025738,0.4166666666666667,0.34285714285714286,2.06881608655772,Test
DTXSID5043895,0.6545454545454545,0.5396847031029941,4.409081537009721,Test
DTXSID5021881,0.6428571428571429,0.5871572871572871,1.385640646055102,Test
DTXSID5020499,0.6111111111111112,0.5676470588235294,1.8439088914585775,Test
DTXSID5045469,0.625,0.5684076492613077,3.2924155266308657,Test
DTXSID3029235,0.0,0.0,0.0,Test
DTXSID1038743,0.6785714285714286,0.5869413748724094,2.7856776554368237,Test
DTXSID8047000,0.625,0.457257448433919,1.5491933384829668,Test
DTXSID0034776,0.625,0.558015873015873,3.358571124749333,Test
DTXSID0049317,0.38461538461538464,0.15384615384615385,0.894427190999916,Test
DTXSID6026161,0.43478260869565216,0.4032385730211817,1.9595917942265426,Test
DTXSID2046385,0.65,0.5584671646436352,4.24735211631906,Test
DTXSID5026203,0.4482758620689655,0.4277748305334512,2.3065125189341593,Test
DTXSID5040750,0.4473684210526316,0.4060311708415423,4.171330722922843,Test
DTXSID8048656,0.7640449438202247,0.728642614261318,6.368673331236264,Test
DTXSID4023460,0.6904761904761905,0.6620556236848806,3.7309516212355263,Test
DTXSID4021185,0.4626865671641791,0.36949547230838553,3.05286750449475,Test
DTXSID0020602,0.68,0.6539824561403509,2.3748684174075834,Test
DTXSID9044823,0.625,0.5436466165413534,2.0297783130184444,Test
DTXSID1044770,0.4827586206896552,0.4181799221357063,2.244994432064365,Test
DTXSID8024529,0.5172413793103449,0.43914221155600464,2.04939015319192,Test
DTXSID5046724,0.7307692307692307,0.7012749823276139,5.015974481593782,Test
DTXSID8046321,0.8,0.764312062937063,4.368065933568311,Test
DTXSID2025345,0.6153846153846154,0.5456649838852285,2.785677655436824,Test
DTXSID7047433,0.7027027027027027,0.6715009925179416,5.2839379254491625,Test
DTXSID2022090,0.5,0.46157971014492755,2.5612496949731396,Test
DTXSID6045666,0.6571428571428571,0.6311825017088174,3.622154055254967,Test
DTXSID9045899,0.3888888888888889,0.3888888888888889,3.7416573867739413,Test
DTXSID3024108,0.7288135593220338,0.6862340542475138,4.349712634186309,Test
DTXSID9048198,0.6296296296296297,0.5657015669515669,2.821347195933177,Test
DTXSID9047099,0.22580645161290322,0.17322719688542826,1.7320508075688772,Test
DTXSID6044565,0.6071428571428571,0.5325396825396826,1.9078784028338915,Test
DTXSID3048811,0.6756756756756757,0.6571633400150384,5.649778756730214,Test
DTXSID9057684,0.6363636363636364,0.5916715542521993,2.705549851693737,Test
DTXSID9025588,0.6363636363636364,0.5638158307210032,3.1368774282716245,Test
DTXSID4033390,0.625,0.5330213903743315,3.124099870362662,Test
DTXSID8047553,0.6,0.12,0.7745966692414834,Test
DTXSID4046107,0.5789473684210527,0.5051328081683039,3.124099870362662,Test
DTXSID4047549,0.6388888888888888,0.6353102453102453,4.317406628984581,Test
DTXSID4027284,0.7333333333333333,0.5777777777777777,1.9697715603592212,Test
DTXSID2023569,0.6612903225806451,0.6274551632712144,4.440720662234903,Test
DTXSID9047675,0.6818181818181818,0.5819122906079428,2.6608269391300143,Test
DTXSID6057615,0.6964285714285714,0.5466305140408003,4.280186911806539,Test
DTXSID5022855,0.5789473684210527,0.4905255219496706,3.8366652186501757,Test
DTXSID7023724,0.5740740740740741,0.4538619570759746,3.6932370625238775,Test
DTXSID5025449,0.48,0.44647619047619047,2.6981475126464085,Test
DTXSID0045179,0.684931506849315,0.6263972075472154,4.512205669071391,Test
DTXSID7041708,0.5454545454545454,0.48120629370629364,3.919183588453085,Test
DTXSID5021209,0.7674418604651163,0.7221752407798919,3.736308338453881,Test
DTXSID0020818,0.6666666666666666,0.5027591912045912,3.5721142198983507,Test
DTXSID7034549,0.7931034482758621,0.7505449456184417,4.787483681434329,Test
DTXSID4044826,0.5172413793103449,0.4768458460338326,2.2360679774997902,Test
DTXSID6020355,0.675,0.6368560606060605,3.4813790371058424,Test
DTXSID0057756,0.6785714285714286,0.6330170232344144,3.417601498127013,Test
DTXSID2025501,0.7777777777777778,0.7568175340311563,3.8418745424597094,Test
DTXSID0047581,0.045454545454545456,0.045454545454545456,1.0,Test
DTXSID4026139,0.55,0.47405044231131194,2.3916521486202797,Test
DTXSID9044875,0.5,0.361349104859335,1.6492422502470645,Test
DTXSID0023951,0.6216216216216216,0.5655045402748182,3.9191835884530852,Test
DTXSID5051529,0.36363636363636365,0.11082251082251082,0.8485281374238571,Test
DTXSID2023723,0.6666666666666666,0.5983150183150182,2.2,Test
DTXSID7048794,0.5952380952380952,0.5411169502774722,3.6441734316577197,Test
DTXSID3057777,0.75,0.7116640502354789,3.994996871087636,Test
DTXSID1027974,0.6470588235294118,0.5803740188260311,3.1685959035509725,Test
DTXSID7046384,0.639344262295082,0.5922444208681983,4.123105625617661,Test
DTXSID0044527,0.6,0.5385185185185185,2.209072203437452,Test
DTXSID4052267,0.5483870967741935,0.4843393758632913,2.7422618401604177,Test
DTXSID3044627,0.7096774193548387,0.6908009746719426,3.435112807463534,Test
DTXSID4047466,0.631578947368421,0.614452798663325,3.0789608636681307,Test
DTXSID4048195,0.4411764705882353,0.41515288107580195,2.1354156504062622,Test
DTXSID9057632,0.6774193548387096,0.5900830224562943,3.0789608636681307,Test
DTXSID4049036,0.625,0.4811111111111111,3.2741411087489802,Test
DTXSID1025065,0.7350427350427351,0.6819926668231933,6.563535632568776,Test
DTXSID8022036,0.7096774193548387,0.5301357893126525,2.785677655436824,Test
DTXSID7052288,0.6,0.5630434782608696,2.764054992217051,Test
DTXSID2020509,0.631578947368421,0.5653914197257851,2.3065125189341593,Test
DTXSID6027185,0.8571428571428571,0.6681318681318682,2.078460969082653,Test
DTXSID2020424,0.45714285714285713,0.42921823274764453,3.039736830714133,Test
DTXSID1020279,0.631578947368421,0.5728517371861026,1.9183326093250879,Test
DTXSID2047806,0.5806451612903226,0.49356563739865444,2.734958866235469,Test
DTXSID3027586,0.4074074074074074,0.4028490028490029,2.8844410203711917,Test
DTXSID4032613,0.5681818181818182,0.5245387521633545,3.1368774282716245,Test
DTXSID6026905,0.4074074074074074,0.2894814814814815,1.6613247725836149,Test
DTXSID6047525,0.7846153846153846,0.7724104574711407,6.267375846396959,Test
DTXSID8045191,0.7397260273972602,0.6582086958332389,4.728636167014756,Test
DTXSID7024241,0.55,0.42680520164899993,3.698648401781386,Test
DTXSID8027400,0.6923076923076923,0.5912127346337872,2.107130750570548,Test
DTXSID7024821,0.5217391304347826,0.49869565217391304,2.1817424229271434,Test
DTXSID7041336,0.6111111111111112,0.5590476190476191,2.5690465157330262,Test
DTXSID3041293,0.5357142857142857,0.493751552795031,2.2627416997969525,Test
DTXSID1045744,0.6825396825396826,0.654858934169279,4.368065933568311,Test
DTXSID4046313,0.7123287671232876,0.5085158866906451,4.39089968002003,Test
DTXSID8057857,0.6914893617021277,0.6102561771934673,4.874423042781577,Test
DTXSID2048959,0.5555555555555556,0.4650281618023554,2.6,Test
DTXSID3022405,0.4375,0.317973691560279,2.0591260281974004,Test
DTXSID9020249,0.5454545454545454,0.5009675091933156,3.1304951684997055,Test
DTXSID3047261,0.6956521739130435,0.6815569884549251,4.485532298401161,Test
DTXSID6045169,0.5873015873015873,0.5209333454298306,3.370459909270543,Test
DTXSID5057834,0.5645161290322581,0.48714862358440963,4.228474902373195,Test
DTXSID9051907,0.7111111111111111,0.6300739538239538,3.286335345030997,Test
DTXSID1026112,0.6944444444444444,0.5297550120130765,2.925747767665559,Test
DTXSID5052620,0.53125,0.4816194581280788,2.569046515733026,Test
DTXSID8030138,0.5,0.4478288481384457,1.4000000000000001,Test
DTXSID0026676,0.4583333333333333,0.4256578947368421,2.3065125189341593,Test
DTXSID7045601,0.5142857142857142,0.4888479262672811,3.655133376499413,Test
DTXSID1027978,0.5142857142857142,0.4632900432900433,3.111269837220809,Test
DTXSID7024110,0.5194805194805194,0.39013401985863616,4.064480286580316,Test
DTXSID1048627,0.7692307692307693,0.7505502299400663,7.096477999684069,Test
DTXSID2042199,0.7222222222222222,0.6949176784156942,2.6229754097208002,Test
DTXSID3023687,0.675,0.6686167963654356,4.458699361921591,Test
DTXSID9057767,0.7272727272727273,0.697742127153892,4.233202097703345,Test
DTXSID2021234,0.5636363636363636,0.5255058780455999,4.034848200366403,Test
DTXSID6027503,0.7714285714285715,0.7343993506493506,3.878143885933063,Test
DTXSID5048841,0.5555555555555556,0.4619619843757775,2.4576411454889016,Test
DTXSID8038855,0.6538461538461539,0.6336284086284085,3.4351128074635335,Test
DTXSID8020674,0.7708333333333334,0.7686403011403011,5.469917732470938,Test
DTXSID5042299,0.4782608695652174,0.398266590389016,1.7320508075688774,Test
DTXSID0022933,0.7407407407407407,0.6303627243562699,5.506359959174482,Test
DTXSID6023109,0.5573770491803278,0.4778807327347646,3.588871688985272,Test
DTXSID6045321,0.5789473684210527,0.5377581147991931,4.024922359499622,Test
DTXSID2051716,0.6538461538461539,0.6328706800445931,2.7422618401604177,Test
DTXSID2045783,0.6578947368421053,0.6343942122526515,3.2310988842807027,Test
DTXSID0021599,0.23529411764705882,0.047058823529411764,0.4,Test
DTXSID9029223,0.5833333333333334,0.5612276612276612,2.734958866235469,Test
DTXSID7024902,0.8,0.7775318401405358,3.9648455203198023,Test
DTXSID7022835,0.6,0.48850168771570524,4.004996878900157,Test
DTXSID1023231,0.7156862745098039,0.5066823399538951,4.17612260356422,Test
DTXSID0048187,0.7037037037037037,0.6132193732193731,3.0983866769659336,Test
DTXSID2036299,0.3333333333333333,0.11666666666666665,0.6324555320336759,Test
DTXSID2020420,0.6739130434782609,0.6104400186615727,3.725587202039432,Test
DTXSID3045229,0.7777777777777778,0.7286613503455609,2.95296461204668,Test
DTXSID8049381,0.8125,0.796025578364288,4.237924020083418,Test
DTXSID4022529,0.4074074074074074,0.3618148148148148,1.9697715603592212,Test
DTXSID5020233,0.7974683544303798,0.7034853839895876,5.744562646538029,Test
DTXSID2024113,0.6521739130434783,0.5980339889579019,3.440930106817051,Test
DTXSID9046526,0.4375,0.38892010898652263,2.2181073012818833,Test
DTXSID6020690,0.6153846153846154,0.571911421911422,3.0789608636681307,Test
DTXSID4021268,0.5384615384615384,0.37733333333333335,1.4966629547095767,Test
DTXSID0057679,0.6727272727272727,0.550663016229054,3.4058772731852804,Test
DTXSID2048872,0.6222222222222222,0.5258730158730158,3.0133038346638727,Test
DTXSID6022137,0.5714285714285714,0.4865631469979295,2.3065125189341593,Test
DTXSID2041880,0.7358490566037735,0.6952943575819469,4.4,Test
DTXSID8044381,0.68,0.6210223325062035,3.0789608636681307,Test
DTXSID0037730,0.56,0.5192144104402169,2.9120439557122078,Test
DTXSID9022738,0.56,0.5115059722885811,2.8495613697550017,Test
DTXSID8044204,0.7674418604651163,0.748353150754338,6.708203932499369,Test
DTXSID5023615,0.5227272727272727,0.4717575929459083,3.2,Test
DTXSID3020095,0.42857142857142855,0.410437859354268,1.4966629547095767,Test
DTXSID9042592,0.6379310344827587,0.5069580972635729,4.004996878900157,Test
DTXSID0022012,0.47619047619047616,0.4268832616658703,1.9078784028338915,Test
DTXSID0024559,0.6363636363636364,0.5135700595700595,2.8000000000000003,Test
DTXSID6044933,0.7333333333333333,0.683899235934831,3.3105890714493698,Test
DTXSID3037707,0.6818181818181818,0.3714794118092469,1.969771560359221,Test
DTXSID7021239,0.423728813559322,0.2539594947162941,2.28910462845192,Test
DTXSID3047556,0.5128205128205128,0.39910107910107906,3.026549190084311,Test
DTXSID8046535,0.55,0.49908466819221964,2.078460969082653,Test
DTXSID9021974,0.52,0.4829631500039454,2.0591260281974,Test
DTXSID2027830,0.6666666666666666,0.5879093258163025,3.2186953878862163,Test
DTXSID6025141,0.6875,0.6654761904761904,2.569046515733026,Test
DTXSID3031492,0.6190476190476191,0.5674883286647993,2.4738633753705965,Test
DTXSID0041357,0.5128205128205128,0.49070312828933516,3.1874754901018454,Test
DTXSID1045118,0.676923076923077,0.649658328121743,4.054626986542659,Test
DTXSID7047308,0.7246376811594203,0.695354045798265,4.947726750741193,Test
DTXSID6044642,0.6666666666666666,0.6085006607378836,4.833218389437829,Test
DTXSID0047537,0.0,0.0,0.0,Test
DTXSID4036229,0.23076923076923078,0.046153846153846156,0.48989794855663565,Test
DTXSID8042187,0.5555555555555556,0.512020202020202,2.349468024894146,Test
DTXSID8021931,0.0,0.0,0.0,Test
DTXSID2045072,0.625,0.5566573692295254,2.457641145488902,Test
DTXSID7026526,0.5357142857142857,0.48501693199273843,2.545584412271571,Test
DTXSID5046853,0.5869565217391305,0.45309511236284694,2.877498913987632,Test
DTXSID1049221,0.5555555555555556,0.5202020202020202,3.006659275674582,Test
DTXSID7041914,0.6666666666666666,0.5481818181818181,1.8110770276274835,Test
DTXSID1025726,0.46153846153846156,0.42386324786324786,2.3748684174075834,Test
DTXSID6049060,0.6585365853658537,0.6056284972321906,4.91121166312347,Test
DTXSID3045776,0.7368421052631579,0.7212543246227457,3.237282811247729,Test
DTXSID9027364,0.4583333333333333,0.31966338259441707,1.9183326093250879,Test
DTXSID4044587,0.5686274509803921,0.5009713827051288,2.764054992217051,Test
DTXSID7047562,0.5142857142857142,0.4585507706976005,3.2310988842807027,Test
DTXSID2026074,0.5581395348837209,0.4756085000271047,3.1304951684997055,Test
DTXSID1032309,0.4090909090909091,0.32238900634249473,2.32379000772445,Test
DTXSID0045963,0.5454545454545454,0.4569200407435702,1.788854381999832,Test
DTXSID8029652,0.6153846153846154,0.5891314892004547,3.3286633954186478,Test
DTXSID4024721,0.7096774193548387,0.5301357893126525,2.785677655436824,Test
DTXSID8051914,0.5454545454545454,0.44290043290043285,2.2715633383201093,Test
DTXSID3046162,0.6,0.5766666666666668,3.4756294393965534,Test
DTXSID5042584,0.6865671641791045,0.6404618102799728,4.951767361255979,Test
DTXSID5048845,0.7241379310344828,0.6055423802010615,5.8991524815010505,Test
DTXSID8057851,0.6363636363636364,0.5844364699627858,3.6110940170535577,Test
DTXSID2051687,0.43333333333333335,0.3799275362318841,1.8654758106177631,Test
DTXSID2044268,0.576271186440678,0.3922773869735417,2.9664793948382653,Test
DTXSID0038831,0.6363636363636364,0.5652917352917353,2.6758176320519302,Test
DTXSID9046572,0.6785714285714286,0.6031820063993976,2.65329983228432,Test
DTXSID3020546,0.75,0.6691632928475034,2.297825058615212,Test
DTXSID2044763,0.3870967741935484,0.36733725303246995,2.3748684174075834,Test
DTXSID8057647,0.6086956521739131,0.49038607962852704,3.124099870362662,Test
DTXSID0026252,0.6086956521739131,0.5795031055900621,2.749545416973504,Test
DTXSID1027899,0.4583333333333333,0.4173057644110275,1.7888543819998317,Test
DTXSID8048945,0.7375,0.7274404761904762,5.73410847473258,Test
DTXSID4043850,0.696969696969697,0.6063112326270221,2.4166091947189146,Test
DTXSID7020479,0.6666666666666666,0.6404761904761904,3.698648401781386,Test
DTXSID8024442,0.6666666666666666,0.6064102564102564,1.886796226411321,Test
DTXSID1044805,0.5172413793103449,0.4598236235417644,2.835489375751565,Test
DTXSID3032389,0.4666666666666667,0.27104761904761904,1.6370705543744901,Test
DTXSID4048777,0.5333333333333333,0.4490909090909091,3.63318042491699,Test
DTXSID7025972,0.6571428571428571,0.6229093016516951,3.7416573867739418,Test
DTXSID3043782,0.7195121951219512,0.6993110193642014,5.76541412215983,Test
DTXSID8021305,0.6538461538461539,0.5930485732782697,4.534313619501853,Test
DTXSID4044747,0.6666666666666666,0.6467532467532467,3.3763886032268267,Test
DTXSID7046091,0.717948717948718,0.6795583446089776,5.882176467941097,Test
DTXSID2024799,0.4857142857142857,0.43039065772936735,2.785677655436824,Test
DTXSID8044622,0.5833333333333334,0.5238095238095238,3.0331501776206204,Test
DTXSID0047161,0.5121951219512195,0.4704119973632169,2.891366458960192,Test
DTXSID1021403,0.64,0.5814057971014492,1.8220867158288598,Test
DTXSID4021559,0.5161290322580645,0.45066572285704654,2.349468024894146,Test
DTXSID8048866,0.5172413793103449,0.4590550346946342,2.615339366124404,Test
DTXSID1045530,0.7777777777777778,0.6923142001110165,4.586937976471886,Test
DTXSID4020587,0.45454545454545453,0.4166233766233766,2.3916521486202797,Test
DTXSID9032327,0.6274509803921569,0.5684015318151011,4.084115571332427,Test
DTXSID3047348,0.7323943661971831,0.6632648919947648,4.991993589739474,Test
DTXSID1041267,0.5862068965517241,0.46336649602369684,2.5534290669607413,Test
DTXSID3022160,0.5217391304347826,0.4579710144927536,1.9183326093250879,Test
DTXSID7027099,0.25,0.20335094549499444,1.4966629547095767,Test
DTXSID7051715,0.6,0.5554264972776769,2.6076809620810595,Test
DTXSID3047057,0.42857142857142855,0.39601731601731605,1.697056274847714,Test
DTXSID6024177,0.7428571428571429,0.6936251920122889,3.124099870362662,Test
DTXSID9025796,0.0,0.0,0.0,Test
DTXSID4024729,0.4375,0.4013956807713127,3.117691453623979,Test
DTXSID7057602,0.7538461538461538,0.7446039041005207,5.7723478758647255,Test
DTXSID4048191,0.7,0.6738935871430801,3.1559467676119,Test
DTXSID0037237,0.5061728395061729,0.4521311726823726,3.867815921162743,Test
DTXSID1041639,0.56,0.4690940170940171,2.5219040425836985,Test
DTXSID0057833,0.5625,0.5486405835543767,3.7576588456111875,Test
DTXSID8044913,0.5172413793103449,0.4721582539157622,2.863564212655271,Test
DTXSID1021247,0.6857142857142857,0.580593851240403,2.8495613697550017,Test
DTXSID7044974,0.5625,0.5073283752860412,2.2,Test
DTXSID8048999,0.7,0.6558134548378451,4.427188724235731,Test
DTXSID2032552,0.746031746031746,0.7255096298931916,5.184592558726289,Test
DTXSID1047071,0.5833333333333334,0.523,2.4083189157584592,Test
DTXSID1044435,0.3939393939393939,0.34762077183129814,2.489979919597747,Test
DTXSID0040127,0.631578947368421,0.5585380116959066,2.04939015319192,Test
DTXSID3021801,0.53125,0.4477860501567398,2.5922962793631443,Test
DTXSID2021810,0.5454545454545454,0.5018540669856459,2.029778313018444,Test
DTXSID4020589,0.6153846153846154,0.5698461538461539,2.821347195933177,Test
DTXSID0027983,0.3125,0.125,0.894427190999916,Test
DTXSID4022816,0.6271186440677966,0.5273449084091576,3.6166282640050254,Test
DTXSID4042121,0.6666666666666666,0.5536757815827584,3.720215047547655,Test
DTXSID9032610,0.6507936507936508,0.6159651817716333,4.770744176750625,Test
DTXSID5057672,0.6666666666666666,0.642698014878466,4.604345773288536,Test
DTXSID3042261,0.64,0.6259510408814688,4.422668877499197,Test
DTXSID4045420,0.725,0.4795507608922243,3.124099870362662,Test
DTXSID1027639,0.3157894736842105,0.3106578947368421,1.9078784028338913,Test
DTXSID6034186,0.5970149253731343,0.5622435144283141,4.753945729601885,Test
DTXSID7047772,0.6190476190476191,0.5932142857142857,3.4985711369071804,Test
DTXSID5047297,0.7536231884057971,0.717445624770256,6.232174580353154,Test
DTXSID0041698,0.7272727272727273,0.6953684810179421,4.24735211631906,Test
DTXSID0046648,0.7894736842105263,0.7208394156122013,6.128621378417825,Test
DTXSID8024810,0.5454545454545454,0.5356060606060605,2.615339366124404,Test
DTXSID3057773,0.7192982456140351,0.6946972358650678,5.011985634456668,Test
DTXSID2027175,0.5384615384615384,0.4732916508778578,2.3323807579381204,Test
DTXSID5029136,0.5833333333333334,0.5274563377263474,3.394112549695428,Test
DTXSID4045688,0.6610169491525424,0.6070897849442966,4.228474902373195,Test
DTXSID3027320,0.42857142857142855,0.37822765469824293,2.1908902300206647,Test
DTXSID5049287,0.631578947368421,0.5558061821219716,2.2181073012818837,Test
DTXSID2047359,0.7454545454545455,0.7295935299348073,4.507771067833858,Test
DTXSID1042443,0.53125,0.46703431372549015,3.1432467291003423,Test
DTXSID9047205,0.48936170212765956,0.3481117177729232,2.280350850198276,Test
DTXSID2020636,0.7317073170731707,0.6220499334127048,4.694677837722201,Test
DTXSID8021519,0.23809523809523808,0.14444444444444443,1.3416407864998738,Test
DTXSID5057707,0.7407407407407407,0.7139452495974234,3.249615361854384,Test
DTXSID7049346,0.6086956521739131,0.5827639751552796,2.7928480087537886,Test
DTXSID1025013,0.625,0.5912857142857143,2.4576411454889016,Test
DTXSID9045685,0.696969696969697,0.6909209148339585,4.180908992073375,Test
DTXSID1048201,0.56,0.4693333333333333,2.4979991993593593,Test
DTXSID0048892,0.5,0.3904912054912055,2.870540018881465,Test
DTXSID9044613,0.8,0.6613122529644269,3.006659275674582,Test
DTXSID0047741,0.631578947368421,0.6217695099818512,2.3323807579381204,Test
DTXSID1045611,0.6,0.3742559523809524,3.1496031496047245,Test
DTXSID3049415,0.525,0.31962121212121214,1.8654758106177631,Test
DTXSID0022519,0.7049180327868853,0.5744558237397499,4.919349550499538,Test
DTXSID0027228,0.65,0.6228989139515455,2.3916521486202797,Test
DTXSID6045400,0.6923076923076923,0.6081118088260945,4.3954521951671826,Test
DTXSID5057755,0.6,0.5212158968759064,2.785677655436824,Test
DTXSID4025167,0.6341463414634146,0.6058982810202322,3.8781438859330635,Test
DTXSID3022904,0.4025974025974026,0.27550467797043143,2.9189039038652846,Test
DTXSID5046229,0.5,0.44324536968124695,3.013303834663873,Test
DTXSID5047744,0.5217391304347826,0.4710888145670754,2.23606797749979,Test
DTXSID7021362,0.6,0.5476851851851852,2.4738633753705965,Test
DTXSID4022367,0.54,0.44420268620268627,3.0919249667480617,Test
DTXSID6049278,0.45161290322580644,0.3995179829440119,2.778488797889961,Test
DTXSID3024786,0.7127659574468085,0.5515720561633215,4.25205832509386,Test
DTXSID8020331,0.7209302325581395,0.6478612601868416,4.294182110716778,Test
DTXSID2044397,0.7333333333333333,0.6553389154704944,2.5298221281347035,Test
DTXSID7026231,0.5833333333333334,0.513962703962704,2.3916521486202797,Test
DTXSID8045484,0.7777777777777778,0.6373864764759276,5.885575587824865,Test
DTXSID0044440,0.5555555555555556,0.5058313334175404,2.6076809620810595,Test
DTXSID8025628,0.4827586206896552,0.4348893864755934,2.457641145488902,Test
DTXSID3032541,0.5357142857142857,0.5102857142857142,3.0199337741083,Test
DTXSID3044758,0.7380952380952381,0.6109276712909033,4.6946778377222005,Test
DTXSID3047899,0.6428571428571429,0.6321428571428571,2.4000000000000004,Test
DTXSID7026520,0.5365853658536586,0.4274090645127231,2.8844410203711917,Test
DTXSID1051939,0.4782608695652174,0.45224558050645003,2.4819347291981715,Test
DTXSID9021762,0.5555555555555556,0.5023931623931623,1.9287301521985911,Test
DTXSID1025641,0.5142857142857142,0.4344700460829493,2.5768197453450252,Test
DTXSID7020714,0.3103448275862069,0.28019236909323114,2.244994432064365,Test
DTXSID8048860,0.6470588235294118,0.49575248281130635,3.0983866769659336,Test
DTXSID8021640,0.0,0.0,0.0,Test
DTXSID0047169,0.7142857142857143,0.679418817906026,3.509985754956849,Test
DTXSID8026068,0.5227272727272727,0.4827847076935223,2.6229754097208002,Test
DTXSID4040979,0.7125,0.7066270330540798,6.381222453417527,Test
DTXSID7044633,0.6615384615384615,0.5586382843902089,4.368065933568311,Test
DTXSID1025512,0.6379310344827587,0.5282464596790456,3.168595903550972,Test
DTXSID0057702,0.7790697674418605,0.7226579001726471,6.16765757804371,Test
DTXSID1026902,0.26666666666666666,0.10666666666666666,0.8,Test
DTXSID3020708,0.5185185185185185,0.459985754985755,2.6832815729997477,Test
DTXSID0047327,0.735632183908046,0.7150400422033907,6.761656601750786,Test
DTXSID4027236,0.4827586206896552,0.4159491600353669,2.545584412271571,Test
DTXSID4046529,0.5666666666666667,0.4984130515387468,3.1811947441173736,Test
DTXSID8047137,0.3974358974358974,0.323836710603974,3.682390527904394,Test
DTXSID9040265,0.5769230769230769,0.5408018744868379,4.214261501141096,Test
DTXSID9040760,0.7386363636363636,0.6693264198488079,5.302829433425141,Test
DTXSID1032511,0.75,0.6842510121457489,2.3065125189341593,Test
DTXSID5020023,0.7368421052631579,0.7340350877192983,2.2627416997969525,Test
DTXSID9025746,0.5,0.47085346215780993,2.95296461204668,Test
DTXSID8027795,0.7368421052631579,0.6293288297371782,3.0528675044947495,Test
DTXSID8042052,0.7037037037037037,0.6702377569385243,3.3346664001066135,Test
DTXSID6045119,0.7466666666666667,0.6217026589229978,4.5431266766402185,Test
DTXSID7021314,0.6086956521739131,0.5497584541062801,2.4413111231467406,Test
DTXSID4045343,0.4523809523809524,0.3752626742396563,3.2557641192199416,Test
DTXSID0021886,0.7307692307692307,0.7030982905982907,2.6981475126464085,Test
DTXSID3020384,0.2898550724637681,0.24159674548690568,2.04939015319192,Test
DTXSID1044439,0.42857142857142855,0.4201058201058201,2.5377155080899043,Test
DTXSID4041604,0.20833333333333334,0.1362977602108037,1.3856406460551018,Test
DTXSID8046117,0.5714285714285714,0.5352239192408863,3.0,Test
DTXSID8047890,0.4666666666666667,0.45999999999999996,2.0976176963403033,Test
DTXSID8040694,0.2903225806451613,0.23657238201175906,1.50996688705415,Test
DTXSID3045695,0.625,0.5881118881118882,3.4871191548325386,Test
DTXSID9020663,0.5294117647058824,0.44873949579831934,1.5362291495737217,Test
DTXSID7048744,0.6666666666666666,0.5497435897435897,2.039607805437114,Test
DTXSID3057698,0.6730769230769231,0.6569986374334199,4.919349550499538,Test
DTXSID2032554,0.6166666666666667,0.5542145593869732,4.795831523312719,Test
DTXSID3046619,0.676923076923077,0.5100062008534975,4.044749683231337,Test
DTXSID1020275,0.5789473684210527,0.41587524366471734,1.876166303929372,Test
DTXSID4026927,0.3333333333333333,0.11666666666666665,0.6324555320336759,Test
DTXSID2045941,0.7083333333333334,0.688231659783384,4.358898943540674,Test
DTXSID6020430,0.4444444444444444,0.41353174603174603,1.4142135623730951,Test
DTXSID7020843,0.3103448275862069,0.23526876267748476,1.6248076809271923,Test
DTXSID2048662,0.717391304347826,0.693169797403207,3.6,Test
DTXSID0047111,0.7058823529411765,0.6906275296951379,4.613025037868319,Test
DTXSID5033701,0.4166666666666667,0.32333333333333336,1.661324772583615,Test
DTXSID2021492,0.55,0.5144047976011994,2.0591260281974,Test
DTXSID0022935,0.6956521739130435,0.6670289855072464,3.286335345030997,Test
DTXSID9026059,0.5,0.45734265734265733,1.4142135623730951,Test
DTXSID2021311,0.4166666666666667,0.38359420289855073,1.886796226411321,Test
DTXSID5024344,0.71875,0.6447672384365932,3.509985754956849,Test
DTXSID4044404,0.6666666666666666,0.5889921842863018,1.876166303929372,Test
DTXSID0048894,0.5,0.45575952031887806,3.03315017762062,Test
DTXSID0021543,0.0,0.0,0.0,Test
DTXSID5044154,0.6111111111111112,0.48847153804050353,1.9697715603592212,Test
DTXSID7044506,0.36666666666666664,0.3276190476190476,1.854723699099141,Test
DTXSID0041513,0.6666666666666666,0.6359172387490465,3.0199337741083,Test
DTXSID4047838,0.5454545454545454,0.4897417525003732,3.1559467676119,Test
DTXSID0040757,0.7272727272727273,0.6511497238822139,4.512205669071391,Test
DTXSID8047684,0.4594594594594595,0.4210693810693811,2.814249455894058,Test
DTXSID4045769,0.5147058823529411,0.418082143457491,4.2047592083257275,Test
DTXSID2032891,0.5416666666666666,0.4928528138528138,2.0591260281974,Test
DTXSID5048974,0.7317073170731707,0.623287209361384,5.039841267341662,Test
DTXSID1046215,0.45454545454545453,0.36702391811087465,2.638181191654584,Test
DTXSID5044786,0.7049180327868853,0.6972034296193054,5.015974481593782,Test
DTXSID7040788,0.5,0.4539408866995074,2.705549851693737,Test
DTXSID5022934,0.7560975609756098,0.6220147573063632,5.542562584220408,Test
DTXSID2022331,0.5714285714285714,0.44825028755463536,2.0591260281974,Test
DTXSID5040540,0.7291666666666666,0.6975758908214449,4.525483399593904,Test
DTXSID8022113,0.7142857142857143,0.6600140056022409,2.821347195933177,Test
DTXSID3041661,0.5555555555555556,0.46473429951690814,2.23606797749979,Test
DTXSID3041530,0.6341463414634146,0.5915719461932556,4.049691346263317,Test
DTXSID2042060,0.6451612903225806,0.46412512218963825,2.6832815729997477,Test
DTXSID3041580,0.6842105263157895,0.6259177355152586,2.3151673805580453,Test
DTXSID5046803,0.6923076923076923,0.6748698609163725,3.852272056851645,Test
DTXSID3022611,0.6170212765957447,0.5199812670171283,2.569046515733026,Test
DTXSID4025903,0.6666666666666666,0.651958351578845,3.52703841770968,Test
DTXSID3034872,0.6944444444444444,0.6498985559135935,3.6986484017813863,Test
DTXSID0048848,0.7058823529411765,0.6857124006080364,3.4058772731852804,Test
DTXSID4046600,0.5606060606060606,0.4572796175835334,4.054626986542659,Test
DTXSID2045232,0.6481481481481481,0.4423003875521038,3.627671429443411,Test
DTXSID6044802,0.32142857142857145,0.21843956043956042,2.0297783130184444,Test
DTXSID3045221,0.7719298245614035,0.7464482422575769,4.711687595755899,Test
DTXSID6020064,0.41379310344827586,0.4027586206896552,2.349468024894146,Test
DTXSID3025209,0.66,0.5791811366055856,4.004996878900157,Test
DTXSID1031591,0.625,0.5622994652406417,2.349468024894146,Test
DTXSID8022111,0.4375,0.4120400432900433,2.433105012119288,Test
DTXSID8024608,0.41379310344827586,0.3635331143951833,2.029778313018444,Test
DTXSID0045670,0.775,0.7500172034987356,4.113392760240627,Test
DTXSID3044415,0.7307692307692307,0.6332177626295274,3.0854497241083028,Test
DTXSID8022406,0.39285714285714285,0.3221887431564851,1.9899748742132402,Test
DTXSID2057782,0.5,0.4326961107448913,3.026549190084311,Test
DTXSID3029287,0.7619047619047619,0.7317799422799423,3.2680269276736382,Test
DTXSID3026304,0.43478260869565216,0.37648033126294,1.854723699099141,Test
DTXSID5041437,0.64,0.522824016563147,2.383275057562597,Test
DTXSID1041261,0.6956521739130435,0.5930265386787126,2.90516780926679,Test
DTXSID8021141,0.38461538461538464,0.3622377622377622,1.0,Test
DTXSID1025017,0.56,0.4886301067353699,2.4819347291981715,Test
DTXSID4022731,0.6666666666666666,0.6302021172921088,3.1937438845342627,Test
DTXSID7047271,0.7341772151898734,0.6422095471872449,5.2839379254491625,Test
DTXSID5020861,0.4583333333333333,0.3944729907773386,1.8973665961010278,Test
DTXSID0020862,0.6,0.5723737373737374,3.88329756778952,Test
DTXSID4052186,0.6,0.5626900584795321,2.545584412271571,Test
DTXSID1040661,0.5517241379310345,0.46626279770790724,2.4738633753705965,Test
DTXSID8037756,0.5,0.46187600644122384,2.3748684174075834,Test
DTXSID5047900,0.42857142857142855,0.2704761904761904,1.4832396974191326,Test
DTXSID1026954,0.5666666666666667,0.502456486042693,2.6457513110645907,Test
DTXSID5052672,0.47368421052631576,0.35247208931419455,2.505992817228334,Test
DTXSID5027019,0.23076923076923078,0.08615384615384616,0.6324555320336759,Test
DTXSID7046467,0.723404255319149,0.7066463049647675,7.174956445860839,Test
DTXSID2026600,0.6666666666666666,0.6212280701754386,3.304542328371661,Test
DTXSID1020069,0.59375,0.561352892102336,3.013303834663873,Test
DTXSID6043919,0.5789473684210527,0.4234817813765182,1.7435595774162695,Test
DTXSID5020283,0.47368421052631576,0.4101913875598086,1.949358868961793,Test
DTXSID1021958,0.36363636363636365,0.3118056137410976,1.9697715603592212,Test
DTXSID8029236,0.16666666666666666,0.03333333333333333,0.4,Test
DTXSID0024501,0.7115384615384616,0.6944986750837815,4.715930449020639,Test
DTXSID4047624,0.35294117647058826,0.29925202839756593,2.2627416997969525,Test
DTXSID6042579,0.6716417910447762,0.5510181439309989,3.8157568056677826,Test
DTXSID6020981,0.6666666666666666,0.6346783625730994,2.489979919597747,Test
DTXSID3044839,0.6666666666666666,0.5844372294372294,2.734958866235469,Test
DTXSID4022783,0.5507246376811594,0.46203720431241857,3.5327043465311387,Test
DTXSID5023908,0.4782608695652174,0.37985933503836317,1.9183326093250879,Test
DTXSID4020458,0.5777777777777777,0.4493671289654072,2.513961017995307,Test
DTXSID6025272,0.375,0.3207228116710875,2.107130750570548,Test
DTXSID9029194,0.4666666666666667,0.4533333333333333,1.7549928774784245,Test
DTXSID6026955,0.6285714285714286,0.5754285714285714,3.0724582991474434,Test
DTXSID2022123,0.375,0.3361001317523057,2.2,Test
DTXSID7041671,0.6451612903225806,0.3806451612903226,2.2181073012818833,Test
DTXSID1046421,0.42857142857142855,0.3955411255411255,1.7204650534085253,Test
DTXSID4024696,0.21739130434782608,0.17147826086956522,1.8439088914585775,Test
DTXSID4057712,0.5538461538461539,0.4965343826011078,4.77493455452533,Test
DTXSID6047070,0.7333333333333333,0.6569607843137255,1.8654758106177631,Test
DTXSID5020948,0.6666666666666666,0.6371865480482148,4.6604720790924175,Test
DTXSID4049377,0.7272727272727273,0.6956388903212499,4.2,Test
DTXSID8044410,0.5925925925925926,0.545437317183702,2.9664793948382653,Test
DTXSID1052294,0.5172413793103449,0.4887385269962811,2.749545416973504,Test
DTXSID9048695,0.6458333333333334,0.5700816075816075,3.622154055254967,Test
DTXSID7045364,0.5303030303030303,0.4325430432015162,3.2186953878862163,Test
DTXSID3044465,0.5428571428571428,0.4717972350230414,2.7928480087537886,Test
DTXSID3044382,0.71875,0.6370511433011433,3.3045423283716615,Test
DTXSID6023159,0.7105263157894737,0.6805157834552075,4.516635916254486,Test
DTXSID4025165,0.4482758620689655,0.3751624187906047,1.876166303929372,Test
DTXSID2024163,0.4722222222222222,0.3721278421278421,2.2891046284519194,Test
DTXSID6021618,0.42857142857142855,0.3864350483276315,1.7088007490635062,Test
DTXSID0022640,0.7450980392156863,0.6417579494837556,6.359245238233858,Test
DTXSID2025503,0.5217391304347826,0.4451980489445799,3.2984845004941286,Test
DTXSID3022825,0.6931818181818182,0.5684167253934695,5.21536192416212,Test
DTXSID0040674,0.45454545454545453,0.3186832635242759,2.6832815729997477,Test
DTXSID6025640,0.5526315789473685,0.49474850589401675,2.932575659723036,Test
DTXSID6030607,0.6818181818181818,0.6186824769433464,2.0976176963403033,Test
DTXSID8037750,0.5128205128205128,0.44392469392469386,2.891366458960192,Test
DTXSID9044748,0.6129032258064516,0.5901538127344579,3.538361202590827,Test
DTXSID2044979,0.6071428571428571,0.563452380952381,2.4979991993593593,Test
DTXSID0047167,0.5714285714285714,0.5054945054945055,1.854723699099141,Test
DTXSID5027227,0.7222222222222222,0.6899810131389079,2.6907248094147422,Test
DTXSID6044696,0.7222222222222222,0.6497365716720556,4.064480286580316,Test
DTXSID4034609,0.7692307692307693,0.7540950226244344,5.582114294781145,Test
DTXSID0022432,0.4090909090909091,0.32372294372294375,1.6733200530681513,Test
DTXSID5057676,0.6842105263157895,0.6488324705782923,5.165268628057984,Test
DTXSID6047157,0.717391304347826,0.6715023298640547,4.180908992073375,Test
DTXSID5021419,0.42105263157894735,0.22349624060150375,1.6,Test
DTXSID8022080,0.6764705882352942,0.6152941176470588,2.4000000000000004,Test
DTXSID9026718,0.5,0.4702898550724638,2.227105745132009,Test
DTXSID1036541,0.5737704918032787,0.41271574678814266,3.0199337741083,Test
DTXSID1045324,0.6744186046511628,0.6329166821210884,4.467661580737736,Test
DTXSID4042171,0.5161290322580645,0.469259476485283,2.6,Test
DTXSID9034816,0.6976744186046512,0.5605535813353726,3.2496153618543846,Test
DTXSID9040215,0.71875,0.7090407470288624,4.256759330758553,Test
DTXSID6026298,0.45,0.3943790849673202,1.4000000000000001,Test
DTXSID4023179,0.6,0.5609056412850999,4.849742261192857,Test
DTXSID0020440,0.4166666666666667,0.2558823529411765,1.9390719429665317,Test
DTXSID6022892,0.7761194029850746,0.7652740814002278,6.222539674441618,Test
DTXSID3021807,0.4375,0.42821428571428566,1.4832396974191326,Test
DTXSID1057791,0.7272727272727273,0.699599166265833,5.203844732503075,Test
DTXSID3026065,0.4098360655737705,0.3273366729490706,3.2310988842807027,Test
DTXSID5047037,0.7619047619047619,0.715007215007215,5.716642371182582,Test
DTXSID0046016,0.65,0.6057936507936508,1.9390719429665317,Test
DTXSID5045590,0.6635514018691588,0.5209748096489049,4.8166378315169185,Test
DTXSID2025137,0.38461538461538464,0.3424468864468865,1.854723699099141,Test
DTXSID5047322,0.7325581395348837,0.6919418480195925,5.7306195127577615,Test
DTXSID8047892,0.5,0.4214743589743589,1.697056274847714,Test
DTXSID2047642,0.4883720930232558,0.43631343194954686,3.111269837220809,Test
DTXSID9044827,0.5217391304347826,0.4139986824769434,2.1725560982400434,Test
DTXSID8044383,0.5909090909090909,0.5204040404040404,1.876166303929372,Test
DTXSID3044887,0.41379310344827586,0.3918908677529367,2.6457513110645907,Test
DTXSID6023602,0.38461538461538464,0.36886446886446883,1.6970562748477143,Test
DTXSID3032547,0.7659574468085106,0.7609381578231371,4.317406628984581,Test
DTXSID6041422,0.6470588235294118,0.5081699346405228,2.8495613697550017,Test
DTXSID4037580,0.7142857142857143,0.6837535014005602,3.5496478698597698,Test
DTXSID1047817,0.7358490566037735,0.7011290447316332,5.299056519796709,Test
DTXSID3042269,0.5555555555555556,0.49777777777777776,3.4292856398964497,Test
DTXSID3020380,0.6,0.5273094201396089,4.09878030638384,Test
DTXSID2022753,0.62,0.5848049439088239,5.656854249492381,Test
DTXSID6042369,0.6444444444444445,0.5732191198307824,3.954743986657038,Test
DTXSID2021236,0.5263157894736842,0.4803960547667641,2.814249455894058,Test
DTXSID6041719,0.7162162162162162,0.6430810865593475,5.039841267341661,Test
DTXSID9045348,0.5681818181818182,0.5248460624116037,4.09878030638384,Test
DTXSID3027530,0.5172413793103449,0.4615458771854767,2.6,Test
DTXSID0045462,0.711864406779661,0.596957103104333,4.17612260356422,Test
DTXSID3046748,0.6349206349206349,0.6152646460420125,5.276362383309168,Test
DTXSID7025005,0.5652173913043478,0.5068616600790514,2.078460969082653,Test
DTXSID2024666,0.46153846153846156,0.34294871794871795,1.2000000000000002,Test
DTXSID4048802,0.7391304347826086,0.6618247009551357,5.506359959174482,Test
DTXSID4024484,0.6060606060606061,0.5128205128205129,2.9597297173897488,Test
DTXSID3049203,0.07692307692307693,0.07692307692307693,1.0,Test
DTXSID5052884,0.5789473684210527,0.5312025122093772,2.2891046284519194,Test
DTXSID1020221,0.43478260869565216,0.36170399648660523,1.854723699099141,Test
DTXSID0045626,0.5172413793103449,0.4707642931780863,2.5612496949731396,Test
DTXSID9048194,0.5,0.4276532835356365,2.280350850198276,Test
DTXSID0047244,0.6818181818181818,0.6333273393860747,2.95296461204668,Test
DTXSID1044691,0.6774193548387096,0.6588350296130182,4.019950248448356,Test
DTXSID9025293,0.4482758620689655,0.40861169415292353,2.0591260281974,Test
DTXSID6047280,0.7192982456140351,0.6801475750333744,4.707440918375928,Test
DTXSID4044668,0.6071428571428571,0.5842955716010745,3.4985711369071804,Test
DTXSID7027467,0.5882352941176471,0.5093206873392632,1.8330302779823362,Test
DTXSID3030636,0.7529411764705882,0.44673276709294607,3.8626415831655936,Test
DTXSID1046348,0.6206896551724138,0.5973405454135677,3.4292856398964497,Test
DTXSID8020545,0.6666666666666666,0.5765201465201465,2.0199009876724157,Test
DTXSID3038939,0.6363636363636364,0.48814229249011853,2.545584412271571,Test
DTXSID5020443,0.4523809523809524,0.3078266178266178,2.154065922853802,Test
DTXSID3025122,0.3333333333333333,0.22906604747162024,1.4966629547095767,Test
DTXSID7046417,0.6428571428571429,0.601958401958402,4.034848200366403,Test
DTXSID7023356,0.75,0.7233365384615384,5.2497618993626745,Test
DTXSID4026505,0.42857142857142855,0.39571428571428574,1.7663521732655694,Test
DTXSID4024692,0.5862068965517241,0.5409593280282936,3.0789608636681307,Test
DTXSID9025370,0.5357142857142857,0.46628332367429726,2.8000000000000003,Test
DTXSID7021655,0.2222222222222222,0.2130718954248366,1.9078784028338913,Test
DTXSID3027823,0.7391304347826086,0.6879726247987119,3.249615361854384,Test
DTXSID1026615,0.23809523809523808,0.17761904761904762,1.2328828005937953,Test
DTXSID8048947,0.6794871794871795,0.6505690102458214,6.06630035524124,Test
DTXSID3023425,0.7358490566037735,0.7236517185153055,5.4845236803208355,Test
DTXSID2032344,0.6818181818181818,0.6355699855699855,3.577708763999664,Test
DTXSID2048581,0.6043956043956044,0.5515259229136438,6.164414002968976,Test
DTXSID5025079,0.7058823529411765,0.680306905370844,2.4331050121192876,Test
DTXSID1027768,0.65,0.5959649122807018,2.3748684174075834,Test
DTXSID8042507,0.4166666666666667,0.3943214756258234,1.8,Test
DTXSID3046792,0.7083333333333334,0.6643077006625394,4.732863826479693,Test
DTXSID0026125,0.65,0.5688157894736843,2.154065922853802,Test
DTXSID2022125,0.38095238095238093,0.30476190476190473,2.2627416997969525,Test
DTXSID2048660,0.7654320987654321,0.7355801142881352,6.122091146005587,Test
DTXSID9049247,0.625,0.45568336681239907,2.4576411454889016,Test
DTXSID7048790,0.75,0.7320615017166741,5.582114294781145,Test
DTXSID2048957,0.7115384615384616,0.7050203265257791,6.359245238233858,Test
DTXSID9047255,0.7333333333333333,0.6946237272182767,4.853864439804639,Test
DTXSID3027037,0.7647058823529411,0.716172170622635,2.4738633753705965,Test
DTXSID4041494,0.6419753086419753,0.608790632341357,4.787483681434329,Test
DTXSID7020007,0.5454545454545454,0.3606426332288401,3.2186953878862163,Test
DTXSID3046740,0.6619718309859155,0.5537785285611458,5.0,Test
DTXSID6040664,0.6818181818181818,0.655790251682421,4.1085277168348275,Test
DTXSID0046727,0.7195121951219512,0.7054689640405511,5.141984052872976,Test
DTXSID0041197,0.2608695652173913,0.12742474916387958,1.0392304845413265,Test
DTXSID7023932,0.5952380952380952,0.5765567765567765,4.534313619501853,Test
DTXSID1021823,0.39285714285714285,0.36999078341013825,2.039607805437114,Test
DTXSID2032005,0.5185185185185185,0.4303703703703704,4.24735211631906,Test
DTXSID9023386,0.7864077669902912,0.7838366830835202,7.3293928807234785,Test
DTXSID6052112,0.631578947368421,0.5539175994284353,2.553429066960741,Test
DTXSID4048852,0.75,0.7006680224717481,5.6142675390472805,Test
DTXSID3020679,0.59375,0.5631465517241379,3.4351128074635335,Test
DTXSID3049049,0.7586206896551724,0.750403034613561,5.851495535331118,Test
DTXSID0023618,0.7272727272727273,0.6432688486544056,4.064480286580316,Test
DTXSID4048193,0.5238095238095238,0.43915732959850606,1.9183326093250879,Test
DTXSID7021366,0.5357142857142857,0.441055181377762,2.3151673805580453,Test
DTXSID0047290,0.7021276595744681,0.6745449574628907,4.686149805543993,Test
DTXSID2047858,0.6842105263157895,0.5478210413240612,4.029888335921977,Test
DTXSID2049347,0.6111111111111112,0.4916708437761069,2.553429066960741,Test
DTXSID3044542,0.5172413793103449,0.46498673740053054,2.8495613697550017,Test
DTXSID5020281,0.44,0.40442512077294684,2.280350850198276,Test
DTXSID6024915,0.16666666666666666,0.03333333333333333,0.4,Test
DTXSID5027142,0.625,0.6023291925465839,2.734958866235469,Test
DTXSID8027244,0.6,0.5418253968253969,2.2715633383201093,Test
DTXSID7028013,0.5555555555555556,0.5392488089262283,3.0199337741083,Test
DTXSID8057720,0.47368421052631576,0.44468349928876244,2.6,Test
DTXSID3021982,0.19047619047619047,0.19047619047619047,2.0,Test
DTXSID9057682,0.72,0.7124314510596974,5.422176684690384,Test
DTXSID4025371,0.7333333333333333,0.7106349206349207,2.3323807579381204,Test
DTXSID6047446,0.62,0.5655636313004735,3.8781438859330635,Test
DTXSID1022897,0.7155963302752294,0.60638438044289,5.546169849544819,Test
DTXSID5032577,0.625,0.6011290322580646,5.628498911788116,Test
DTXSID5045205,0.4918032786885246,0.45264637002341923,3.7040518354904273,Test
DTXSID1046267,0.6896551724137931,0.5907004442939463,3.9140771581561853,Test
DTXSID6046503,0.6333333333333333,0.6046544980443286,4.494441010848846,Test
DTXSID6057663,0.6511627906976745,0.5625557904627673,3.1496031496047245,Test
DTXSID6025145,0.48,0.4408136645962733,1.8330302779823362,Test
DTXSID5034303,0.696969696969697,0.6109131701631701,4.651881339845203,Test
DTXSID2020507,0.5,0.4583732057416269,1.9697715603592212,Test
DTXSID3048819,0.72,0.7040219780219781,4.728636167014756,Test
DTXSID5021590,0.0,0.0,0.0,Test
DTXSID1022267,0.6923076923076923,0.5720094845731518,2.8844410203711917,Test
DTXSID8046799,0.6785714285714286,0.6295238095238096,3.566510900025402,Test
DTXSID8029280,0.75,0.7152328152328152,4.47213595499958,Test
DTXSID4041280,0.6785714285714286,0.58991341991342,2.785677655436824,Test
DTXSID5041851,0.7333333333333333,0.6281531531531532,3.6878177829171555,Test
DTXSID9047548,0.7058823529411765,0.6111764705882352,2.842534080710379,Test
DTXSID2044844,0.4166666666666667,0.4033333333333333,2.4166091947189146,Test
DTXSID4040765,0.5384615384615384,0.46275113122171946,1.9183326093250879,Test
DTXSID6046260,0.7241379310344828,0.7002246085394028,3.3346664001066135,Test
DTXSID5020441,0.4166666666666667,0.3241991341991342,2.4819347291981715,Test
DTXSID9047461,0.5652173913043478,0.5368502415458938,2.5219040425836985,Test
DTXSID2027254,0.5217391304347826,0.45953177257525085,2.253885533916929,Test
DTXSID9036690,0.4838709677419355,0.4721075268817204,2.181742422927143,Test
DTXSID2044395,0.0,0.0,0.0,Test
DTXSID4048937,0.4444444444444444,0.32283406016243243,2.7928480087537886,Test
DTXSID0045888,0.7192982456140351,0.657485380116959,3.435112807463534,Test
DTXSID2020058,0.6730769230769231,0.6515346540922936,4.613025037868319,Test
DTXSID4051619,0.42857142857142855,0.3707817672523555,1.7204650534085253,Test
DTXSID1037197,0.6779661016949152,0.5797649475814979,4.312771730569565,Test
DTXSID2044476,0.43333333333333335,0.3438095238095238,2.28910462845192,Test
DTXSID6023862,0.7419354838709677,0.6079797005528439,3.5552777669262356,Test
DTXSID2021816,0.46153846153846156,0.4431839464882944,2.6832815729997477,Test
DTXSID4040264,0.6875,0.6410087719298245,2.32379000772445,Test
DTXSID8047424,0.6153846153846154,0.5720106100795757,2.870540018881465,Test
DTXSID2044266,0.627906976744186,0.4963408757594804,2.918903903865285,Test
DTXSID3046297,0.5555555555555556,0.5105263157894737,3.566510900025402,Test
DTXSID2022595,0.72,0.7070280830280831,4.795831523312719,Test
DTXSID0052590,0.6470588235294118,0.6212043274890111,3.388214869219483,Test
DTXSID3047631,0.6363636363636364,0.5435542398777693,2.1447610589527217,Test
DTXSID1044720,0.6153846153846154,0.6032775919732442,2.814249455894058,Test
DTXSID4027529,0.5882352941176471,0.5398692810457517,2.039607805437114,Test
DTXSID7024370,0.625,0.5934923771880294,2.513961017995307,Test
DTXSID7046706,0.6451612903225806,0.5329322409967571,2.842534080710379,Test
DTXSID7044893,0.52,0.4576503496503497,2.4083189157584592,Test
DTXSID1044489,0.6923076923076923,0.639305545029683,2.898275349237888,Test
DTXSID7027205,0.8571428571428571,0.6681318681318682,2.078460969082653,Test
DTXSID9048728,0.7073170731707317,0.6957691373609217,4.591296113299598,Test
DTXSID2029325,0.6521739130434783,0.6343236714975845,4.4362146025637665,Test
DTXSID1044221,0.7526881720430108,0.7418995845940817,6.693280212272605,Test
DTXSID3021772,0.7692307692307693,0.7575702917771883,3.509985754956849,Test
DTXSID2047064,0.4782608695652174,0.43086290188239207,2.2538855339169293,Test
DTXSID8028008,0.6052631578947368,0.5904101469890943,3.9849717690342548,Test
DTXSID4020539,0.625,0.566501976284585,2.7129319932501077,Test
DTXSID6021581,0.6666666666666666,0.5748484848484848,2.505992817228334,Test
DTXSID6046555,0.673469387755102,0.5976425954997384,4.219004621945797,Test
DTXSID9048855,0.7045454545454546,0.6844856863724789,4.166533331199932,Test
DTXSID2040236,0.7142857142857143,0.6876795044036423,3.358571124749333,Test
DTXSID3049330,0.5185185185185185,0.4743558776167472,2.569046515733026,Test
DTXSID8048814,0.5074626865671642,0.4884609281180306,4.2895221179054435,Test
DTXSID7046675,0.723404255319149,0.6974581234406705,7.0285133563222315,Test
DTXSID2032550,0.7,0.6835536839874994,5.761944116355173,Test
DTXSID1025807,0.5,0.47725609818633075,2.6907248094147422,Test
DTXSID4052213,0.5151515151515151,0.4431378299120235,2.4979991993593593,Test
DTXSID1046136,0.6511627906976745,0.5669066422327909,4.089009660052175,Test
DTXSID3040300,0.5,0.41500000000000004,1.8110770276274832,Test
DTXSID3020629,0.575,0.4728848622494322,3.504283093587046,Test
DTXSID0049313,0.65625,0.6327662193909822,3.452535300326414,Test
DTXSID7044500,0.5555555555555556,0.3512840071192474,1.7663521732655694,Test
DTXSID7044396,0.3125,0.17954545454545454,0.959166304662544,Test
DTXSID8045804,0.39622641509433965,0.3398279041903482,2.8495613697550017,Test
DTXSID3024316,0.7333333333333333,0.6764732430689877,3.944616584663204,Test
DTXSID1023102,0.627906976744186,0.5238000188306187,3.3406586176980135,Test
DTXSID5025657,0.5588235294117647,0.4955161993112657,2.734958866235469,Test
DTXSID2026991,0.6842105263157895,0.6146198830409356,2.08806130178211,Test
DTXSID7032638,0.7323943661971831,0.712675976933844,5.347896782848375,Test
DTXSID1045952,0.7980769230769231,0.7262361516975717,5.8991524815010505,Test
DTXSID7022914,0.7058823529411765,0.6914939309056957,4.09878030638384,Test
DTXSID7047190,0.22580645161290322,0.08114012630141662,0.8485281374238571,Test
DTXSID6049018,0.5833333333333334,0.557814720090935,2.5298221281347035,Test
DTXSID0022191,0.6111111111111112,0.5076170287934995,2.7928480087537886,Test
DTXSID7048871,0.6222222222222222,0.5258730158730158,3.0133038346638727,Test
DTXSID4020400,0.5,0.4450682382133995,2.3579652245103193,Test
DTXSID5045201,0.7045454545454546,0.659441355230829,3.9698866482558417,Test
DTXSID9023205,0.726027397260274,0.6764925179714945,5.102940328869229,Test
DTXSID1037515,0.6888888888888889,0.6686146572104018,4.538722287164087,Test
DTXSID6035152,0.7272727272727273,0.6715854978354979,3.3823069050575527,Test
DTXSID3025045,0.34782608695652173,0.23915396198004896,1.3711309200802089,Test
DTXSID6046478,0.6266666666666667,0.5289582016157359,4.69041575982343,Test
DTXSID9023835,0.7415730337078652,0.6840507619454342,6.462197768561405,Test
DTXSID8044547,0.5555555555555556,0.5163398692810457,3.7841775856849003,Test
DTXSID4042337,0.46153846153846156,0.3878921078921079,1.6370705543744901,Test
DTXSID5025021,0.6060606060606061,0.5776091800356506,3.0463092423455636,Test
DTXSID9049035,0.6808510638297872,0.6447501653081742,4.340506882842141,Test
DTXSID3022536,0.43478260869565216,0.34650444008764847,1.661324772583615,Test
DTXSID4024193,0.45,0.39847985347985343,2.7712812921102037,Test
DTXSID6045828,0.6206896551724138,0.5602668170793822,4.551922670696417,Test
DTXSID8041797,0.62,0.45694356204020076,3.124099870362662,Test
DTXSID1020728,0.65,0.5964189886480908,2.592296279363144,Test
DTXSID2024454,0.4444444444444444,0.3908434415664671,2.1725560982400434,Test
DTXSID1024629,0.6666666666666666,0.5940947139089554,3.6932370625238775,Test
DTXSID0024399,0.5555555555555556,0.4825396825396826,1.7776388834631178,Test
DTXSID7052446,0.56,0.5378929476320781,2.4738633753705965,Test
DTXSID3032832,0.5789473684210527,0.5571937417811694,2.4000000000000004,Test
DTXSID7022382,0.5454545454545454,0.5372482589873894,2.5845695966640174,Test
DTXSID8027113,0.65,0.6480645161290323,3.0659419433511785,Test
DTXSID6035156,0.3333333333333333,0.30750158127767235,1.7663521732655696,Test
DTXSID4044820,0.4857142857142857,0.43152526911147604,2.898275349237888,Test
DTXSID5021388,0.5454545454545454,0.5056587213599408,2.5219040425836985,Test
DTXSID0026913,0.0,0.0,0.0,Test
DTXSID2025840,0.5454545454545454,0.51152005888848,2.4248711305964283,Test
DTXSID0021597,0.0,0.0,0.0,Test
DTXSID1022396,0.5609756097560976,0.4404554443578833,2.615339366124404,Test
DTXSID0021888,0.5,0.4605503955968352,1.8330302779823362,Test
DTXSID0057750,0.6585365853658537,0.628245593711057,3.794733192202055,Test
DTXSID5021128,0.6071428571428571,0.5324542124542124,2.95296461204668,Test
DTXSID3044881,0.5454545454545454,0.494289184952978,2.9189039038652846,Test
DTXSID6047159,0.5833333333333334,0.5457357357357357,2.9933259094191533,Test
DTXSID3026851,0.631578947368421,0.5795843776106935,2.3151673805580453,Test
DTXSID6029331,0.6764705882352942,0.6668730650154799,4.242640687119285,Test
DTXSID0023371,0.5633802816901409,0.4768935629693279,4.190465367951393,Test
DTXSID2020347,0.6153846153846154,0.5305429864253395,3.4351128074635335,Test
DTXSID3021641,0.0,0.0,0.0,Test
DTXSID2052447,0.5555555555555556,0.47058225273328247,2.0976176963403033,Test
DTXSID4047331,0.7307692307692307,0.7182021919542902,6.431174076325411,Test
DTXSID9025794,0.5151515151515151,0.4903225806451613,3.174901573277509,Test
DTXSID7041544,0.7169811320754716,0.6753247295236549,4.209513035969838,Test
DTXSID8057691,0.5,0.4420634920634921,2.1725560982400434,Test
DTXSID3020918,0.55,0.4327513227513228,2.1166010488516727,Test
DTXSID2045868,0.6086956521739131,0.4654931583617429,2.891366458960192,Test
DTXSID1057824,0.4342105263157895,0.3439204365428622,3.655133376499413,Test
DTXSID7049398,0.75,0.6958840821340821,3.5608987629529714,Test
DTXSID3047558,0.5294117647058824,0.5265597147950088,3.9140771581561853,Test
DTXSID4032376,0.5925925925925926,0.3859427609427609,3.6660605559646724,Test
DTXSID8047052,0.675,0.5799234259784459,4.044749683231337,Test
DTXSID0040208,0.8073394495412844,0.7235217285609198,6.743886120034946,Test
DTXSID7041540,0.46875,0.40473901098901094,1.876166303929372,Test
DTXSID8032417,0.6458333333333334,0.5758029853207984,4.3954521951671826,Test
DTXSID7047697,0.5588235294117647,0.5419672734925813,3.5832945734337835,Test
DTXSID2045812,0.6666666666666666,0.6063470526157093,4.454211490264018,Test
DTXSID4047258,0.7792207792207793,0.6914073575600257,5.556977595779922,Test
DTXSID0042242,0.5454545454545454,0.5036923076923077,2.253885533916929,Test
DTXSID5040700,0.6363636363636364,0.5528703180877094,2.6457513110645907,Test
DTXSID5045461,0.5535714285714286,0.5024033040426483,3.6769552621700474,Test
DTXSID1034973,0.7543859649122807,0.6506899402973233,4.58257569495584,Test
DTXSID4032459,0.5142857142857142,0.40805022563643256,2.4083189157584592,Test
DTXSID0021335,0.6851851851851852,0.46052517932952713,3.676955262170047,Test
DTXSID1027269,0.0,0.0,0.0,Test
DTXSID9021718,0.6304347826086957,0.5904215330160253,2.946183972531247,Test
DTXSID7023853,0.4807692307692308,0.35001914543731716,2.877498913987632,Test
DTXSID1027928,0.47058823529411764,0.4478638376171583,3.124099870362662,Test
DTXSID8041242,0.5,0.4658142758142758,3.0983866769659336,Test
DTXSID8047262,0.759493670886076,0.7533273056057866,6.2833112289620034,Test
DTXSID8041957,0.6923076923076923,0.627751012145749,2.3579652245103193,Test
DTXSID1041681,0.64,0.6156511647464469,4.711687595755899,Test
DTXSID1020562,0.8,0.7596338672768879,3.340658617698013,Test
DTXSID9046491,0.6964285714285714,0.5482868077756187,3.8832975677895196,Test
DTXSID4049323,0.5833333333333334,0.5156410256410257,1.6370705543744901,Test
DTXSID3023479,0.5932203389830508,0.4147955857701621,3.4409301068170506,Test
DTXSID0041646,0.7014925373134329,0.6112272438740245,4.804164859785726,Test
DTXSID7046176,0.5333333333333333,0.4925399164824367,3.660601043544625,Test
DTXSID6040404,0.423728813559322,0.2539594947162941,2.28910462845192,Test
DTXSID5023669,0.6862745098039216,0.6444448429867107,3.888444419044716,Test
DTXSID5046851,0.6078431372549019,0.602351296912895,5.157518783291051,Test
DTXSID7044132,0.484375,0.44062331559552287,3.9849717690342548,Test
DTXSID7041756,0.6,0.5385714285714286,3.714835124201342,Test
DTXSID6038877,0.5945945945945946,0.5540099787382828,3.4058772731852804,Test
DTXSID8047927,0.5,0.4833333333333334,2.4413111231467406,Test
DTXSID9047128,0.4090909090909091,0.36842786842786845,2.5690465157330262,Test
DTXSID2026573,0.5918367346938775,0.48874138284076174,3.687817782917155,Test
DTXSID2047935,0.5185185185185185,0.24179894179894176,1.61245154965971,Test
DTXSID3022667,0.2898550724637681,0.24159674548690568,2.04939015319192,Test
DTXSID3038808,0.7894736842105263,0.7366645781119464,2.842534080710379,Test
DTXSID4024773,0.5625,0.5251037942567178,2.8354893757515653,Test
DTXSID1047782,0.6470588235294118,0.6119331322272499,3.4292856398964497,Test
DTXSID0052629,0.5925925925925926,0.5385327635327635,2.898275349237888,Test
DTXSID3044388,0.7037037037037037,0.6250110940433521,2.7422618401604177,Test
DTXSID3024657,0.5384615384615384,0.45586080586080585,1.7088007490635062,Test
DTXSID9021130,0.6111111111111112,0.4737535014005602,2.6981475126464085,Test
DTXSID2049395,0.38461538461538464,0.3076923076923077,1.4142135623730951,Test
DTXSID9045897,0.7368421052631579,0.7042115778957885,2.297825058615212,Test
DTXSID0029559,0.819672131147541,0.7857831666427291,4.935585071701226,Test
DTXSID7022172,0.627906976744186,0.5100900133458273,3.4409301068170506,Test
DTXSID0027432,0.6190476190476191,0.5675752242926155,2.227105745132009,Test
DTXSID7024798,0.6666666666666666,0.5397681704260651,2.181742422927143,Test
DTXSID6024048,0.7241379310344828,0.7048180427490773,4.161730409336962,Test
DTXSID1025776,0.5625,0.5145399587762016,3.0983866769659336,Test
DTXSID8022246,0.6923076923076923,0.5606269263558266,2.4657656011875906,Test
DTXSID0045547,0.7413793103448276,0.7056257585492967,4.591296113299599,Test
DTXSID7029247,0.5714285714285714,0.48610644257703084,2.0297783130184444,Test
DTXSID6027133,0.5833333333333334,0.5310207336523126,2.4248711305964283,Test
DTXSID6024917,0.6111111111111112,0.5814814814814815,2.3065125189341593,Test
DTXSID3020621,0.46774193548387094,0.321812086520801,2.925747767665559,Test
DTXSID4045892,0.7236842105263158,0.6042219082875531,5.102940328869229,Test
DTXSID4044535,0.4827586206896552,0.47851458885941645,2.4,Test
DTXSID9024483,0.5806451612903226,0.5143410373666214,2.90516780926679,Test
DTXSID4042468,0.7297297297297297,0.6404847404847406,3.768288736283355,Test
DTXSID5034773,0.5573770491803278,0.48432450116341774,4.3954521951671826,Test
DTXSID9028120,0.6296296296296297,0.6013838013838014,3.452535300326414,Test
DTXSID0047400,0.5833333333333334,0.5296866447728517,2.898275349237888,Test
DTXSID5025152,0.3333333333333333,0.28137254901960784,1.2806248474865698,Test
DTXSID8044880,0.3157894736842105,0.3106578947368421,1.9078784028338913,Test
DTXSID7027835,0.6666666666666666,0.6035930735930736,2.5612496949731396,Test
DTXSID0020286,0.48,0.4386877470355731,2.06881608655772,Test
DTXSID5020867,0.5,0.4756410256410256,2.4979991993593598,Test
DTXSID9044615,0.3181818181818182,0.24446343130553658,1.3114877048604003,Test
DTXSID8029600,0.6086956521739131,0.5707828860689272,2.749545416973504,Test
DTXSID7045316,0.6666666666666666,0.615123745819398,3.6166282640050254,Test
DTXSID1046633,0.4794520547945205,0.3607807055221991,3.538361202590827,Test
DTXSID5021831,0.45161290322580644,0.4274654377880184,2.4166091947189146,Test
DTXSID7029162,0.7083333333333334,0.587843137254902,3.117691453623979,Test
DTXSID4022658,0.6567164179104478,0.6450295782359287,5.642694391866354,Test
DTXSID1040372,0.6461538461538462,0.629067599067599,4.870318264754368,Test
DTXSID7025269,0.6285714285714286,0.5825733472229578,3.4351128074635335,Test
DTXSID1046180,0.55,0.4884659090909091,3.6331804249169903,Test
DTXSID7023350,0.4426229508196721,0.42292670754960043,3.1432467291003423,Test
DTXSID9022607,0.6938775510204082,0.6539801885666547,4.669047011971501,Test
DTXSID1025063,0.5333333333333333,0.44855800671093027,2.4738633753705965,Test
DTXSID8023846,0.7037037037037037,0.6830118030118031,3.605551275463989,Test
DTXSID7045574,0.6091954022988506,0.5774315627492959,4.955804677345547,Test
DTXSID8057728,0.751937984496124,0.709445069919066,8.027452896155792,Test
DTXSID3044837,0.7560975609756098,0.6349250539651798,3.0854497241083028,Test
DTXSID8042509,0.6486486486486487,0.6047973006177341,3.5608987629529714,Test
DTXSID1044807,0.2,0.1325,1.2165525060596438,Test
DTXSID5045380,0.6507936507936508,0.6028775671522346,5.355371135598354,Test
DTXSID0024896,0.4166666666666667,0.34926110984934516,2.280350850198276,Test
DTXSID7026609,0.6,0.56593653250774,2.23606797749979,Test
DTXSID6041688,0.7450980392156863,0.6866480480054996,4.971921157862422,Test
DTXSID2020399,0.5789473684210527,0.49301685586515304,1.969771560359221,Test
DTXSID1022138,0.5714285714285714,0.4865631469979295,2.3065125189341593,Test
DTXSID0020606,0.34285714285714286,0.2580188762850053,1.6492422502470643,Test
DTXSID9047835,0.5106382978723404,0.4284768659236744,3.0528675044947495,Test
DTXSID7044554,0.6727272727272727,0.6530364873222017,4.8,Test
DTXSID9041524,0.52,0.48765217391304355,2.898275349237888,Test
DTXSID1046558,0.5384615384615384,0.4946488294314381,2.253885533916929,Test
DTXSID7021605,0.08333333333333333,0.08333333333333333,1.0,Test
DTXSID5057753,0.7391304347826086,0.7213872429253116,6.0398675482166,Test
